7.853981633974482790e-02 -6.140921104957897114e-16 -1.468430465439778398e-01
2.356194490192344837e-01 3.157196726277788912e-16 -3.289772682059006748e-01
3.926990816987241395e-01 -1.032160468206200221e-16 -3.959179665398924186e-01
5.497787143782137953e-01 -9.454242944073598665e-16 -4.316607081208123642e-01
7.068583470577034511e-01 -9.176687187917309529e-16 -4.533723427782087034e-01
8.639379797371929959e-01 -3.495467804093266295e-16 -4.491381707509201071e-01
1.021017612416682763e+00 -1.986258379993444123e-16 -4.313320949345249011e-01
1.178097245096172418e+00 -3.738329090730019288e-16 -4.235883377190453603e-01
1.335176877775662074e+00 -4.501607420159814410e-16 -4.235719289120924436e-01
1.492256510455151730e+00 -3.981190377366772282e-16 -4.144960279250870516e-01
1.649336143134641386e+00 -3.590877595271990685e-16 -3.939663684817809042e-01
1.806415775814131042e+00 -6.010816844259636582e-16 -3.750916011478424572e-01
1.963495408493620697e+00 -5.819997261902187802e-16 -3.618537181650289258e-01
2.120575041173110353e+00 -3.807718029769091572e-16 -3.482738445151472018e-01
2.277654673852600009e+00 -3.686287386450715076e-16 -3.335658439096751415e-01
2.434734306532089665e+00 -5.473052566706826383e-16 -3.215438636016628160e-01
2.591813939211579321e+00 -4.857225732735059864e-16 -3.123672148938431148e-01
2.748893571891068976e+00 -2.844946500601963635e-16 -3.014323828522826321e-01
2.905973204570558632e+00 -2.992397996059992238e-16 -2.860618633183759640e-01
3.063052837250048288e+00 -3.538835890992686473e-16 -2.725297282470969806e-01
3.220132469929537500e+00 -4.406197628981090020e-16 -2.640599175857699654e-01
3.377212102609027600e+00 -7.025630077706068732e-17 -2.576485810565872780e-01
3.534291735288517255e+00 1.821459649775647449e-17 -2.498674297068871064e-01
3.691371367968007355e+00 -4.423544863740858091e-17 -2.402495345352073652e-01
3.848451000647496123e+00 1.127570259384924611e-17 -2.317626354644673758e-01
4.005530633326985779e+00 -6.071532165918824830e-18 -2.245474967516983833e-01
4.162610266006476323e+00 -1.127570259384924611e-17 -2.173677987422664715e-01
4.319689898685965979e+00 2.515349040166370287e-17 -2.107122367101674498e-01
4.476769531365454746e+00 4.250072516143177381e-17 -2.047965765282880879e-01
4.633849164044944402e+00 5.811323644522303766e-17 -1.989925071426550396e-01
4.790928796724434946e+00 7.372574772901430151e-17 -1.945897703296046166e-01
4.948008429403924602e+00 4.597017211338538800e-17 -1.906271580842515134e-01
5.105088062083413369e+00 1.379105163401561640e-16 -1.847929215522280677e-01
5.262167694762903025e+00 7.199102425303749442e-17 -1.783653875985630466e-01
5.419247327442393569e+00 2.038300084272748336e-16 -1.735444690285141700e-01
5.576326960121883225e+00 9.974659986866640793e-17 -1.700978899005605727e-01
5.733406592801371993e+00 3.035766082959412415e-17 -1.660616705966110052e-01
5.890486225480861648e+00 -2.515349040166370287e-17 -1.609119769011431167e-01
6.047565858160352192e+00 5.898059818321144121e-17 -1.567103504747510700e-01
6.204645490839841848e+00 6.852157730108388023e-17 -1.542827393348892295e-01
6.361725123519330616e+00 -2.602085213965210642e-18 -1.509394641817710658e-01
6.518804756198821160e+00 -3.035766082959412415e-17 -1.466791099062048909e-01
6.675884388878310816e+00 -2.688821387764050996e-17 -1.439275004816315262e-01
6.832964021557799583e+00 -9.974659986866640793e-17 -1.417757203540152555e-01
6.990043654237290127e+00 -8.586881206085195117e-17 -1.388219090953295709e-01
7.147123286916778895e+00 -1.405126015541213746e-16 -1.357040301061325505e-01
7.304202919596268551e+00 -1.431146867680865853e-16 -1.326229158911839401e-01
7.461282552275759095e+00 -2.706168622523819067e-16 -1.296259663835472309e-01
7.618362184955247862e+00 -1.838806884535415520e-16 -1.271325119494761680e-01
7.775441817634738406e+00 -4.033232081646076495e-16 -1.250841763932858952e-01
7.932521450314228062e+00 -2.983724378680108202e-16 -1.228913601579573051e-01
8.089601082993716830e+00 -3.122502256758252770e-16 -1.203790240960332381e-01
8.246680715673207374e+00 -3.747002708109903324e-16 -1.182098277078489634e-01
8.403760348352696141e+00 -3.512815038853034366e-16 -1.163202028455388032e-01
8.560839981032184909e+00 -2.498001805406602216e-16 -1.140815267640326452e-01
8.717919613711675453e+00 -3.773023560249555430e-16 -1.118814608981103659e-01
8.874999246391165997e+00 -2.107689023311820620e-16 -1.104734184204094471e-01
9.032078879070656541e+00 -1.916869440954371839e-16 -1.090473145562396440e-01
9.189158511750145308e+00 -2.992397996059992238e-16 -1.069566576941967939e-01
9.346238144429634076e+00 -3.269953752216281373e-16 -1.051274620951950789e-01
9.503317777109124620e+00 -2.888314587501383812e-16 -1.036993961511605972e-01
9.660397409788613388e+00 -3.391384395534657870e-16 -1.021992330378000829e-01
9.817477042468102155e+00 -2.177077962350892903e-16 -1.004244061300129387e-01
9.974556675147592699e+00 -2.532696274926138358e-16 -9.846680668715093732e-02
1.013163630782708324e+01 -2.376571162088225719e-16 -9.700207890267656397e-02
1.028871594050657379e+01 -1.543903893619358314e-16 -9.596384864939311310e-02
1.044579557318606255e+01 -1.647987302177966740e-16 -9.472873925503018377e-02
1.060287520586555132e+01 -1.049507702965968292e-16 -9.318813372654476124e-02
1.075995483854504187e+01 -6.331740687315345895e-17 -9.173116029454292386e-02
1.091703447122453063e+01 -1.500535806719938137e-16 -9.067545716825456403e-02
1.107411410390401940e+01 -2.645453300864630819e-16 -8.965706939205145276e-02
1.123119373658350995e+01 -1.526556658859590243e-16 -8.831019766430624196e-02
1.138827336926300049e+01 1.734723475976807094e-18 -8.685981334413021837e-02
1.154535300194249103e+01 -1.786765180256111307e-16 -8.579351943494259447e-02
1.170243263462197980e+01 -7.719519468096791570e-17 -8.490263530442930529e-02
1.185951226730146857e+01 -1.092875789865388469e-16 -8.359410606201286842e-02
1.201659189998095911e+01 -9.454242944073598665e-17 -8.216693760654353307e-02
1.217367153266044788e+01 -6.938893903907228378e-17 -8.122678356522258780e-02
1.233075116533993665e+01 -5.290906601729261638e-17 -8.055005141555109105e-02
1.248783079801942719e+01 -1.066854937725736363e-16 -7.958308887442476498e-02
1.264491043069891774e+01 2.602085213965210642e-18 -7.844874041532121089e-02
1.280199006337840650e+01 5.637851296924623057e-17 -7.764448933007778164e-02
1.295906969605789527e+01 -2.081668171172168513e-17 -7.694705604737275828e-02
1.311614932873738759e+01 1.214306433183764966e-17 -7.595902960009871807e-02
1.327322896141687636e+01 -5.030698080332740574e-17 -7.499605367226284958e-02
1.343030859409636513e+01 -6.245004513516505540e-17 -7.434316194818012258e-02
1.358738822677585389e+01 6.765421556309547668e-17 -7.367789871129416801e-02
1.374446785945534444e+01 -3.556183125752454544e-17 -7.278113069652343559e-02
1.390154749213483498e+01 -3.816391647148975608e-17 -7.186767592129494897e-02
1.405862712481432553e+01 -1.084202172485504434e-16 -7.115704740560595265e-02
1.421570675749381429e+01 -7.979727989493312634e-17 -7.049067747119638905e-02
1.437278639017330306e+01 -1.049507702965968292e-16 -6.961339301854002626e-02
1.452986602285279183e+01 -1.084202172485504434e-16 -6.870084512974428126e-02
1.468694565553228415e+01 -1.344410693882025498e-16 -6.796366914627949285e-02
1.484402528821177292e+01 -1.578598363138894456e-16 -6.725691805808142743e-02
1.500110492089126168e+01 -4.597017211338538800e-17 -6.656511595081060495e-02
1.515818455357075223e+01 -1.275021754842953214e-16 -6.595927612944153806e-02
1.531526418625024100e+01 -1.049507702965968292e-16 -6.531979635906373649e-02
1.547234381892972976e+01 -1.396452398161329711e-16 -6.469250212134604328e-02
1.562942345160922208e+01 -2.949029909160572061e-17 -6.411865984710023170e-02
1.578650308428871085e+01 -9.714451465470119729e-17 -6.348864332360217022e-02
1.594358271696819962e+01 -1.301042606982605321e-16 -6.287058142876707223e-02
1.610066234964768839e+01 -9.974659986866640793e-17 -6.225253722473234053e-02
1.625774198232717893e+01 -7.632783294297951215e-17 -6.152756611783966739e-02
1.641482161500666948e+01 -4.683753385137379155e-17 -6.086254396464623601e-02
1.657190124768616002e+01 -6.071532165918824830e-17 -6.037084940218225004e-02
1.672898088036564701e+01 -3.729655473350135253e-17 -5.986522584260284274e-02
1.688606051304513755e+01 -3.035766082959412415e-17 -5.925099670767051963e-02
1.704314014572462810e+01 6.938893903907228378e-17 -5.867339209801539224e-02
1.720021977840411864e+01 -3.122502256758252770e-17 -5.824898338978383439e-02
1.735729941108360919e+01 -3.469446951953614189e-18 -5.784110466828123326e-02
1.751437904376309618e+01 1.561251128379126385e-17 -5.728522628014681706e-02
1.767145867644258672e+01 1.387778780781445676e-17 -5.674047497709772125e-02
1.782853830912207371e+01 2.949029909160572061e-17 -5.635108687905400482e-02
1.798561794180156426e+01 1.734723475976807094e-17 -5.592331110741309563e-02
1.814269757448105480e+01 -2.428612866367529932e-17 -5.537132035046452017e-02
1.829977720716054534e+01 5.030698080332740574e-17 -5.490957082463027161e-02
1.845685683984003589e+01 2.081668171172168513e-17 -5.457218219239335505e-02
1.861393647251952288e+01 2.168404344971008868e-17 -5.414580190940737614e-02
1.877101610519901342e+01 2.688821387764050996e-17 -5.356910512534734936e-02
