7.853981633974482790e-02 -2.341876692568689577e-15 -8.894663570845057210e-02
2.356194490192344837e-01 1.370431546021677605e-16 -2.274719900307565212e-01
3.926990816987241395e-01 1.637578961322105897e-15 -2.975865763718127388e-01
5.497787143782137953e-01 6.817463260588851881e-16 -3.305334073832681963e-01
7.068583470577034511e-01 -8.361367154208210195e-16 -3.583268806940212992e-01
8.639379797371929959e-01 -1.281960648746860443e-15 -3.853439449258686533e-01
1.021017612416682763e+00 -1.769417945496343236e-16 -3.995386940769018458e-01
1.178097245096172418e+00 7.441963711940502435e-16 -3.945352367512546810e-01
1.335176877775662074e+00 4.163336342344337027e-16 -3.796981303658871765e-01
1.492256510455151730e+00 -5.724587470723463412e-16 -3.693697326599458819e-01
1.649336143134641386e+00 -8.387388006347862301e-16 -3.666399693465959286e-01
1.806415775814131042e+00 -3.590877595271990685e-16 -3.629357909807168214e-01
1.963495408493620697e+00 2.983724378680108202e-16 -3.507510830330746732e-01
2.120575041173110353e+00 1.439820485060749888e-16 -3.324846736834706773e-01
2.277654673852600009e+00 -3.486794186713382260e-16 -3.164633089662122756e-01
2.434734306532089665e+00 -6.192962809237201327e-16 -3.064455322175155816e-01
2.591813939211579321e+00 -2.480654570646834145e-16 -2.988118267612697165e-01
2.748893571891068976e+00 1.040834085586084257e-16 -2.897755459508880582e-01
2.905973204570558632e+00 5.551115123125782702e-17 -2.796662999408148220e-01
3.063052837250048288e+00 -1.188285581044112860e-16 -2.699971602738886478e-01
3.220132469929537500e+00 -1.543903893619358314e-16 -2.604456780818293904e-01
3.377212102609027600e+00 6.591949208711866959e-17 -2.501370197011971164e-01
3.534291735288517255e+00 1.977584762613560088e-16 -2.401827019166253019e-01
3.691371367968007355e+00 2.740863092043355209e-16 -2.328886436313749864e-01
3.848451000647496123e+00 2.272487753529617294e-16 -2.281636163295887865e-01
4.005530633326985779e+00 3.139849491518020841e-16 -2.228869874028244491e-01
4.162610266006476323e+00 3.426078865054194011e-16 -2.154470194357017421e-01
4.319689898685965979e+00 3.625572064791526827e-16 -2.076879822634196959e-01
4.476769531365454746e+00 3.295974604355933479e-16 -2.016041041163224579e-01
4.633849164044944402e+00 3.747002708109903324e-16 -1.970295976586456110e-01
4.790928796724434946e+00 3.712308238590367182e-16 -1.926152151559958059e-01
4.948008429403924602e+00 3.868433351428279821e-16 -1.873766017947521845e-01
5.105088062083413369e+00 5.082739784612044787e-16 -1.816191038361160692e-01
5.262167694762903025e+00 4.701100619897147226e-16 -1.765463159391882086e-01
5.419247327442393569e+00 3.920475055707584033e-16 -1.725464608548174239e-01
5.576326960121883225e+00 5.013350845572972503e-16 -1.687612387715778928e-01
5.733406592801371993e+00 3.504141421473150331e-16 -1.644339874957381764e-01
5.890486225480861648e+00 3.235259282696745231e-16 -1.599601155148862586e-01
6.047565858160352192e+00 2.515349040166370287e-16 -1.562170574251117161e-01
6.204645490839841848e+00 3.642919299551294898e-16 -1.532050060519294932e-01
6.361725123519330616e+00 3.035766082959412415e-16 -1.500669350709580296e-01
6.518804756198821160e+00 2.307182223049153436e-16 -1.465685494410745027e-01
6.675884388878310816e+00 1.717376241217039023e-16 -1.433388684546154923e-01
6.832964021557799583e+00 5.724587470723463412e-17 -1.405975057755169122e-01
6.990043654237290127e+00 2.081668171172168513e-17 -1.379894462676512501e-01
7.147123286916778895e+00 1.821459649775647449e-16 -1.352318246808794089e-01
7.304202919596268551e+00 3.469446951953614189e-17 -1.323132404283331454e-01
7.461282552275759095e+00 -8.760353553682875827e-17 -1.294709521814405018e-01
7.618362184955247862e+00 -1.266348137463069179e-16 -1.270688731274660366e-01
7.775441817634738406e+00 -1.526556658859590243e-16 -1.250641319022008924e-01
7.932521450314228062e+00 -2.949029909160572061e-17 -1.229024755570914396e-01
8.089601082993716830e+00 -3.382710778154773834e-17 -1.203647964862389480e-01
8.246680715673207374e+00 -7.112366251504909087e-17 -1.178699319843027338e-01
8.403760348352696141e+00 -1.006139616066548115e-16 -1.158169336604969180e-01
8.560839981032184909e+00 -8.673617379884035472e-17 -1.141138800958115124e-01
8.717919613711675453e+00 -1.292368989602721285e-16 -1.124237885306181017e-01
8.874999246391165997e+00 -5.551115123125782702e-17 -1.106003561735539598e-01
9.032078879070656541e+00 -9.627715291671279374e-17 -1.086761547724142130e-01
9.189158511750145308e+00 -7.632783294297951215e-17 -1.066865427582070341e-01
9.346238144429634076e+00 -6.331740687315345895e-17 -1.047530411020276137e-01
9.503317777109124620e+00 -1.231653667943533037e-16 -1.030576687541869541e-01
9.660397409788613388e+00 -2.775557561562891351e-17 -1.016123520352159720e-01
9.817477042468102155e+00 5.204170427930421283e-18 -1.002105370409584473e-01
9.974556675147592699e+00 1.301042606982605321e-17 -9.870416698291041568e-02
1.013163630782708324e+01 5.117434254131580929e-17 -9.716702787884941295e-02
1.028871594050657379e+01 2.688821387764050996e-17 -9.571903779437856974e-02
1.044579557318606255e+01 2.602085213965210642e-18 -9.443123273969968035e-02
1.060287520586555132e+01 6.071532165918824830e-18 -9.323539112483733571e-02
1.075995483854504187e+01 1.483188571960170066e-16 -9.194643111184808149e-02
1.091703447122453063e+01 4.163336342344337027e-17 -9.052995145388056941e-02
1.107411410390401940e+01 2.862293735361731706e-17 -8.917087611019330895e-02
1.123119373658350995e+01 1.647987302177966740e-17 -8.803200142857645072e-02
1.138827336926300049e+01 7.806255641895631925e-18 -8.704475289132720950e-02
1.154535300194249103e+01 3.035766082959412415e-17 -8.600201308876508077e-02
1.170243263462197980e+01 1.188285581044112860e-16 -8.477011050501265244e-02
1.185951226730146857e+01 5.984795992119984476e-17 -8.349417251575894094e-02
1.201659189998095911e+01 7.719519468096791570e-17 -8.241671821246611407e-02
1.217367153266044788e+01 6.245004513516505540e-17 -8.162310317703952434e-02
1.233075116533993665e+01 1.318389841742373392e-16 -8.080432550967571459e-02
1.248783079801942719e+01 1.804112415015879378e-16 -7.976673908484850639e-02
1.264491043069891774e+01 1.682681771697502882e-16 -7.869237476966267630e-02
1.280199006337840650e+01 1.249000902703301108e-16 -7.781213628754571343e-02
1.295906969605789527e+01 1.474514954580286030e-16 -7.703053262493558817e-02
1.311614932873738759e+01 1.457167719820517959e-16 -7.609452220575387005e-02
1.327322896141687636e+01 2.046973701652632371e-16 -7.500000769924873578e-02
1.343030859409636513e+01 2.081668171172168513e-16 -7.400113086981884025e-02
1.358738822677585389e+01 1.500535806719938137e-16 -7.327348974459918507e-02
1.374446785945534444e+01 1.049507702965968292e-16 -7.270811302041232937e-02
1.390154749213483498e+01 1.665334536937734811e-16 -7.203675998882833054e-02
1.405862712481432553e+01 1.257674520083185143e-16 -7.112556078425931461e-02
1.421570675749381429e+01 1.092875789865388469e-16 -7.014320647798967523e-02
1.437278639017330306e+01 8.933825901280556536e-17 -6.939071596329762781e-02
1.452986602285279183e+01 4.597017211338538800e-17 -6.891219368330536721e-02
1.468694565553228415e+01 1.214306433183764966e-17 -6.839579798319966875e-02
1.484402528821177292e+01 5.724587470723463412e-17 -6.757851100135994771e-02
1.500110492089126168e+01 4.683753385137379155e-17 -6.661209072944254683e-02
1.515818455357075223e+01 6.505213034913026604e-17 -6.583726124639335819e-02
1.531526418625024100e+01 -7.806255641895631925e-18 -6.531975884240399932e-02
1.547234381892972976e+01 4.163336342344337027e-17 -6.480861776042154410e-02
1.562942345160922208e+01 7.372574772901430151e-17 -6.407588324665713930e-02
1.578650308428871085e+01 6.765421556309547668e-17 -6.321052675602231719e-02
1.594358271696819962e+01 -6.071532165918824830e-18 -6.251454883149014374e-02
1.610066234964768839e+01 3.903127820947815962e-17 -6.208652001978333390e-02
1.625774198232717893e+01 7.285838599102589797e-17 -6.169396164075334477e-02
1.641482161500666948e+01 9.107298248878237246e-17 -6.111011497121007774e-02
1.657190124768616002e+01 1.032160468206200221e-16 -6.039241782065288278e-02
1.672898088036564701e+01 9.801187639268960083e-17 -5.975607179860463469e-02
1.688606051304513755e+01 7.892991815694472280e-17 -5.929582218014298189e-02
1.704314014572462810e+01 1.379105163401561640e-16 -5.891011538518976798e-02
1.720021977840411864e+01 1.379105163401561640e-16 -5.843959311536667256e-02
1.735729941108360919e+01 1.370431546021677605e-16 -5.783903010310174897e-02
1.751437904376309618e+01 8.413408858487514408e-17 -5.721689538814143938e-02
1.767145867644258672e+01 1.023486850826316186e-16 -5.670039782919919502e-02
1.782853830912207371e+01 8.847089727481716182e-17 -5.627449906368549998e-02
1.798561794180156426e+01 1.101549407245272505e-16 -5.581755481115230344e-02
1.814269757448105480e+01 1.301042606982605321e-16 -5.529560311228140512e-02
1.829977720716054534e+01 1.344410693882025498e-16 -5.480994027388320228e-02
1.845685683984003589e+01 7.112366251504909087e-17 -5.442459220853167884e-02
1.861393647251952288e+01 8.239936510889833698e-17 -5.405741287455212429e-02
1.877101610519901342e+01 8.153200337090993344e-17 -5.360259312688445132e-02
