7.853981633974482790e-02 -2.714842239903703103e-16 -1.734112471986579029e+00
2.356194490192344837e-01 -2.775557561562891351e-16 -1.377532677602368638e+00
3.926990816987241395e-01 -3.408731630294425941e-16 -1.146782674320708795e+00
5.497787143782137953e-01 -1.292368989602721285e-16 -9.865248943319726571e-01
7.068583470577034511e-01 -1.431146867680865853e-16 -8.702393236481025252e-01
8.639379797371929959e-01 -1.318389841742373392e-16 -7.769796198480971583e-01
1.021017612416682763e+00 -2.350550309948573613e-16 -7.028929710824594057e-01
1.178097245096172418e+00 -2.324529457808921507e-16 -6.391635600170840759e-01
1.335176877775662074e+00 -1.361757928641793569e-16 -5.866215636245513121e-01
1.492256510455151730e+00 -3.469446951953614189e-16 -5.446614063311692178e-01
1.649336143134641386e+00 -2.428612866367529932e-16 -5.038200923748517024e-01
1.806415775814131042e+00 -2.645453300864630819e-16 -4.705320418980110109e-01
1.963495408493620697e+00 -2.168404344971008868e-16 -4.418611945078356751e-01
2.120575041173110353e+00 -1.587271980518778491e-16 -4.162797979157479844e-01
2.277654673852600009e+00 -2.602085213965210642e-16 -3.929114967368173006e-01
2.434734306532089665e+00 -3.087807787238716628e-16 -3.718556613994266069e-01
2.591813939211579321e+00 1.821459649775647449e-17 -3.522025613620750617e-01
2.748893571891068976e+00 1.249000902703301108e-16 -3.342264194779357434e-01
2.905973204570558632e+00 8.413408858487514408e-17 -3.184510740486459768e-01
3.063052837250048288e+00 -6.505213034913026604e-17 -3.057192414712882056e-01
3.220132469929537500e+00 -6.331740687315345895e-17 -2.927700224903967419e-01
3.377212102609027600e+00 -7.632783294297951215e-17 -2.795104622094183866e-01
3.534291735288517255e+00 -2.177077962350892903e-16 -2.679193792582567069e-01
3.691371367968007355e+00 7.199102425303749442e-17 -2.575450359258248945e-01
3.848451000647496123e+00 -4.250072516143177381e-17 -2.484227090088107492e-01
4.005530633326985779e+00 1.301042606982605321e-17 -2.394377359494555546e-01
4.162610266006476323e+00 7.025630077706068732e-17 -2.310953296086684094e-01
4.319689898685965979e+00 1.162264728904460753e-16 -2.235049906179018830e-01
4.476769531365454746e+00 1.691355389077386917e-16 -2.163339191553956820e-01
4.633849164044944402e+00 9.107298248878237246e-17 -2.090932445848296961e-01
4.790928796724434946e+00 4.597017211338538800e-17 -2.025642780114257357e-01
4.948008429403924602e+00 2.055647319032516407e-16 -1.966621926589389724e-01
5.105088062083413369e+00 2.688821387764050996e-16 -1.907172419296832566e-01
5.262167694762903025e+00 2.662800535624398890e-16 -1.854546750880079475e-01
5.419247327442393569e+00 2.610758831345094677e-16 -1.806514363353363961e-01
5.576326960121883225e+00 2.888314587501383812e-16 -1.755426347343042037e-01
5.733406592801371993e+00 -2.072994553792284478e-16 -1.705331498017013669e-01
5.890486225480861648e+00 -7.719519468096791570e-17 -1.663341007528730819e-01
6.047565858160352192e+00 1.717376241217039023e-16 -1.622021044482863106e-01
6.204645490839841848e+00 2.359223927328457648e-16 -1.582826452691452335e-01
6.361725123519330616e+00 1.587271980518778491e-16 -1.546555871180199104e-01
6.518804756198821160e+00 6.678685382510707313e-17 -1.509726212004212642e-01
6.675884388878310816e+00 5.290906601729261638e-17 -1.474318614392997884e-01
6.832964021557799583e+00 2.341876692568689577e-17 -1.442995079511562584e-01
6.990043654237290127e+00 6.938893903907228378e-18 -1.412483350787183123e-01
7.147123286916778895e+00 1.994931997373328159e-17 -1.380758551162139802e-01
7.304202919596268551e+00 1.821459649775647449e-17 -1.350874976426276186e-01
7.461282552275759095e+00 6.331740687315345895e-17 -1.323277248780727333e-01
7.618362184955247862e+00 -1.222980050563649002e-16 -1.297436303471697083e-01
7.775441817634738406e+00 -2.177077962350892903e-16 -1.271639086316206368e-01
7.932521450314228062e+00 9.627715291671279374e-17 -1.246554895950555547e-01
8.089601082993716830e+00 -4.683753385137379155e-17 -1.223234295816014033e-01
8.246680715673207374e+00 7.546047120499110861e-17 -1.201651434087885884e-01
8.403760348352696141e+00 5.898059818321144121e-17 -1.179843519289777709e-01
8.560839981032184909e+00 -7.372574772901430151e-17 -1.158273656115040851e-01
8.717919613711675453e+00 -9.714451465470119729e-17 -1.137789366132163360e-01
8.874999246391165997e+00 -1.795438797635995343e-16 -1.118062814827584517e-01
9.032078879070656541e+00 -5.811323644522303766e-17 -1.099379824196113492e-01
9.189158511750145308e+00 -9.887923813067800438e-17 -1.080344293155718616e-01
9.346238144429634076e+00 -2.628106066104862748e-16 -1.062582080702703380e-01
9.503317777109124620e+00 -1.075528555105620399e-16 -1.045533058716333896e-01
9.660397409788613388e+00 5.464378949326942347e-17 -1.028231676453640053e-01
9.817477042468102155e+00 -1.179611963664228824e-16 -1.013409716654109505e-01
9.974556675147592699e+00 5.290906601729261638e-17 -9.976936593088589489e-02
1.013163630782708324e+01 -6.505213034913026604e-17 -9.828297198093097209e-02
1.028871594050657379e+01 -9.280770596475917955e-17 -9.683584350297788634e-02
1.044579557318606255e+01 8.847089727481716182e-17 -9.535513953683449895e-02
1.060287520586555132e+01 2.315855840429037471e-16 -9.386593602715083418e-02
1.075995483854504187e+01 -4.857225732735059864e-17 -9.244240394922115245e-02
1.091703447122453063e+01 7.372574772901430151e-17 -9.115421353354308254e-02
1.107411410390401940e+01 -5.464378949326942347e-17 -8.977038022403593942e-02
1.123119373658350995e+01 -1.960237527853792017e-16 -8.867881911454786326e-02
1.138827336926300049e+01 -7.285838599102589797e-17 -8.742793382961343285e-02
1.154535300194249103e+01 -7.632783294297951215e-17 -8.622629676007038946e-02
1.170243263462197980e+01 -3.469446951953614189e-18 -8.519508564508941617e-02
1.185951226730146857e+01 -1.994931997373328159e-17 -8.416233661144234546e-02
1.201659189998095911e+01 -2.949029909160572061e-17 -8.308173135332179438e-02
1.217367153266044788e+01 1.734723475976807094e-18 -8.197516347322708619e-02
1.233075116533993665e+01 -8.326672684688674053e-17 -8.100943958576140025e-02
1.248783079801942719e+01 -4.683753385137379155e-17 -7.997401620828453739e-02
1.264491043069891774e+01 1.448494102440633924e-16 -7.900819150175633632e-02
1.280199006337840650e+01 8.413408858487514408e-17 -7.800685326521623886e-02
1.295906969605789527e+01 6.505213034913026604e-17 -7.709469167975500914e-02
1.311614932873738759e+01 -2.949029909160572061e-17 -7.622108883503406207e-02
1.327322896141687636e+01 5.898059818321144121e-17 -7.521079445713389766e-02
1.343030859409636513e+01 4.336808689942017736e-18 -7.437477308992154756e-02
1.358738822677585389e+01 1.370431546021677605e-16 -7.349853565969442781e-02
1.374446785945534444e+01 -8.760353553682875827e-17 -7.272674960373753938e-02
1.390154749213483498e+01 2.775557561562891351e-17 -7.184549907541039337e-02
1.405862712481432553e+01 1.734723475976807094e-17 -7.111403037358095258e-02
1.421570675749381429e+01 -5.551115123125782702e-17 -7.032920432617305317e-02
1.437278639017330306e+01 -1.075528555105620399e-16 -6.949265091944840933e-02
1.452986602285279183e+01 -1.301042606982605321e-17 -6.871421008948186415e-02
1.468694565553228415e+01 -9.194034422677077600e-17 -6.804021394479797813e-02
1.484402528821177292e+01 -1.509209424099822172e-16 -6.737188220752915457e-02
1.500110492089126168e+01 -1.387778780781445676e-17 -6.663820748030635510e-02
1.515818455357075223e+01 -3.816391647148975608e-17 -6.602411890552223328e-02
1.531526418625024100e+01 -2.428612866367529932e-17 -6.531977078146783411e-02
1.547234381892972976e+01 -8.413408858487514408e-17 -6.463051435728894845e-02
1.562942345160922208e+01 -4.336808689942017736e-18 -6.405204192140578900e-02
1.578650308428871085e+01 -1.092875789865388469e-16 -6.338909494270689171e-02
1.594358271696819962e+01 -9.194034422677077600e-17 -6.280751301999258629e-02
1.610066234964768839e+01 6.245004513516505540e-17 -6.224191935658002217e-02
1.625774198232717893e+01 -6.331740687315345895e-17 -6.161768413734096395e-02
1.641482161500666948e+01 -1.734723475976807094e-18 -6.097750706580700591e-02
1.657190124768616002e+01 3.556183125752454544e-17 -6.040013287202855574e-02
1.672898088036564701e+01 3.209238430557093125e-17 -5.987964319687800324e-02
1.688606051304513755e+01 -3.469446951953614189e-18 -5.928443760770008009e-02
1.704314014572462810e+01 1.179611963664228824e-16 -5.877840784169625910e-02
1.720021977840411864e+01 3.642919299551294898e-17 -5.823131967890117500e-02
1.735729941108360919e+01 4.076600168545496672e-17 -5.772712877970714168e-02
1.751437904376309618e+01 -2.688821387764050996e-17 -5.715286483942414592e-02
1.767145867644258672e+01 4.683753385137379155e-17 -5.666952341926221465e-02
1.782853830912207371e+01 7.025630077706068732e-17 -5.618559037802320355e-02
1.798561794180156426e+01 9.020562075079396891e-17 -5.568038412721543207e-02
1.814269757448105480e+01 3.642919299551294898e-17 -5.520995818207771050e-02
1.829977720716054534e+01 -6.938893903907228378e-18 -5.472934793636342887e-02
1.845685683984003589e+01 4.597017211338538800e-17 -5.429333082741430450e-02
1.861393647251952288e+01 6.071532165918824830e-17 -5.382212711239368896e-02
1.877101610519901342e+01 1.144917494144692682e-16 -5.337823212278881846e-02
