7.853981633974482790e-02 -1.916869440954371839e-16 -1.746384226191800337e+00
2.356194490192344837e-01 -4.831204880595407758e-16 -1.405266606353404280e+00
3.926990816987241395e-01 -1.587271980518778491e-16 -1.176902797338175377e+00
5.497787143782137953e-01 -1.543903893619358314e-16 -1.009146915797689115e+00
7.068583470577034511e-01 -1.153591111524576718e-16 -8.836617331355824945e-01
8.639379797371929959e-01 1.561251128379126385e-17 -7.948455401593106373e-01
1.021017612416682763e+00 -2.654126918244514854e-16 -7.157265435085221617e-01
1.178097245096172418e+00 -1.474514954580286030e-16 -6.545737507630835506e-01
1.335176877775662074e+00 -2.879640970121499777e-16 -5.994922819124104407e-01
1.492256510455151730e+00 -2.532696274926138358e-16 -5.524322948296400693e-01
1.649336143134641386e+00 -1.301042606982605321e-16 -5.110929640729015011e-01
1.806415775814131042e+00 -2.515349040166370287e-16 -4.773444338869771153e-01
1.963495408493620697e+00 -2.350550309948573613e-16 -4.462584136546168256e-01
2.120575041173110353e+00 -2.168404344971008868e-16 -4.188497124325615273e-01
2.277654673852600009e+00 -2.229119666630197116e-16 -3.946676147528176415e-01
2.434734306532089665e+00 -2.289834988289385365e-16 -3.739017160786699545e-01
2.591813939211579321e+00 4.943961906533900219e-17 -3.545509834338027022e-01
2.748893571891068976e+00 5.290906601729261638e-17 -3.373191117210201373e-01
2.905973204570558632e+00 2.567390744445674500e-16 -3.220424674259188547e-01
3.063052837250048288e+00 -8.153200337090993344e-17 -3.071808230664559991e-01
3.220132469929537500e+00 -8.500145032286354763e-17 -2.940322234687753888e-01
3.377212102609027600e+00 -1.422473250300981817e-16 -2.818660256075723458e-01
3.534291735288517255e+00 -2.151057110211240797e-16 -2.701019377176848146e-01
3.691371367968007355e+00 8.153200337090993344e-17 -2.594317436712357816e-01
3.848451000647496123e+00 1.249000902703301108e-16 -2.497717052298077667e-01
4.005530633326985779e+00 7.285838599102589797e-17 -2.399545776654731510e-01
4.162610266006476323e+00 2.081668171172168513e-17 -2.320392575203331087e-01
4.319689898685965979e+00 8.586881206085195117e-17 -2.237651853017984804e-01
4.476769531365454746e+00 3.018418848199644344e-16 -2.162448322102745735e-01
4.633849164044944402e+00 -7.806255641895631925e-18 -2.090467026536201867e-01
4.790928796724434946e+00 1.058181320345852328e-16 -2.027765407545955301e-01
4.948008429403924602e+00 2.784231178942775387e-16 -1.969570332370732535e-01
5.105088062083413369e+00 2.584737979205442571e-16 -1.913333899000575489e-01
5.262167694762903025e+00 3.729655473350135253e-16 -1.858902359208798039e-01
5.419247327442393569e+00 3.348016308635237692e-16 -1.805343423199538277e-01
5.576326960121883225e+00 -1.682681771697502882e-16 -1.756695171576949932e-01
5.733406592801371993e+00 2.029626466892864300e-16 -1.707377865003166517e-01
5.890486225480861648e+00 -1.821459649775647449e-16 -1.663631740989323093e-01
6.047565858160352192e+00 1.049507702965968292e-16 -1.622336176505713157e-01
6.204645490839841848e+00 1.526556658859590243e-16 -1.582475852356387547e-01
6.361725123519330616e+00 3.642919299551294898e-17 -1.544565021167670082e-01
6.518804756198821160e+00 6.418476861114186249e-17 -1.510812904873056195e-01
6.675884388878310816e+00 1.335737076502141463e-16 -1.477020640821098685e-01
6.832964021557799583e+00 -5.551115123125782702e-17 -1.442845061286314456e-01
6.990043654237290127e+00 -1.032160468206200221e-16 -1.411531887888088366e-01
7.147123286916778895e+00 2.844946500601963635e-16 -1.381030284989926415e-01
7.304202919596268551e+00 -1.144917494144692682e-16 -1.353146040119548865e-01
7.461282552275759095e+00 -7.632783294297951215e-17 -1.323923754120935325e-01
7.618362184955247862e+00 6.938893903907228378e-18 -1.298691714548058096e-01
7.775441817634738406e+00 -1.543903893619358314e-16 -1.273539401950292971e-01
7.932521450314228062e+00 -1.491862189340054101e-16 -1.248556605827672028e-01
8.089601082993716830e+00 8.673617379884035472e-18 -1.224121511706425247e-01
8.246680715673207374e+00 -1.301042606982605321e-16 -1.202465199181107641e-01
8.403760348352696141e+00 -2.064320936412400442e-16 -1.180925953895443359e-01
8.560839981032184909e+00 1.899522206194603768e-16 -1.159363010573222913e-01
8.717919613711675453e+00 -2.177077962350892903e-16 -1.138205923144499365e-01
8.874999246391165997e+00 3.729655473350135253e-17 -1.118349332873561641e-01
9.032078879070656541e+00 -1.361757928641793569e-16 -1.099946684838523231e-01
9.189158511750145308e+00 -5.984795992119984476e-17 -1.080549861285922952e-01
9.346238144429634076e+00 2.428612866367529932e-17 -1.063905597647231832e-01
9.503317777109124620e+00 -1.431146867680865853e-16 -1.046035100828336395e-01
9.660397409788613388e+00 -2.402592014227877826e-16 -1.029057304388683036e-01
9.817477042468102155e+00 4.597017211338538800e-17 -1.012999178407692630e-01
9.974556675147592699e+00 -2.428612866367529932e-17 -9.973611741519869400e-02
1.013163630782708324e+01 -1.387778780781445676e-17 -9.814383869542409045e-02
1.028871594050657379e+01 -5.898059818321144121e-17 -9.672827932009200880e-02
1.044579557318606255e+01 4.336808689942017736e-18 -9.525403964887534103e-02
1.060287520586555132e+01 1.040834085586084257e-16 -9.393357071557287274e-02
1.075995483854504187e+01 1.873501354054951662e-16 -9.257019100337608719e-02
1.091703447122453063e+01 6.331740687315345895e-17 -9.129232157065123032e-02
1.107411410390401940e+01 -1.960237527853792017e-16 -9.003824450447892036e-02
1.123119373658350995e+01 -1.986258379993444123e-16 -8.872543671874985605e-02
1.138827336926300049e+01 -7.025630077706068732e-17 -8.751968740192489493e-02
1.154535300194249103e+01 -1.222980050563649002e-16 -8.640052320653665574e-02
1.170243263462197980e+01 -7.719519468096791570e-17 -8.521472920977453402e-02
1.185951226730146857e+01 -1.075528555105620399e-16 -8.421914338993952143e-02
1.201659189998095911e+01 9.540979117872439019e-18 -8.303915570694606063e-02
1.217367153266044788e+01 -1.700029006457270953e-16 -8.194962695995054724e-02
1.233075116533993665e+01 -1.075528555105620399e-16 -8.094656360134747097e-02
1.248783079801942719e+01 -5.984795992119984476e-17 -7.997569540602712801e-02
1.264491043069891774e+01 8.933825901280556536e-17 -7.901486118680683957e-02
1.280199006337840650e+01 9.714451465470119729e-17 -7.800617584614562283e-02
1.295906969605789527e+01 -1.205632815803880931e-16 -7.709671890206640232e-02
1.311614932873738759e+01 -1.058181320345852328e-16 -7.623714812186743739e-02
1.327322896141687636e+01 1.214306433183764966e-17 -7.528664245862930204e-02
1.343030859409636513e+01 -6.852157730108388023e-17 -7.437265313996493932e-02
1.358738822677585389e+01 9.107298248878237246e-17 -7.348670966576574537e-02
1.374446785945534444e+01 -9.627715291671279374e-17 -7.264666471282694993e-02
1.390154749213483498e+01 -4.336808689942017736e-17 -7.184392952246387853e-02
1.405862712481432553e+01 0.000000000000000000e+00 -7.108224082161904156e-02
1.421570675749381429e+01 -1.908195823574487804e-17 -7.029634246794046193e-02
1.437278639017330306e+01 -8.933825901280556536e-17 -6.953555699811428403e-02
1.452986602285279183e+01 -1.474514954580286030e-16 -6.885413935882120362e-02
1.468694565553228415e+01 -1.526556658859590243e-16 -6.808545678585598004e-02
1.484402528821177292e+01 -9.540979117872439019e-18 -6.736062799412605162e-02
1.500110492089126168e+01 -7.285838599102589797e-17 -6.668785060141596555e-02
1.515818455357075223e+01 -1.994931997373328159e-17 -6.596526852280820696e-02
1.531526418625024100e+01 7.806255641895631925e-17 -6.531977399159370756e-02
1.547234381892972976e+01 -8.326672684688674053e-17 -6.468658449000419530e-02
1.562942345160922208e+01 -7.112366251504909087e-17 -6.400693504131632627e-02
1.578650308428871085e+01 -4.076600168545496672e-17 -6.339884582126524559e-02
1.594358271696819962e+01 -1.240327285323417073e-16 -6.277025726347275347e-02
1.610066234964768839e+01 -1.144917494144692682e-16 -6.213211115650800476e-02
1.625774198232717893e+01 -5.811323644522303766e-17 -6.158562369825629212e-02
1.641482161500666948e+01 6.938893903907228378e-18 -6.100092333063017458e-02
1.657190124768616002e+01 6.071532165918824830e-18 -6.042172360953829841e-02
1.672898088036564701e+01 -1.994931997373328159e-17 -5.988059562291594973e-02
1.688606051304513755e+01 -6.678685382510707313e-17 -5.933361921347063417e-02
1.704314014572462810e+01 7.372574772901430151e-17 -5.878529801012712108e-02
1.720021977840411864e+01 1.474514954580286030e-17 -5.823247402656036437e-02
1.735729941108360919e+01 4.943961906533900219e-17 -5.768684645257265986e-02
1.751437904376309618e+01 -3.469446951953614189e-17 -5.714477395880088184e-02
1.767145867644258672e+01 -5.377642775528101993e-17 -5.666854340712940141e-02
1.782853830912207371e+01 6.331740687315345895e-17 -5.618588039647155752e-02
1.798561794180156426e+01 7.025630077706068732e-17 -5.567751683522515621e-02
1.814269757448105480e+01 2.515349040166370287e-17 -5.520925840313173349e-02
1.829977720716054534e+01 2.341876692568689577e-17 -5.475401487298832415e-02
1.845685683984003589e+01 -4.857225732735059864e-17 -5.430286924860153186e-02
1.861393647251952288e+01 8.239936510889833698e-17 -5.383719013312945889e-02
1.877101610519901342e+01 4.076600168545496672e-17 -5.335914894722847135e-02
