7.853981633974482790e-02 8.760353553682875827e-17 -2.168862353799951848e-01
2.356194490192344837e-01 -8.465450562766818621e-16 -3.636916394026072918e-01
3.926990816987241395e-01 -6.531233887052678710e-16 -3.582426441229558667e-01
5.497787143782137953e-01 -2.142383492831356762e-16 -4.203955457657541084e-01
7.068583470577034511e-01 -2.393918396847993790e-16 -4.579923638347046522e-01
8.639379797371929959e-01 -5.707240235963695341e-16 -4.337114207019932000e-01
1.021017612416682763e+00 -3.677613769070831040e-16 -4.276996351190384682e-01
1.178097245096172418e+00 -1.127570259384924611e-16 -4.313645143192269549e-01
1.335176877775662074e+00 -3.226585665316861196e-16 -4.266967180554803174e-01
1.492256510455151730e+00 -5.160802341031001106e-16 -4.170375725571139891e-01
1.649336143134641386e+00 -4.518954654919582481e-16 -3.923070738522282941e-01
1.806415775814131042e+00 -2.879640970121499777e-16 -3.689226912243893652e-01
1.963495408493620697e+00 -2.853620117981847670e-16 -3.615896923352981407e-01
2.120575041173110353e+00 -5.178149575790769177e-16 -3.536289319145823340e-01
2.277654673852600009e+00 -4.943961906533900219e-16 -3.351621218412783598e-01
2.434734306532089665e+00 -4.163336342344337027e-16 -3.229672510252424855e-01
2.591813939211579321e+00 -1.873501354054951662e-16 -3.147858465853117793e-01
2.748893571891068976e+00 -2.359223927328457648e-16 -3.001002025145377283e-01
2.905973204570558632e+00 -2.610758831345094677e-16 -2.861473584053447761e-01
3.063052837250048288e+00 -1.066854937725736363e-16 -2.738436022268622705e-01
3.220132469929537500e+00 -3.729655473350135253e-17 -2.641399481110100478e-01
3.377212102609027600e+00 -8.673617379884035472e-17 -2.591365080983927260e-01
3.534291735288517255e+00 -1.474514954580286030e-16 -2.499927935471800977e-01
3.691371367968007355e+00 5.030698080332740574e-17 -2.408759804284329453e-01
3.848451000647496123e+00 1.023486850826316186e-16 -2.352709830111646416e-01
4.005530633326985779e+00 1.665334536937734811e-16 -2.259731364934407516e-01
4.162610266006476323e+00 -1.474514954580286030e-17 -2.166631828261534887e-01
4.319689898685965979e+00 2.931682674400803990e-16 -2.117473035147698357e-01
4.476769531365454746e+00 1.483188571960170066e-16 -2.067487467087896491e-01
4.633849164044944402e+00 2.706168622523819067e-16 -2.000465079244913569e-01
4.790928796724434946e+00 1.500535806719938137e-16 -1.950252317423402104e-01
4.948008429403924602e+00 2.177077962350892903e-16 -1.898579749541067507e-01
5.105088062083413369e+00 2.550043509685906429e-16 -1.837053499164815196e-01
5.262167694762903025e+00 3.382710778154773834e-16 -1.796376190568809428e-01
5.419247327442393569e+00 2.975050761300224167e-16 -1.751559640817870189e-01
5.576326960121883225e+00 2.159730727591124833e-16 -1.699328687441981622e-01
5.733406592801371993e+00 1.283695372222837250e-16 -1.661629693603288438e-01
5.890486225480861648e+00 5.377642775528101993e-17 -1.616081127458876832e-01
6.047565858160352192e+00 2.064320936412400442e-16 -1.569611362553450795e-01
6.204645490839841848e+00 3.556183125752454544e-17 -1.540276055254488630e-01
6.361725123519330616e+00 5.724587470723463412e-17 -1.504735000253201449e-01
6.518804756198821160e+00 4.857225732735059864e-17 -1.464851139012549042e-01
6.675884388878310816e+00 5.551115123125782702e-17 -1.439971784700439239e-01
6.832964021557799583e+00 4.857225732735059864e-17 -1.411057018002475905e-01
6.990043654237290127e+00 -4.683753385137379155e-17 -1.376517225221965679e-01
7.147123286916778895e+00 -6.765421556309547668e-17 -1.356614436843930904e-01
7.304202919596268551e+00 -1.491862189340054101e-16 -1.333683779350542942e-01
7.461282552275759095e+00 -7.806255641895631925e-17 -1.303123271213363354e-01
7.618362184955247862e+00 -2.567390744445674500e-16 -1.274675412145569176e-01
7.775441817634738406e+00 -2.185751579730776939e-16 -1.250975904697313734e-01
7.932521450314228062e+00 -1.812786032395763414e-16 -1.229046571401544441e-01
8.089601082993716830e+00 -1.023486850826316186e-16 -1.205154756729085869e-01
8.246680715673207374e+00 -1.873501354054951662e-16 -1.180181815730477896e-01
8.403760348352696141e+00 -2.671474153004282925e-16 -1.162793304296242392e-01
8.560839981032184909e+00 -1.301042606982605321e-16 -1.144123389618197650e-01
8.717919613711675453e+00 -3.642919299551294898e-16 -1.118110641577688275e-01
8.874999246391165997e+00 -1.561251128379126385e-16 -1.102299249994700275e-01
9.032078879070656541e+00 -3.348016308635237692e-16 -1.092926710619853276e-01
9.189158511750145308e+00 -1.578598363138894456e-16 -1.069916784334804249e-01
9.346238144429634076e+00 -2.775557561562891351e-16 -1.045407336719067909e-01
9.503317777109124620e+00 -3.374037160774889799e-16 -1.032061575898201855e-01
9.660397409788613388e+00 -1.821459649775647449e-16 -1.020446692851308540e-01
9.817477042468102155e+00 -2.758210326803123280e-16 -1.002019156388183063e-01
9.974556675147592699e+00 -2.341876692568689577e-16 -9.818822892237254185e-02
1.013163630782708324e+01 -2.315855840429037471e-16 -9.682711034295798935e-02
1.028871594050657379e+01 -1.379105163401561640e-16 -9.584790217287962599e-02
1.044579557318606255e+01 -1.170938346284344789e-16 -9.460604873682128269e-02
1.060287520586555132e+01 -3.556183125752454544e-17 -9.299015957688949729e-02
1.075995483854504187e+01 -9.627715291671279374e-17 -9.153623282155887164e-02
1.091703447122453063e+01 -1.231653667943533037e-16 -9.045715174914692458e-02
1.107411410390401940e+01 -1.960237527853792017e-16 -8.929001909080203081e-02
1.123119373658350995e+01 -1.951563910473907981e-16 -8.768818259510070823e-02
1.138827336926300049e+01 -2.775557561562891351e-17 -8.670659456628590500e-02
1.154535300194249103e+01 -9.107298248878237246e-17 -8.589099112507299350e-02
1.170243263462197980e+01 -1.283695372222837250e-16 -8.450526566035036768e-02
1.185951226730146857e+01 0.000000000000000000e+00 -8.335267862969038266e-02
1.201659189998095911e+01 -3.989863994746656317e-17 -8.239521816430235568e-02
1.217367153266044788e+01 -5.290906601729261638e-17 -8.167830941874922035e-02
1.233075116533993665e+01 -2.428612866367529932e-17 -8.100293112441166177e-02
1.248783079801942719e+01 2.255140518769849223e-17 -7.976232745809958002e-02
1.264491043069891774e+01 1.353084311261909534e-16 -7.867668649607009734e-02
1.280199006337840650e+01 1.474514954580286030e-17 -7.795173045519242228e-02
1.295906969605789527e+01 4.770489558936219510e-17 -7.706464901257950584e-02
1.311614932873738759e+01 4.336808689942017736e-17 -7.610052768578848270e-02
1.327322896141687636e+01 4.943961906533900219e-17 -7.520543084458473915e-02
1.343030859409636513e+01 9.454242944073598665e-17 -7.450707636647860288e-02
1.358738822677585389e+01 4.683753385137379155e-17 -7.381973992139002905e-02
1.374446785945534444e+01 1.994931997373328159e-17 -7.283492969841595666e-02
1.390154749213483498e+01 3.642919299551294898e-17 -7.205531987194162269e-02
1.405862712481432553e+01 8.673617379884035472e-18 -7.143392544065026162e-02
1.421570675749381429e+01 -2.081668171172168513e-17 -7.067781096893126225e-02
1.437278639017330306e+01 -5.204170427930421283e-17 -6.966466870701940040e-02
1.452986602285279183e+01 -2.428612866367529932e-17 -6.854749376188531973e-02
1.468694565553228415e+01 -1.405126015541213746e-16 -6.783970941545790223e-02
1.484402528821177292e+01 -8.933825901280556536e-17 -6.748931482412323657e-02
1.500110492089126168e+01 -8.586881206085195117e-17 -6.670201995050226151e-02
1.515818455357075223e+01 -4.423544863740858091e-17 -6.577003660672217644e-02
1.531526418625024100e+01 2.341876692568689577e-17 -6.531972799228061288e-02
1.547234381892972976e+01 -4.423544863740858091e-17 -6.487258806436937975e-02
1.562942345160922208e+01 -7.025630077706068732e-17 -6.399414208385621750e-02
1.578650308428871085e+01 -4.943961906533900219e-17 -6.328742440144294323e-02
1.594358271696819962e+01 -9.714451465470119729e-17 -6.297244912488750290e-02
1.610066234964768839e+01 -3.729655473350135253e-17 -6.237275002999780743e-02
1.625774198232717893e+01 -3.642919299551294898e-17 -6.148905261598946320e-02
1.641482161500666948e+01 2.515349040166370287e-17 -6.072908752082066541e-02
1.657190124768616002e+01 3.556183125752454544e-17 -6.018293784059750712e-02
1.672898088036564701e+01 6.071532165918824830e-18 -5.974395638708208250e-02
1.688606051304513755e+01 1.301042606982605321e-17 -5.921805905958928140e-02
1.704314014572462810e+01 6.158268339717665185e-17 -5.859052574651789358e-02
1.720021977840411864e+01 8.153200337090993344e-17 -5.815754624085191227e-02
1.735729941108360919e+01 5.377642775528101993e-17 -5.772999149869771640e-02
1.751437904376309618e+01 3.209238430557093125e-17 -5.721394270469064292e-02
1.767145867644258672e+01 4.163336342344337027e-17 -5.668403730367770066e-02
1.782853830912207371e+01 5.377642775528101993e-17 -5.621071467623963563e-02
1.798561794180156426e+01 7.285838599102589797e-17 -5.582442469674915586e-02
1.814269757448105480e+01 5.117434254131580929e-17 -5.529745739602907884e-02
1.829977720716054534e+01 5.117434254131580929e-17 -5.473195172374439865e-02
1.845685683984003589e+01 3.035766082959412415e-17 -5.440393679015076422e-02
1.861393647251952288e+01 4.076600168545496672e-17 -5.406506519068453309e-02
1.877101610519901342e+01 6.938893903907228378e-17 -5.365023140548608876e-02
