7.853981633974482790e-02 -4.244000983977258556e-15 -1.022654662337333514e-01
2.356194490192344837e-01 -9.497611030973018842e-16 -2.647502706371301917e-01
3.926990816987241395e-01 1.503137891933903347e-15 -3.519455781174209430e-01
5.497787143782137953e-01 9.636388909051163409e-16 -3.882222921805611460e-01
7.068583470577034511e-01 -1.656660919557850775e-16 -4.014956977153874007e-01
8.639379797371929959e-01 -6.288372600415925717e-16 -4.053604314726669822e-01
1.021017612416682763e+00 -5.091413401991928822e-16 -4.056425297567121113e-01
1.178097245096172418e+00 -1.032160468206200221e-16 -4.045499693189514856e-01
1.335176877775662074e+00 2.072994553792284478e-16 -4.003994468399187934e-01
1.492256510455151730e+00 1.795438797635995343e-16 -3.911318599994851875e-01
1.649336143134641386e+00 -3.374037160774889799e-16 -3.788581010529160631e-01
1.806415775814131042e+00 -8.127179484951341237e-16 -3.668090165056130392e-01
1.963495408493620697e+00 -5.394990010287870064e-16 -3.549011751541473192e-01
2.120575041173110353e+00 -1.994931997373328159e-17 -3.414240882300369484e-01
2.277654673852600009e+00 -7.892991815694472280e-17 -3.275943805702532519e-01
2.434734306532089665e+00 -3.295974604355933479e-16 -3.159962884774065173e-01
2.591813939211579321e+00 -3.478120569333498224e-16 -3.064179880742213258e-01
2.748893571891068976e+00 -1.413799632921097782e-16 -2.968401190197836881e-01
2.905973204570558632e+00 -7.892991815694472280e-17 -2.863683018736146169e-01
3.063052837250048288e+00 -1.431146867680865853e-16 -2.753910689507845233e-01
3.220132469929537500e+00 -1.483188571960170066e-16 -2.644225694976940488e-01
3.377212102609027600e+00 2.515349040166370287e-17 -2.539845127633478805e-01
3.534291735288517255e+00 7.372574772901430151e-17 -2.447965101705752156e-01
3.691371367968007355e+00 4.597017211338538800e-17 -2.371771008791130064e-01
3.848451000647496123e+00 1.882174971434835697e-16 -2.304282339645730981e-01
4.005530633326985779e+00 2.107689023311820620e-16 -2.236748752510551996e-01
4.162610266006476323e+00 1.327063459122257427e-16 -2.169459278603871333e-01
4.319689898685965979e+00 3.105155021998484699e-16 -2.106876514667804789e-01
4.476769531365454746e+00 1.882174971434835697e-16 -2.048579029650385297e-01
4.633849164044944402e+00 3.226585665316861196e-16 -1.991196312514693645e-01
4.790928796724434946e+00 2.610758831345094677e-16 -1.934869947896538656e-01
4.948008429403924602e+00 3.079134169858832593e-16 -1.882124695729509023e-01
5.105088062083413369e+00 2.818925648462311528e-16 -1.832868859146242757e-01
5.262167694762903025e+00 3.408731630294425941e-16 -1.784917429208725537e-01
5.419247327442393569e+00 4.050579316405844565e-16 -1.737650011842990228e-01
5.576326960121883225e+00 3.391384395534657870e-16 -1.691623428893170855e-01
5.733406592801371993e+00 2.784231178942775387e-16 -1.646658813987151859e-01
5.890486225480861648e+00 2.541369892306022393e-16 -1.603411215894355313e-01
6.047565858160352192e+00 1.951563910473907981e-16 -1.564547704970454811e-01
6.204645490839841848e+00 1.916869440954371839e-16 -1.530540851263006152e-01
6.361725123519330616e+00 1.613292832658430598e-16 -1.498553552851586701e-01
6.518804756198821160e+00 7.892991815694472280e-17 -1.467633645849104052e-01
6.675884388878310816e+00 2.341876692568689577e-17 -1.438893759235783665e-01
6.832964021557799583e+00 7.546047120499110861e-17 -1.411141168376667254e-01
6.990043654237290127e+00 -1.474514954580286030e-17 -1.382791758468962795e-01
7.147123286916778895e+00 -6.505213034913026604e-17 -1.354755853648011432e-01
7.304202919596268551e+00 -9.107298248878237246e-17 -1.327912371209169218e-01
7.461282552275759095e+00 -1.084202172485504434e-16 -1.301642507578082697e-01
7.618362184955247862e+00 -1.309716224362489356e-16 -1.276013815055004330e-01
7.775441817634738406e+00 -2.168404344971008868e-16 -1.251711904628399485e-01
7.932521450314228062e+00 -2.298508605669269400e-16 -1.228114814051253223e-01
8.089601082993716830e+00 -1.639313684798082704e-16 -1.203811002996013069e-01
8.246680715673207374e+00 -1.222980050563649002e-16 -1.179622905132982624e-01
8.403760348352696141e+00 -1.517883041479706208e-16 -1.158206767478547339e-01
8.560839981032184909e+00 -1.448494102440633924e-16 -1.139952001603978943e-01
8.717919613711675453e+00 -2.393918396847993790e-16 -1.122670985747962896e-01
8.874999246391165997e+00 -1.882174971434835697e-16 -1.105086502946865390e-01
9.032078879070656541e+00 -6.331740687315345895e-17 -1.086875019122987007e-01
9.189158511750145308e+00 -2.298508605669269400e-16 -1.067139513498315539e-01
9.346238144429634076e+00 -1.162264728904460753e-16 -1.046715714196492508e-01
9.503317777109124620e+00 -8.586881206085195117e-17 -1.028614796706018436e-01
9.660397409788613388e+00 -5.204170427930421283e-17 -1.014167611255585993e-01
9.817477042468102155e+00 -1.101549407245272505e-16 -1.000906997079731436e-01
9.974556675147592699e+00 -4.336808689942017736e-17 -9.857384813090379339e-02
1.013163630782708324e+01 -5.984795992119984476e-17 -9.693590886348041336e-02
1.028871594050657379e+01 4.423544863740858091e-17 -9.545533748429296805e-02
1.044579557318606255e+01 -1.179611963664228824e-16 -9.421225338413044548e-02
1.060287520586555132e+01 -1.474514954580286030e-17 -9.303853014615713624e-02
1.075995483854504187e+01 1.023486850826316186e-16 -9.174023266103605023e-02
1.091703447122453063e+01 -3.035766082959412415e-17 -9.031748917140877686e-02
1.107411410390401940e+01 -8.847089727481716182e-17 -8.893892425180940919e-02
1.123119373658350995e+01 -1.023486850826316186e-16 -8.777306102178816793e-02
1.138827336926300049e+01 3.209238430557093125e-17 -8.682189080989459462e-02
1.154535300194249103e+01 -1.474514954580286030e-17 -8.588415450052851174e-02
1.170243263462197980e+01 5.551115123125782702e-17 -8.479403681977870644e-02
1.185951226730146857e+01 1.127570259384924611e-17 -8.364845576453186493e-02
1.201659189998095911e+01 1.908195823574487804e-17 -8.259695431130215093e-02
1.217367153266044788e+01 3.469446951953614189e-17 -8.175120015613590585e-02
1.233075116533993665e+01 9.020562075079396891e-17 -8.093469982267115226e-02
1.248783079801942719e+01 5.551115123125782702e-17 -7.996738381049556255e-02
1.264491043069891774e+01 6.158268339717665185e-17 -7.890258839961017401e-02
1.280199006337840650e+01 9.280770596475917955e-17 -7.791677508547992237e-02
1.295906969605789527e+01 1.040834085586084257e-17 -7.709472415099849485e-02
1.311614932873738759e+01 2.255140518769849223e-17 -7.635142200894098896e-02
1.327322896141687636e+01 3.382710778154773834e-17 -7.552082367008651487e-02
1.343030859409636513e+01 1.769417945496343236e-16 -7.452957944738422547e-02
1.358738822677585389e+01 1.240327285323417073e-16 -7.348424125564063936e-02
1.374446785945534444e+01 1.994931997373328159e-17 -7.260024738578362002e-02
1.390154749213483498e+01 5.724587470723463412e-17 -7.198646018957718939e-02
1.405862712481432553e+01 -6.505213034913026604e-17 -7.146544906712498646e-02
1.421570675749381429e+01 4.163336342344337027e-17 -7.072201480264261875e-02
1.437278639017330306e+01 4.683753385137379155e-17 -6.969021509015958793e-02
1.452986602285279183e+01 -1.301042606982605321e-17 -6.866849938486085936e-02
1.468694565553228415e+01 -8.673617379884035472e-18 -6.794639777224428800e-02
1.484402528821177292e+01 -8.153200337090993344e-17 -6.744583209195958995e-02
1.500110492089126168e+01 -3.209238430557093125e-17 -6.689426151416461019e-02
1.515818455357075223e+01 1.040834085586084257e-17 -6.616523412581518104e-02
1.531526418625024100e+01 3.469446951953614189e-17 -6.531971510033923733e-02
1.547234381892972976e+01 -9.540979117872439019e-18 -6.449591211223433540e-02
1.562942345160922208e+01 -2.428612866367529932e-17 -6.381932543633668520e-02
1.578650308428871085e+01 -5.377642775528101993e-17 -6.332492057881605740e-02
1.594358271696819962e+01 2.602085213965210642e-18 -6.288474071116932629e-02
1.610066234964768839e+01 -1.994931997373328159e-17 -6.227785300710039079e-02
1.625774198232717893e+01 4.163336342344337027e-17 -6.146991216275002334e-02
1.641482161500666948e+01 4.076600168545496672e-17 -6.069752737594822506e-02
1.657190124768616002e+01 -1.474514954580286030e-17 -6.016149166813276189e-02
1.672898088036564701e+01 5.464378949326942347e-17 -5.978846160128196974e-02
1.688606051304513755e+01 1.994931997373328159e-17 -5.936237406964686020e-02
1.704314014572462810e+01 9.020562075079396891e-17 -5.878696202821118155e-02
1.720021977840411864e+01 1.387778780781445676e-16 -5.814509043268328847e-02
1.735729941108360919e+01 2.341876692568689577e-17 -5.756260422010134326e-02
1.751437904376309618e+01 3.295974604355933479e-17 -5.708707897134419895e-02
1.767145867644258672e+01 5.204170427930421283e-17 -5.666959499590016464e-02
1.782853830912207371e+01 1.153591111524576718e-16 -5.622689572450061124e-02
1.798561794180156426e+01 9.367506770274758310e-17 -5.572646305030450747e-02
1.814269757448105480e+01 6.938893903907228378e-17 -5.521281699261570974e-02
1.829977720716054534e+01 1.136243876764808647e-16 -5.475869361385035661e-02
1.845685683984003589e+01 9.540979117872439019e-17 -5.437678569224541070e-02
1.861393647251952288e+01 7.806255641895631925e-17 -5.399370857271312135e-02
1.877101610519901342e+01 8.413408858487514408e-17 -5.355092280849915731e-02
