7.853981633974482790e-02 -1.615894917872395808e-15 -1.066813505646678067e-01
2.356194490192344837e-01 6.860831347488272058e-16 -2.638768910818762858e-01
3.926990816987241395e-01 1.066854937725736363e-15 -3.366711585662361395e-01
5.497787143782137953e-01 -7.979727989493312634e-16 -3.759504157715964912e-01
7.068583470577034511e-01 -1.386044057305468868e-15 -4.049784454599952843e-01
8.639379797371929959e-01 -2.810252031082427493e-16 -4.139831966453939027e-01
1.021017612416682763e+00 2.341876692568689577e-16 -4.067792852362096534e-01
1.178097245096172418e+00 -3.972516759986888246e-16 -4.010701906130804129e-01
1.335176877775662074e+00 -6.080205783298708866e-16 -3.987829417857751135e-01
1.492256510455151730e+00 -4.536301889679350552e-16 -3.911006516797680410e-01
1.649336143134641386e+00 -4.735795089416683368e-16 -3.791195619215000923e-01
1.806415775814131042e+00 -5.447031714567174276e-16 -3.674228122269443397e-01
1.963495408493620697e+00 -3.217912047936977160e-16 -3.539203495536590305e-01
2.120575041173110353e+00 -1.908195823574487804e-16 -3.372472529966063504e-01
2.277654673852600009e+00 -4.579669976578770729e-16 -3.227314361028311152e-01
2.434734306532089665e+00 -6.869504964868156094e-16 -3.137917026675635102e-01
2.591813939211579321e+00 -4.727121472036799332e-16 -3.065802900468440062e-01
2.748893571891068976e+00 -1.318389841742373392e-16 -2.962392666905722116e-01
2.905973204570558632e+00 -1.370431546021677605e-16 -2.831242425064781076e-01
3.063052837250048288e+00 -3.660266534311062969e-16 -2.717255967428917063e-01
3.220132469929537500e+00 -4.475586568020162304e-16 -2.640963830541462887e-01
3.377212102609027600e+00 -6.071532165918824830e-17 -2.566355019723344233e-01
3.534291735288517255e+00 1.231653667943533037e-16 -2.465530787136577806e-01
3.691371367968007355e+00 2.255140518769849223e-17 -2.367238262441028196e-01
3.848451000647496123e+00 -6.765421556309547668e-17 -2.296823797749792950e-01
4.005530633326985779e+00 -1.647987302177966740e-17 -2.233181536471888218e-01
4.162610266006476323e+00 1.665334536937734811e-16 -2.160314935025738070e-01
4.319689898685965979e+00 2.654126918244514854e-16 -2.093821370050445441e-01
4.476769531365454746e+00 1.301042606982605321e-16 -2.040132374273165294e-01
4.633849164044944402e+00 2.463307335887066074e-16 -1.986493325012980982e-01
4.790928796724434946e+00 1.283695372222837250e-16 -1.933981076840690094e-01
4.948008429403924602e+00 1.405126015541213746e-16 -1.888515637743302666e-01
5.105088062083413369e+00 2.966377143920340131e-16 -1.837595695964362452e-01
5.262167694762903025e+00 2.602085213965210642e-16 -1.778209921768702517e-01
5.419247327442393569e+00 2.020952849512980265e-16 -1.729437421477493242e-01
5.576326960121883225e+00 1.856154119295183591e-16 -1.694991168527999192e-01
5.733406592801371993e+00 2.072994553792284478e-16 -1.655576008379398001e-01
5.890486225480861648e+00 2.255140518769849223e-16 -1.607374983409790570e-01
6.047565858160352192e+00 1.309716224362489356e-16 -1.567335872635492455e-01
6.204645490839841848e+00 7.719519468096791570e-17 -1.536164629050804920e-01
6.361725123519330616e+00 1.006139616066548115e-16 -1.499987239627484370e-01
6.518804756198821160e+00 -1.040834085586084257e-17 -1.463316624271543964e-01
6.675884388878310816e+00 -9.020562075079396891e-17 -1.437776387494270058e-01
6.832964021557799583e+00 -8.326672684688674053e-17 -1.414643038926977625e-01
6.990043654237290127e+00 -1.439820485060749888e-16 -1.383015302629640730e-01
7.147123286916778895e+00 -7.285838599102589797e-17 -1.349805029063806117e-01
7.304202919596268551e+00 -1.717376241217039023e-16 -1.322475649883925741e-01
7.461282552275759095e+00 -1.587271980518778491e-16 -1.296952765542215558e-01
7.618362184955247862e+00 -2.471980953266950110e-16 -1.272171034235485831e-01
7.775441817634738406e+00 -2.706168622523819067e-16 -1.251575149579087221e-01
7.932521450314228062e+00 -1.942890293094023946e-16 -1.231439246304058821e-01
8.089601082993716830e+00 -1.977584762613560088e-16 -1.207012143682061611e-01
8.246680715673207374e+00 -2.324529457808921507e-16 -1.182442103536251454e-01
8.403760348352696141e+00 -2.827599265842195564e-16 -1.161777838267390311e-01
8.560839981032184909e+00 -2.341876692568689577e-16 -1.140406154872000977e-01
8.717919613711675453e+00 -2.983724378680108202e-16 -1.116338660383666970e-01
8.874999246391165997e+00 -2.532696274926138358e-16 -1.096991127425237245e-01
9.032078879070656541e+00 -3.235259282696745231e-16 -1.084520051817488701e-01
9.189158511750145308e+00 -2.220446049250313081e-16 -1.071242643967345587e-01
9.346238144429634076e+00 -3.235259282696745231e-16 -1.053154942560488860e-01
9.503317777109124620e+00 -2.107689023311820620e-16 -1.034371181610358043e-01
9.660397409788613388e+00 -2.688821387764050996e-16 -1.018688443084717482e-01
9.817477042468102155e+00 -1.587271980518778491e-16 -1.004042398279009207e-01
9.974556675147592699e+00 -1.387778780781445676e-16 -9.877874012511876634e-02
1.013163630782708324e+01 -1.457167719820517959e-16 -9.718830198105782303e-02
1.028871594050657379e+01 -1.561251128379126385e-16 -9.585301318212451072e-02
1.044579557318606255e+01 -1.170938346284344789e-16 -9.468535752355522472e-02
1.060287520586555132e+01 -7.632783294297951215e-17 -9.346234169328042352e-02
1.075995483854504187e+01 -3.989863994746656317e-17 -9.208143437771787454e-02
1.091703447122453063e+01 -1.908195823574487804e-17 -9.067161068587023531e-02
1.107411410390401940e+01 -7.112366251504909087e-17 -8.934359498775990005e-02
1.123119373658350995e+01 -6.418476861114186249e-17 -8.809530582657970621e-02
1.138827336926300049e+01 -9.714451465470119729e-17 -8.703951372624246785e-02
1.154535300194249103e+01 -3.729655473350135253e-17 -8.617495993210741445e-02
1.170243263462197980e+01 1.214306433183764966e-17 -8.513751959912925493e-02
1.185951226730146857e+01 4.510281037539698445e-17 -8.372567304992878379e-02
1.201659189998095911e+01 6.071532165918824830e-17 -8.231911436092478884e-02
1.217367153266044788e+01 -3.989863994746656317e-17 -8.144453998748928114e-02
1.233075116533993665e+01 1.214306433183764966e-17 -8.074430214633721015e-02
1.248783079801942719e+01 5.811323644522303766e-17 -7.970435316020924033e-02
1.264491043069891774e+01 6.071532165918824830e-17 -7.861846247647566455e-02
1.280199006337840650e+01 3.122502256758252770e-17 -7.786912972459626714e-02
1.295906969605789527e+01 6.331740687315345895e-17 -7.716706918822305306e-02
1.311614932873738759e+01 3.209238430557093125e-17 -7.615476673864071677e-02
1.327322896141687636e+01 2.688821387764050996e-17 -7.506585167276089154e-02
1.343030859409636513e+01 3.642919299551294898e-17 -7.420813357036483426e-02
1.358738822677585389e+01 1.734723475976807094e-18 -7.345442534062457396e-02
1.374446785945534444e+01 3.122502256758252770e-17 -7.266471269269461630e-02
1.390154749213483498e+01 -1.908195823574487804e-17 -7.194198327601469822e-02
1.405862712481432553e+01 -2.428612866367529932e-17 -7.125474896386577162e-02
1.421570675749381429e+01 -2.775557561562891351e-17 -7.038690469391692406e-02
1.437278639017330306e+01 -8.500145032286354763e-17 -6.939230276223282146e-02
1.452986602285279183e+01 -5.724587470723463412e-17 -6.863992286305684032e-02
1.468694565553228415e+01 -8.153200337090993344e-17 -6.814798364524024543e-02
1.484402528821177292e+01 -5.377642775528101993e-17 -6.752933156433815753e-02
1.500110492089126168e+01 -4.510281037539698445e-17 -6.667923131429048800e-02
1.515818455357075223e+01 -5.984795992119984476e-17 -6.589425928602427041e-02
1.531526418625024100e+01 0.000000000000000000e+00 -6.531970730536984515e-02
1.547234381892972976e+01 -8.239936510889833698e-17 -6.475427623896412577e-02
1.562942345160922208e+01 -2.081668171172168513e-17 -6.401494308015191759e-02
1.578650308428871085e+01 -1.734723475976807094e-17 -6.325300317978084508e-02
1.594358271696819962e+01 -5.551115123125782702e-17 -6.271872281165037644e-02
1.610066234964768839e+01 -3.903127820947815962e-17 -6.230038208650777454e-02
1.625774198232717893e+01 -6.331740687315345895e-17 -6.169287525644601144e-02
1.641482161500666948e+01 5.204170427930421283e-18 -6.093640556590861068e-02
1.657190124768616002e+01 2.515349040166370287e-17 -6.030456961769412733e-02
1.672898088036564701e+01 -1.994931997373328159e-17 -5.981726796566567972e-02
1.688606051304513755e+01 4.336808689942017736e-17 -5.932264868437790023e-02
1.704314014572462810e+01 4.423544863740858091e-17 -5.880424879033298302e-02
1.720021977840411864e+01 5.724587470723463412e-17 -5.832418272460222763e-02
1.735729941108360919e+01 3.989863994746656317e-17 -5.780403791483550158e-02
1.751437904376309618e+01 2.862293735361731706e-17 -5.718644409288273223e-02
1.767145867644258672e+01 4.597017211338538800e-17 -5.663482417422539827e-02
1.782853830912207371e+01 7.025630077706068732e-17 -5.624848222108570772e-02
1.798561794180156426e+01 4.943961906533900219e-17 -5.584966829433890556e-02
1.814269757448105480e+01 6.158268339717665185e-17 -5.532134576736566500e-02
1.829977720716054534e+01 9.280770596475917955e-17 -5.483341146377072872e-02
1.845685683984003589e+01 4.770489558936219510e-17 -5.449102543527115788e-02
1.861393647251952288e+01 1.032160468206200221e-16 -5.409193406468700699e-02
1.877101610519901342e+01 9.801187639268960083e-17 -5.352493283120636491e-02
