7.853981633974482790e-02 -2.068657745102342460e-14 -1.036156988430435855e-01
2.356194490192344837e-01 -9.367506770274758310e-15 -2.708446071908977570e-01
3.926990816987241395e-01 5.377642775528101993e-16 -3.649298240158974638e-01
5.497787143782137953e-01 4.935288289154016184e-15 -4.041274960152284601e-01
7.068583470577034511e-01 4.933553565678039377e-15 -4.143144421158925228e-01
8.639379797371929959e-01 2.704433899047842260e-15 -4.147355707690790760e-01
1.021017612416682763e+00 4.085273785925380707e-16 -4.153531129628742491e-01
1.178097245096172418e+00 -6.748074321549779597e-16 -4.165557282569394282e-01
1.335176877775662074e+00 -3.955169525227120175e-16 -4.138288135274995061e-01
1.492256510455151730e+00 5.308253836489029709e-16 -4.037717487403502670e-01
1.649336143134641386e+00 1.092875789865388469e-15 -3.875067040085592995e-01
1.806415775814131042e+00 8.005748841632964741e-16 -3.695420063630142637e-01
1.963495408493620697e+00 1.040834085586084257e-17 -3.536484824975036911e-01
2.120575041173110353e+00 -6.418476861114186249e-16 -3.406221239647134746e-01
2.277654673852600009e+00 -7.806255641895631925e-16 -3.294305762800324167e-01
2.434734306532089665e+00 -3.764349942869671395e-16 -3.186564943238106018e-01
2.591813939211579321e+00 1.231653667943533037e-16 -3.075557148655310158e-01
2.748893571891068976e+00 3.582203977892106650e-16 -2.959401936651224752e-01
2.905973204570558632e+00 4.041905699025960530e-16 -2.839616307787105609e-01
3.063052837250048288e+00 2.966377143920340131e-16 -2.724644681483521236e-01
3.220132469929537500e+00 8.760353553682875827e-17 -2.621490058468393669e-01
3.377212102609027600e+00 6.591949208711866959e-17 -2.532273750718997407e-01
3.534291735288517255e+00 1.136243876764808647e-16 -2.453344661177293551e-01
3.691371367968007355e+00 3.608224830031758756e-16 -2.377785099880414532e-01
3.848451000647496123e+00 3.764349942869671395e-16 -2.303118250511312914e-01
4.005530633326985779e+00 3.590877595271990685e-16 -2.230906888450003289e-01
4.162610266006476323e+00 3.582203977892106650e-16 -2.163765484025401697e-01
4.319689898685965979e+00 4.111294638065032814e-16 -2.103562745308291126e-01
4.476769531365454746e+00 4.180683577104105098e-16 -2.047478763681973846e-01
4.633849164044944402e+00 4.822531263215523722e-16 -1.990740721821813441e-01
4.790928796724434946e+00 3.799044412389207537e-16 -1.934131371182923609e-01
4.948008429403924602e+00 4.943961906533900219e-16 -1.880174224470793909e-01
5.105088062083413369e+00 5.273559366969493567e-16 -1.829370162923300569e-01
5.262167694762903025e+00 4.805184028455755652e-16 -1.782377482090168885e-01
5.419247327442393569e+00 5.308253836489029709e-16 -1.738143509449511792e-01
5.576326960121883225e+00 4.649058915617843013e-16 -1.694495101392746728e-01
5.733406592801371993e+00 5.308253836489029709e-16 -1.650255729368246271e-01
5.890486225480861648e+00 4.241398898763293346e-16 -1.605918003253046511e-01
6.047565858160352192e+00 4.891920202254596006e-16 -1.564245201873441238e-01
6.204645490839841848e+00 3.807718029769091572e-16 -1.527438770422516467e-01
6.361725123519330616e+00 2.289834988289385365e-16 -1.494525117851362161e-01
6.518804756198821160e+00 7.199102425303749442e-17 -1.465114065055619086e-01
6.675884388878310816e+00 1.335737076502141463e-16 -1.439092770901829188e-01
6.832964021557799583e+00 1.092875789865388469e-16 -1.412547805173154369e-01
6.990043654237290127e+00 1.873501354054951662e-16 -1.383036962577663953e-01
7.147123286916778895e+00 1.196959198423996895e-16 -1.352795812603721504e-01
7.304202919596268551e+00 1.179611963664228824e-16 -1.323883646179364049e-01
7.461282552275759095e+00 -8.760353553682875827e-17 -1.297308445328600179e-01
7.618362184955247862e+00 -7.459310946700270506e-17 -1.273822177103691999e-01
7.775441817634738406e+00 -1.370431546021677605e-16 -1.252277315312027017e-01
7.932521450314228062e+00 4.683753385137379155e-17 -1.230053720817628482e-01
8.089601082993716830e+00 5.204170427930421283e-18 -1.205740096582212095e-01
8.246680715673207374e+00 2.428612866367529932e-17 -1.180765915446129050e-01
8.403760348352696141e+00 -1.474514954580286030e-17 -1.157629328747476205e-01
8.560839981032184909e+00 -6.765421556309547668e-17 -1.137453789505157159e-01
8.717919613711675453e+00 -1.006139616066548115e-16 -1.119794100831062872e-01
8.874999246391165997e+00 -1.422473250300981817e-16 -1.103584709132502811e-01
9.032078879070656541e+00 -1.647987302177966740e-17 -1.087020140529753043e-01
9.189158511750145308e+00 -1.040834085586084257e-16 -1.068798469947057628e-01
9.346238144429634076e+00 -5.204170427930421283e-17 -1.050109886050509811e-01
9.503317777109124620e+00 -3.989863994746656317e-17 -1.032763129418422937e-01
9.660397409788613388e+00 -5.637851296924623057e-17 -1.017395738408544692e-01
9.817477042468102155e+00 -4.683753385137379155e-17 -1.003234499205236385e-01
9.974556675147592699e+00 -2.428612866367529932e-17 -9.889194573810551614e-02
1.013163630782708324e+01 -4.423544863740858091e-17 -9.743307479623858347e-02
1.028871594050657379e+01 1.474514954580286030e-17 -9.597229876549601135e-02
1.044579557318606255e+01 5.551115123125782702e-17 -9.453210371890802266e-02
1.060287520586555132e+01 4.423544863740858091e-17 -9.316691364425781774e-02
1.075995483854504187e+01 -6.938893903907228378e-18 -9.187770550882803922e-02
1.091703447122453063e+01 9.887923813067800438e-17 -9.062223402629203395e-02
1.107411410390401940e+01 3.035766082959412415e-17 -8.939778711980736481e-02
1.123119373658350995e+01 -3.295974604355933479e-17 -8.823702610047665096e-02
1.138827336926300049e+01 2.862293735361731706e-17 -8.714457995203195306e-02
1.154535300194249103e+01 1.994931997373328159e-17 -8.606655140752642041e-02
1.170243263462197980e+01 7.112366251504909087e-17 -8.493240803929381910e-02
1.185951226730146857e+01 1.413799632921097782e-16 -8.377452612840412260e-02
1.201659189998095911e+01 6.852157730108388023e-17 -8.263575376793606819e-02
1.217367153266044788e+01 2.341876692568689577e-17 -8.160813654151474750e-02
1.233075116533993665e+01 1.240327285323417073e-16 -8.064670391267089733e-02
1.248783079801942719e+01 -8.673617379884035472e-19 -7.967984185333695790e-02
1.264491043069891774e+01 8.500145032286354763e-17 -7.870756073585824519e-02
1.280199006337840650e+01 1.110223024625156540e-16 -7.777852551014188820e-02
1.295906969605789527e+01 1.413799632921097782e-16 -7.686856249788709405e-02
1.311614932873738759e+01 1.309716224362489356e-16 -7.594251230145891707e-02
1.327322896141687636e+01 4.163336342344337027e-17 -7.504799125940324334e-02
1.343030859409636513e+01 -3.989863994746656317e-17 -7.421969444434743657e-02
1.358738822677585389e+01 2.602085213965210642e-18 -7.343122437697752192e-02
1.374446785945534444e+01 -2.602085213965210642e-18 -7.266313899626203332e-02
1.390154749213483498e+01 6.591949208711866959e-17 -7.190883711292278546e-02
1.405862712481432553e+01 6.938893903907228378e-17 -7.112431373717600924e-02
1.421570675749381429e+01 6.418476861114186249e-17 -7.027259249995906898e-02
1.437278639017330306e+01 5.811323644522303766e-17 -6.940048083023379888e-02
1.452986602285279183e+01 1.734723475976807094e-17 -6.861210510247402194e-02
1.468694565553228415e+01 3.209238430557093125e-17 -6.794606631691908760e-02
1.484402528821177292e+01 2.862293735361731706e-17 -6.733040351204105933e-02
1.500110492089126168e+01 6.158268339717665185e-17 -6.669210178127371602e-02
1.515818455357075223e+01 1.066854937725736363e-16 -6.601702508376502965e-02
1.531526418625024100e+01 8.500145032286354763e-17 -6.531983304811556090e-02
1.547234381892972976e+01 9.194034422677077600e-17 -6.463742414713810613e-02
1.562942345160922208e+01 3.816391647148975608e-17 -6.400323200586531536e-02
1.578650308428871085e+01 4.076600168545496672e-17 -6.342509617981245684e-02
1.594358271696819962e+01 3.729655473350135253e-17 -6.288519237112785709e-02
1.610066234964768839e+01 3.295974604355933479e-17 -6.232217897809115559e-02
1.625774198232717893e+01 6.591949208711866959e-17 -6.168667362801984189e-02
1.641482161500666948e+01 3.469446951953614189e-17 -6.101788321162800177e-02
1.657190124768616002e+01 8.066464163292152989e-17 -6.039318839345605983e-02
1.672898088036564701e+01 4.250072516143177381e-17 -5.983873788510667840e-02
1.688606051304513755e+01 7.806255641895631925e-18 -5.932363178010806315e-02
1.704314014572462810e+01 3.729655473350135253e-17 -5.881790870993293396e-02
1.720021977840411864e+01 -3.469446951953614189e-18 -5.831782406972693678e-02
1.735729941108360919e+01 5.204170427930421283e-17 -5.781352292310266983e-02
1.751437904376309618e+01 7.025630077706068732e-17 -5.729354944828984886e-02
1.767145867644258672e+01 9.020562075079396891e-17 -5.677816302936058296e-02
1.782853830912207371e+01 9.280770596475917955e-17 -5.628989862327020421e-02
1.798561794180156426e+01 7.632783294297951215e-17 -5.581098123060554417e-02
1.814269757448105480e+01 6.331740687315345895e-17 -5.533138989988033163e-02
1.829977720716054534e+01 1.318389841742373392e-16 -5.487162122617435245e-02
1.845685683984003589e+01 7.806255641895631925e-17 -5.443007605140726818e-02
1.861393647251952288e+01 1.014813233446432150e-16 -5.397991948405875262e-02
1.877101610519901342e+01 1.387778780781445676e-16 -5.350848110287364373e-02
