7.853981633974482790e-02 -2.472848315004938513e-15 -1.877885847551185872e-01
2.356194490192344837e-01 -8.023096076392732812e-16 -3.890761234462566942e-01
3.926990816987241395e-01 -2.697495005143935032e-16 -4.257446287438044763e-01
5.497787143782137953e-01 -2.324529457808921507e-16 -4.474470846552559555e-01
7.068583470577034511e-01 -3.634245682171410863e-16 -4.675456226666840909e-01
8.639379797371929959e-01 -3.651592916931178934e-16 -4.582777664618268298e-01
1.021017612416682763e+00 -3.703634621210483147e-16 -4.451694375074780607e-01
1.178097245096172418e+00 -3.703634621210483147e-16 -4.453864330614524247e-01
1.335176877775662074e+00 -2.489328188026718180e-16 -4.427122863330328340e-01
1.492256510455151730e+00 -3.512815038853034366e-16 -4.249006384430545347e-01
1.649336143134641386e+00 -3.634245682171410863e-16 -3.971009348038789799e-01
1.806415775814131042e+00 -3.920475055707584033e-16 -3.743638604333272557e-01
1.963495408493620697e+00 -4.735795089416683368e-16 -3.618684618766081496e-01
2.120575041173110353e+00 -4.085273785925380707e-16 -3.528789316432336953e-01
2.277654673852600009e+00 -4.805184028455755652e-16 -3.401712190520768120e-01
2.434734306532089665e+00 -3.738329090730019288e-16 -3.265170385254060892e-01
2.591813939211579321e+00 -2.749536709423239245e-16 -3.157542287819635196e-01
2.748893571891068976e+00 -3.131175874138136805e-16 -3.039881945580735767e-01
2.905973204570558632e+00 -1.587271980518778491e-16 -2.882209938765022406e-01
3.063052837250048288e+00 -2.402592014227877826e-16 -2.751455065731402416e-01
3.220132469929537500e+00 -2.315855840429037471e-16 -2.674874690484602135e-01
3.377212102609027600e+00 -3.469446951953614189e-17 -2.599012259285767845e-01
3.534291735288517255e+00 -7.632783294297951215e-17 -2.502206421800385328e-01
3.691371367968007355e+00 8.239936510889833698e-17 -2.421873918356020339e-01
3.848451000647496123e+00 7.806255641895631925e-17 -2.351898401802015592e-01
4.005530633326985779e+00 8.153200337090993344e-17 -2.252103779632613212e-01
4.162610266006476323e+00 1.344410693882025498e-16 -2.149677219258860350e-01
4.319689898685965979e+00 2.610758831345094677e-16 -2.092386381875271373e-01
4.476769531365454746e+00 1.136243876764808647e-16 -2.060684188031523256e-01
4.633849164044944402e+00 2.090341788552052549e-16 -2.011737597835250579e-01
4.790928796724434946e+00 2.697495005143935032e-16 -1.950627113400346668e-01
4.948008429403924602e+00 2.610758831345094677e-16 -1.896764980434656467e-01
5.105088062083413369e+00 3.313321839115701550e-16 -1.846368738018959177e-01
5.262167694762903025e+00 2.489328188026718180e-16 -1.793978218029320393e-01
5.419247327442393569e+00 3.616898447411642792e-16 -1.744290610992062784e-01
5.576326960121883225e+00 1.621966450038314633e-16 -1.704096781686554318e-01
5.733406592801371993e+00 2.489328188026718180e-16 -1.664122612922092626e-01
5.890486225480861648e+00 1.448494102440633924e-16 -1.615472569489860843e-01
6.047565858160352192e+00 1.812786032395763414e-16 -1.571729659120453260e-01
6.204645490839841848e+00 1.674008154317618846e-16 -1.542742745198040777e-01
6.361725123519330616e+00 8.933825901280556536e-17 -1.512766706101595915e-01
6.518804756198821160e+00 1.769417945496343236e-16 -1.471927638155097751e-01
6.675884388878310816e+00 3.642919299551294898e-17 -1.438120539523556340e-01
6.832964021557799583e+00 -3.556183125752454544e-17 -1.416068370528323905e-01
6.990043654237290127e+00 -8.586881206085195117e-17 -1.391480894551098413e-01
7.147123286916778895e+00 -6.331740687315345895e-17 -1.360140808551723313e-01
7.304202919596268551e+00 -5.811323644522303766e-17 -1.327939610269740778e-01
7.461282552275759095e+00 -1.023486850826316186e-16 -1.300142111615615326e-01
7.618362184955247862e+00 -1.743397093356691130e-16 -1.275189648052673097e-01
7.775441817634738406e+00 -2.853620117981847670e-16 -1.251204577742576762e-01
7.932521450314228062e+00 -2.593411596585326606e-16 -1.229045800587374171e-01
8.089601082993716830e+00 -2.385244779468109755e-16 -1.206502355545606142e-01
8.246680715673207374e+00 -1.665334536937734811e-16 -1.186005752447049921e-01
8.403760348352696141e+00 -1.778091562876227272e-16 -1.167134005938019470e-01
8.560839981032184909e+00 -1.188285581044112860e-16 -1.143971338463921766e-01
8.717919613711675453e+00 -2.324529457808921507e-16 -1.120495882965300977e-01
8.874999246391165997e+00 -1.986258379993444123e-16 -1.103097300024906691e-01
9.032078879070656541e+00 -2.489328188026718180e-16 -1.089513798073152850e-01
9.189158511750145308e+00 -2.315855840429037471e-16 -1.074047514370071732e-01
9.346238144429634076e+00 -3.287300986976049444e-16 -1.054740609761076059e-01
9.503317777109124620e+00 -2.020952849512980265e-16 -1.035022137428923406e-01
9.660397409788613388e+00 -1.968911145233676052e-16 -1.020483065356061481e-01
9.817477042468102155e+00 -2.064320936412400442e-16 -1.007582115282805307e-01
9.974556675147592699e+00 -8.326672684688674053e-17 -9.890786018850657169e-02
1.013163630782708324e+01 -1.257674520083185143e-16 -9.719388841599521656e-02
1.028871594050657379e+01 -7.459310946700270506e-17 -9.614492226064830227e-02
1.044579557318606255e+01 -1.665334536937734811e-16 -9.500033541377969626e-02
1.060287520586555132e+01 -4.510281037539698445e-17 -9.341009432579154559e-02
1.075995483854504187e+01 -9.627715291671279374e-17 -9.206394773520373831e-02
1.091703447122453063e+01 -8.933825901280556536e-17 -9.089841736217295354e-02
1.107411410390401940e+01 -1.708702623837154988e-16 -8.945411149513803062e-02
1.123119373658350995e+01 -1.630640067418198669e-16 -8.825150077084986666e-02
1.138827336926300049e+01 -1.084202172485504434e-16 -8.724677869364723393e-02
1.154535300194249103e+01 -1.804112415015879378e-16 -8.594215085738646231e-02
1.170243263462197980e+01 -1.196959198423996895e-16 -8.464002107988753687e-02
1.185951226730146857e+01 -1.222980050563649002e-16 -8.364202997659420102e-02
1.201659189998095911e+01 -1.361757928641793569e-16 -8.247657743065067715e-02
1.217367153266044788e+01 -1.075528555105620399e-16 -8.141353718879355827e-02
1.233075116533993665e+01 -8.847089727481716182e-17 -8.080585819510087420e-02
1.248783079801942719e+01 -2.775557561562891351e-17 -8.001083834467791200e-02
1.264491043069891774e+01 9.107298248878237246e-17 -7.872955210314980246e-02
1.280199006337840650e+01 1.821459649775647449e-17 -7.771943015545834665e-02
1.295906969605789527e+01 5.204170427930421283e-18 -7.700178322856383872e-02
1.311614932873738759e+01 -8.673617379884035472e-19 -7.601788857636104790e-02
1.327322896141687636e+01 0.000000000000000000e+00 -7.488736048742554441e-02
1.343030859409636513e+01 -3.382710778154773834e-17 -7.407944796701923518e-02
1.358738822677585389e+01 1.821459649775647449e-17 -7.347750089055417322e-02
1.374446785945534444e+01 -4.770489558936219510e-17 -7.275618363090927132e-02
1.390154749213483498e+01 4.336808689942017736e-18 -7.187913498033610127e-02
1.405862712481432553e+01 -3.469446951953614189e-18 -7.100989473452946898e-02
1.421570675749381429e+01 2.602085213965210642e-18 -7.023590021676591466e-02
1.437278639017330306e+01 -1.170938346284344789e-16 -6.947828576912992715e-02
1.452986602285279183e+01 -1.509209424099822172e-16 -6.875676042112874309e-02
1.468694565553228415e+01 -8.933825901280556536e-17 -6.796392480750435006e-02
1.484402528821177292e+01 -1.014813233446432150e-16 -6.712171467098146382e-02
1.500110492089126168e+01 -1.214306433183764966e-17 -6.651529538188347135e-02
1.515818455357075223e+01 2.168404344971008868e-17 -6.605102909246200749e-02
1.531526418625024100e+01 1.647987302177966740e-17 -6.531978408734030739e-02
1.547234381892972976e+01 4.336808689942017736e-18 -6.460505175154281077e-02
1.562942345160922208e+01 -7.806255641895631925e-18 -6.416385478152647481e-02
1.578650308428871085e+01 -7.892991815694472280e-17 -6.360556328486767497e-02
1.594358271696819962e+01 -7.199102425303749442e-17 -6.287039931342607024e-02
1.610066234964768839e+01 -9.020562075079396891e-17 -6.220863375299347242e-02
1.625774198232717893e+01 -9.714451465470119729e-17 -6.162853352608998331e-02
1.641482161500666948e+01 1.561251128379126385e-17 -6.104409444339978230e-02
1.657190124768616002e+01 2.775557561562891351e-17 -6.047090596556521647e-02
1.672898088036564701e+01 -3.469446951953614189e-18 -5.985790035835278355e-02
1.688606051304513755e+01 -1.994931997373328159e-17 -5.926626834255267762e-02
1.704314014572462810e+01 3.903127820947815962e-17 -5.879081137270199264e-02
1.720021977840411864e+01 2.949029909160572061e-17 -5.839615487401450533e-02
1.735729941108360919e+01 1.821459649775647449e-17 -5.789880188321735316e-02
1.751437904376309618e+01 2.515349040166370287e-17 -5.725544063593762667e-02
1.767145867644258672e+01 3.295974604355933479e-17 -5.671417927633282119e-02
1.782853830912207371e+01 5.637851296924623057e-17 -5.631688698937341309e-02
1.798561794180156426e+01 7.112366251504909087e-17 -5.580134184859954910e-02
1.814269757448105480e+01 3.122502256758252770e-17 -5.519470392696466249e-02
1.829977720716054534e+01 3.642919299551294898e-17 -5.480921240226165059e-02
1.845685683984003589e+01 3.729655473350135253e-17 -5.450260802453540943e-02
1.861393647251952288e+01 5.204170427930421283e-17 -5.403623904120956334e-02
1.877101610519901342e+01 4.510281037539698445e-17 -5.355294582108728607e-02
