7.853981633974482790e-02 -8.760353553682875827e-17 -3.340203773707782486e-02
2.356194490192344837e-01 -2.393918396847993790e-16 -9.723595306684068573e-02
3.926990816987241395e-01 -2.654126918244514854e-16 -1.531999009850767424e-01
5.497787143782137953e-01 -3.400058012914541905e-16 -1.987100910011227461e-01
7.068583470577034511e-01 -5.108760636751696893e-16 -2.333306983516690303e-01
8.639379797371929959e-01 -5.533767888366014631e-16 -2.579369449527975089e-01
1.021017612416682763e+00 -5.421010862427522170e-16 -2.740183978927244746e-01
1.178097245096172418e+00 -4.805184028455755652e-16 -2.833135373372367427e-01
1.335176877775662074e+00 -4.631711680858074942e-16 -2.875640126674833819e-01
1.492256510455151730e+00 -3.937822290467352104e-16 -2.882883033568285347e-01
1.649336143134641386e+00 -3.486794186713382260e-16 -2.866262753577626388e-01
1.806415775814131042e+00 -3.790370795009323501e-16 -2.833455144625047217e-01
1.963495408493620697e+00 -3.573530360512222614e-16 -2.789523107597980944e-01
2.120575041173110353e+00 -3.070460552478948557e-16 -2.738016612890872836e-01
2.277654673852600009e+00 -3.833738881908743679e-16 -2.681541411168971711e-01
2.434734306532089665e+00 -3.469446951953614189e-16 -2.622069188491668590e-01
2.591813939211579321e+00 -3.694961003830599111e-16 -2.561168010044811427e-01
2.748893571891068976e+00 -2.949029909160572061e-16 -2.500096135880876536e-01
2.905973204570558632e+00 -2.844946500601963635e-16 -2.439757606967965509e-01
3.063052837250048288e+00 -2.203098814490545010e-16 -2.380682249213077473e-01
3.220132469929537500e+00 -1.439820485060749888e-16 -2.323125726328733043e-01
3.377212102609027600e+00 -1.040834085586084257e-16 -2.267200363928911777e-01
3.534291735288517255e+00 -1.387778780781445676e-17 -2.212967524536506581e-01
3.691371367968007355e+00 1.561251128379126385e-17 -2.160412591823884787e-01
3.848451000647496123e+00 5.637851296924623057e-17 -2.109365708401058637e-01
4.005530633326985779e+00 4.770489558936219510e-17 -2.059489878426611353e-01
4.162610266006476323e+00 1.231653667943533037e-16 -2.010402746053517875e-01
4.319689898685965979e+00 2.012279232133096230e-16 -1.961829932043354652e-01
4.476769531365454746e+00 1.457167719820517959e-16 -1.913702825453608702e-01
4.633849164044944402e+00 1.144917494144692682e-16 -1.866151140464746283e-01
4.790928796724434946e+00 1.439820485060749888e-16 -1.819411793622386919e-01
4.948008429403924602e+00 1.630640067418198669e-16 -1.773719450393587138e-01
5.105088062083413369e+00 2.185751579730776939e-16 -1.729254133693283180e-01
5.262167694762903025e+00 2.628106066104862748e-16 -1.686165890267676826e-01
5.419247327442393569e+00 1.916869440954371839e-16 -1.644612539336313406e-01
5.576326960121883225e+00 2.116362640691704655e-16 -1.604755558172100971e-01
5.733406592801371993e+00 1.578598363138894456e-16 -1.566739188148620898e-01
5.890486225480861648e+00 1.561251128379126385e-16 -1.530674960174252530e-01
6.047565858160352192e+00 1.769417945496343236e-16 -1.496629093536438748e-01
6.204645490839841848e+00 1.014813233446432150e-16 -1.464605473078387787e-01
6.361725123519330616e+00 7.979727989493312634e-17 -1.434551512880406499e-01
6.518804756198821160e+00 7.806255641895631925e-18 -1.406397845230903387e-01
6.675884388878310816e+00 7.632783294297951215e-17 -1.380070960382669687e-01
6.832964021557799583e+00 -5.551115123125782702e-17 -1.355440484973625959e-01
6.990043654237290127e+00 -4.510281037539698445e-17 -1.332249244503332930e-01
7.147123286916778895e+00 -1.214306433183764966e-17 -1.310108848448163221e-01
7.304202919596268551e+00 -1.474514954580286030e-16 -1.288585901146764856e-01
7.461282552275759095e+00 -1.006139616066548115e-16 -1.267301270526294821e-01
7.618362184955247862e+00 -1.804112415015879378e-16 -1.245972952778043319e-01
7.775441817634738406e+00 -1.422473250300981817e-16 -1.224425180727740509e-01
7.932521450314228062e+00 -1.509209424099822172e-16 -1.202619160634888495e-01
8.089601082993716830e+00 -2.203098814490545010e-16 -1.180699876914048096e-01
8.246680715673207374e+00 -1.752070710736575165e-16 -1.158984364840946468e-01
8.403760348352696141e+00 -2.229119666630197116e-16 -1.137867797905819517e-01
8.560839981032184909e+00 -2.298508605669269400e-16 -1.117693844274138815e-01
8.717919613711675453e+00 -2.862293735361731706e-16 -1.098674520823124529e-01
8.874999246391165997e+00 -2.298508605669269400e-16 -1.080880983145902086e-01
9.032078879070656541e+00 -2.107689023311820620e-16 -1.064272136712464956e-01
9.189158511750145308e+00 -2.454633718507182039e-16 -1.048728851598318135e-01
9.346238144429634076e+00 -1.717376241217039023e-16 -1.034076517223947722e-01
9.503317777109124620e+00 -1.752070710736575165e-16 -1.020093486198570404e-01
9.660397409788613388e+00 -1.821459649775647449e-16 -1.006511883333969792e-01
9.817477042468102155e+00 -1.908195823574487804e-16 -9.930369266896812985e-02
9.974556675147592699e+00 -1.587271980518778491e-16 -9.794093575147191921e-02
1.013163630782708324e+01 -1.318389841742373392e-16 -9.654911837802512831e-02
1.028871594050657379e+01 -1.309716224362489356e-16 -9.513249484122135446e-02
1.044579557318606255e+01 -1.413799632921097782e-16 -9.371234790511538681e-02
1.060287520586555132e+01 -7.719519468096791570e-17 -9.231937813743044952e-02
1.075995483854504187e+01 -3.295974604355933479e-17 -9.098249796479827844e-02
1.091703447122453063e+01 -3.295974604355933479e-17 -8.972038422196104701e-02
1.107411410390401940e+01 -8.326672684688674053e-17 -8.853822940898201099e-02
1.123119373658350995e+01 -6.505213034913026604e-17 -8.742886517313142036e-02
1.138827336926300049e+01 -3.035766082959412415e-17 -8.637486533431701363e-02
1.154535300194249103e+01 -4.857225732735059864e-17 -8.535158468541520493e-02
1.170243263462197980e+01 0.000000000000000000e+00 -8.433253800689852198e-02
1.185951226730146857e+01 4.076600168545496672e-17 -8.332413175255018456e-02
1.201659189998095911e+01 5.377642775528101993e-17 -8.226501278706027653e-02
1.217367153266044788e+01 3.642919299551294898e-17 -8.118948908757205041e-02
1.233075116533993665e+01 4.683753385137379155e-17 -8.011764612861740908e-02
1.248783079801942719e+01 9.280770596475917955e-17 -7.907501251923870766e-02
1.264491043069891774e+01 6.071532165918824830e-17 -7.808413561538435355e-02
1.280199006337840650e+01 6.245004513516505540e-17 -7.715811288741229734e-02
1.295906969605789527e+01 7.025630077706068732e-17 -7.629845542786714563e-02
1.311614932873738759e+01 8.413408858487514408e-17 -7.549685900252769977e-02
1.327322896141687636e+01 8.586881206085195117e-17 -7.473860998633684305e-02
1.343030859409636513e+01 3.122502256758252770e-17 -7.400579342817040218e-02
1.358738822677585389e+01 4.943961906533900219e-17 -7.328104960229817055e-02
1.374446785945534444e+01 5.724587470723463412e-17 -7.255150289234646444e-02
1.390154749213483498e+01 2.862293735361731706e-17 -7.181114012011777237e-02
1.405862712481432553e+01 4.336808689942017736e-17 -7.106001981739487605e-02
1.421570675749381429e+01 -3.469446951953614189e-18 -7.030212985454541152e-02
1.437278639017330306e+01 7.806255641895631925e-18 -6.954433147435390428e-02
1.452986602285279183e+01 4.336808689942017736e-18 -6.879560862990416470e-02
1.468694565553228415e+01 -1.214306433183764966e-17 -6.806447002619030184e-02
1.484402528821177292e+01 1.647987302177966740e-17 -6.735468215554979432e-02
1.500110492089126168e+01 3.469446951953614189e-18 -6.666364021047678501e-02
1.515818455357075223e+01 8.673617379884035472e-19 -6.598616203458697316e-02
1.531526418625024100e+01 -2.081668171172168513e-17 -6.532005042359080582e-02
1.547234381892972976e+01 -7.806255641895631925e-18 -6.466721468150456176e-02
1.562942345160922208e+01 4.336808689942017736e-18 -6.402937084947102342e-02
1.578650308428871085e+01 2.341876692568689577e-17 -6.340432266764788050e-02
1.594358271696819962e+01 -1.647987302177966740e-17 -6.278776456173090770e-02
1.610066234964768839e+01 7.806255641895631925e-18 -6.217818649817338783e-02
1.625774198232717893e+01 1.908195823574487804e-17 -6.157913842392051529e-02
1.641482161500666948e+01 2.949029909160572061e-17 -6.099690017815771748e-02
1.657190124768616002e+01 4.770489558936219510e-17 -6.043686270968851026e-02
1.672898088036564701e+01 1.908195823574487804e-17 -5.990187528052931532e-02
1.688606051304513755e+01 4.943961906533900219e-17 -5.939230034228835248e-02
1.704314014572462810e+01 7.112366251504909087e-17 -5.890587348474943252e-02
1.720021977840411864e+01 5.377642775528101993e-17 -5.843711712767581112e-02
1.735729941108360919e+01 7.285838599102589797e-17 -5.797772690850416799e-02
1.751437904376309618e+01 7.806255641895631925e-17 -5.751856859459524018e-02
1.767145867644258672e+01 5.377642775528101993e-17 -5.705195824295169332e-02
1.782853830912207371e+01 7.546047120499110861e-17 -5.657325301942622148e-02
1.798561794180156426e+01 7.806255641895631925e-17 -5.608170822507871356e-02
1.814269757448105480e+01 7.112366251504909087e-17 -5.558106545320710273e-02
1.829977720716054534e+01 8.933825901280556536e-17 -5.507918063720766699e-02
1.845685683984003589e+01 7.112366251504909087e-17 -5.458612627657116051e-02
1.861393647251952288e+01 1.023486850826316186e-16 -5.411115107549891584e-02
1.877101610519901342e+01 7.285838599102589797e-17 -5.365978637641050097e-02
