7.853981633974482790e-02 4.537169251417338955e-15 -5.844320102041290071e-02
2.356194490192344837e-01 1.040834085586084257e-16 -1.598380599733222329e-01
3.926990816987241395e-01 -4.121702978920893656e-15 -2.287704168617257228e-01
5.497787143782137953e-01 -4.874572967494827935e-15 -2.697738061894654482e-01
7.068583470577034511e-01 -2.712240154689737892e-15 -2.946247388042066984e-01
8.639379797371929959e-01 2.055647319032516407e-16 -3.119896241628142830e-01
1.021017612416682763e+00 2.428612866367529932e-15 -3.256094903923654749e-01
1.178097245096172418e+00 2.777292285038868158e-15 -3.354313479824548860e-01
1.335176877775662074e+00 1.184816134092159245e-15 -3.397542504888489967e-01
1.492256510455151730e+00 -9.159339953157541458e-16 -3.377745742398814421e-01
1.649336143134641386e+00 -2.071259830316307671e-15 -3.308865837668354404e-01
1.806415775814131042e+00 -2.007075061705165808e-15 -3.217149463190864256e-01
1.963495408493620697e+00 -9.072603779358701104e-16 -3.122129804035987388e-01
2.120575041173110353e+00 2.654126918244514854e-16 -3.031715565801692547e-01
2.277654673852600009e+00 6.730727086790011526e-16 -2.950595625907288522e-01
2.434734306532089665e+00 3.859759734048395785e-16 -2.881316581237066132e-01
2.591813939211579321e+00 -3.148523108897904876e-16 -2.817463664328806461e-01
2.748893571891068976e+00 -9.176687187917309529e-16 -2.747619115596199868e-01
2.905973204570558632e+00 -8.829742492721948111e-16 -2.665904320187472143e-01
3.063052837250048288e+00 -2.255140518769849223e-16 -2.573910524289340085e-01
3.220132469929537500e+00 3.694961003830599111e-16 -2.479860460175336290e-01
3.377212102609027600e+00 7.016956460326184697e-16 -2.394940505482492099e-01
3.534291735288517255e+00 5.603156827405086915e-16 -2.323583111079652319e-01
3.691371367968007355e+00 1.838806884535415520e-16 -2.260594898692994681e-01
3.848451000647496123e+00 -2.827599265842195564e-16 -2.198050827723091738e-01
4.005530633326985779e+00 -3.261280134836397337e-16 -2.132427320627450773e-01
4.162610266006476323e+00 1.734723475976807094e-18 -2.068025630006253834e-01
4.319689898685965979e+00 5.793976409762535695e-16 -2.012415431079569439e-01
4.476769531365454746e+00 8.621575675604731259e-16 -1.966896033279281197e-01
4.633849164044944402e+00 7.754213937616327712e-16 -1.925541950552276949e-01
4.790928796724434946e+00 3.625572064791526827e-16 -1.882046281264613263e-01
4.948008429403924602e+00 2.185751579730776939e-16 -1.834025850910849798e-01
5.105088062083413369e+00 1.144917494144692682e-16 -1.783855311676699196e-01
5.262167694762903025e+00 3.035766082959412415e-16 -1.736207525464905088e-01
5.419247327442393569e+00 5.325601071248797780e-16 -1.693037441307405078e-01
5.576326960121883225e+00 6.192962809237201327e-16 -1.652584519813544706e-01
5.733406592801371993e+00 5.134781488891348999e-16 -1.612879371289942243e-01
5.890486225480861648e+00 3.139849491518020841e-16 -1.573162551504812268e-01
6.047565858160352192e+00 2.818925648462311528e-16 -1.533482778190795037e-01
6.204645490839841848e+00 2.983724378680108202e-16 -1.495957282669835853e-01
6.361725123519330616e+00 3.139849491518020841e-16 -1.463612435803427758e-01
6.518804756198821160e+00 3.113828639378368734e-16 -1.436644329169563805e-01
6.675884388878310816e+00 1.925543058334255875e-16 -1.412364476347207631e-01
6.832964021557799583e+00 1.292368989602721285e-16 -1.388077135756106417e-01
6.990043654237290127e+00 5.204170427930421283e-17 -1.362863370102866400e-01
7.147123286916778895e+00 1.734723475976807094e-16 -1.337560931802250497e-01
7.304202919596268551e+00 1.058181320345852328e-16 -1.313175007030358832e-01
7.461282552275759095e+00 1.249000902703301108e-16 -1.289664688231873246e-01
7.618362184955247862e+00 2.428612866367529932e-17 -1.266287746745473619e-01
7.775441817634738406e+00 -8.500145032286354763e-17 -1.241978684762969493e-01
7.932521450314228062e+00 -7.112366251504909087e-17 -1.216159784143164557e-01
8.089601082993716830e+00 -1.752070710736575165e-16 -1.189958819293112369e-01
8.246680715673207374e+00 -1.734723475976807094e-17 -1.165669839210630582e-01
8.403760348352696141e+00 7.459310946700270506e-17 -1.144788922217544747e-01
8.560839981032184909e+00 -5.898059818321144121e-17 -1.126962101338686156e-01
8.717919613711675453e+00 -1.465841337200401995e-16 -1.110395411089908357e-01
8.874999246391165997e+00 -2.020952849512980265e-16 -1.093139442271933021e-01
9.032078879070656541e+00 -1.882174971434835697e-16 -1.074600406997598956e-01
9.189158511750145308e+00 -1.942890293094023946e-16 -1.055878774044674562e-01
9.346238144429634076e+00 -1.257674520083185143e-16 -1.038587241871773703e-01
9.503317777109124620e+00 -6.938893903907228378e-18 -1.023788386685792473e-01
9.660397409788613388e+00 1.301042606982605321e-17 -1.011508968443227963e-01
9.817477042468102155e+00 6.071532165918824830e-18 -1.000178720330370530e-01
9.974556675147592699e+00 5.204170427930421283e-18 -9.874540479281584959e-02
1.013163630782708324e+01 -1.144917494144692682e-16 -9.725191390036692918e-02
1.028871594050657379e+01 -9.974659986866640793e-17 -9.563913588180734948e-02
1.044579557318606255e+01 -9.020562075079396891e-17 -9.403946985363624556e-02
1.060287520586555132e+01 9.974659986866640793e-17 -9.255371013814198133e-02
1.075995483854504187e+01 2.324529457808921507e-16 -9.123505287329511382e-02
1.091703447122453063e+01 1.639313684798082704e-16 -9.004207373256824243e-02
1.107411410390401940e+01 2.341876692568689577e-17 -8.886171807023146574e-02
1.123119373658350995e+01 7.806255641895631925e-18 -8.764397405528562279e-02
1.138827336926300049e+01 3.035766082959412415e-17 -8.647102067028161754e-02
1.154535300194249103e+01 1.188285581044112860e-16 -8.541879319391612602e-02
1.170243263462197980e+01 1.934216675714139910e-16 -8.442288273670338350e-02
1.185951226730146857e+01 1.179611963664228824e-16 -8.340692944704262979e-02
1.201659189998095911e+01 1.500535806719938137e-16 -8.232563294890646310e-02
1.217367153266044788e+01 1.084202172485504434e-16 -8.128302520656512098e-02
1.233075116533993665e+01 1.170938346284344789e-16 -8.030760142892362508e-02
1.248783079801942719e+01 1.587271980518778491e-16 -7.937902260085911987e-02
1.264491043069891774e+01 1.942890293094023946e-16 -7.849082113615671319e-02
1.280199006337840650e+01 2.393918396847993790e-16 -7.765973061549034939e-02
1.295906969605789527e+01 2.419939248987645897e-16 -7.688149484347485407e-02
1.311614932873738759e+01 2.367897544708341684e-16 -7.608714883901154802e-02
1.327322896141687636e+01 2.116362640691704655e-16 -7.518058258836486651e-02
1.343030859409636513e+01 9.887923813067800438e-17 -7.415785580398760735e-02
1.358738822677585389e+01 9.454242944073598665e-17 -7.313058428290927782e-02
1.374446785945534444e+01 1.110223024625156540e-16 -7.222268726549009588e-02
1.390154749213483498e+01 1.526556658859590243e-16 -7.150659407050874439e-02
1.405862712481432553e+01 2.177077962350892903e-16 -7.097321525142169518e-02
1.421570675749381429e+01 2.255140518769849223e-16 -7.049800612925576082e-02
1.437278639017330306e+01 1.812786032395763414e-16 -6.991022327892332244e-02
1.452986602285279183e+01 2.255140518769849223e-17 -6.912955348392954558e-02
1.468694565553228415e+01 -5.290906601729261638e-17 -6.819734766171736684e-02
1.484402528821177292e+01 -3.642919299551294898e-17 -6.722667934540668688e-02
1.500110492089126168e+01 5.811323644522303766e-17 -6.637066118011496207e-02
1.515818455357075223e+01 1.639313684798082704e-16 -6.574738146497560720e-02
1.531526418625024100e+01 1.535230276239474279e-16 -6.531978686028747094e-02
1.547234381892972976e+01 1.491862189340054101e-16 -6.489425779657984061e-02
1.562942345160922208e+01 6.418476861114186249e-17 -6.429502196612392473e-02
1.578650308428871085e+01 -3.122502256758252770e-17 -6.351491129143242709e-02
1.594358271696819962e+01 -2.428612866367529932e-17 -6.267831455722880363e-02
1.610066234964768839e+01 4.943961906533900219e-17 -6.191616451308256525e-02
1.625774198232717893e+01 1.379105163401561640e-16 -6.130563823585694072e-02
1.641482161500666948e+01 1.587271980518778491e-16 -6.085739864366165874e-02
1.657190124768616002e+01 1.734723475976807094e-16 -6.049566096942428362e-02
1.672898088036564701e+01 9.627715291671279374e-17 -6.009847726443119653e-02
1.688606051304513755e+01 8.153200337090993344e-17 -5.959443573123068133e-02
1.704314014572462810e+01 1.162264728904460753e-16 -5.899392952046272898e-02
1.720021977840411864e+01 1.040834085586084257e-16 -5.835239289067078311e-02
1.735729941108360919e+01 1.595945597898662527e-16 -5.774337684232456330e-02
1.751437904376309618e+01 1.561251128379126385e-16 -5.722071900030326064e-02
1.767145867644258672e+01 1.327063459122257427e-16 -5.677201766131181881e-02
1.782853830912207371e+01 1.578598363138894456e-16 -5.634410531059094729e-02
1.798561794180156426e+01 1.318389841742373392e-16 -5.590501985917703531e-02
1.814269757448105480e+01 1.249000902703301108e-16 -5.545552080014491680e-02
1.829977720716054534e+01 1.231653667943533037e-16 -5.500466021899771962e-02
1.845685683984003589e+01 1.275021754842953214e-16 -5.455128618506349669e-02
1.861393647251952288e+01 1.144917494144692682e-16 -5.408970718528785526e-02
1.877101610519901342e+01 9.107298248878237246e-17 -5.363195616447607311e-02
