7.853981633974482790e-02 -1.590741427470732106e-15 -9.880807699905505559e-02
2.356194490192344837e-01 -3.313321839115701550e-16 -2.537156488727441150e-01
3.926990816987241395e-01 1.316655118266396585e-15 -3.374581768595057429e-01
5.497787143782137953e-01 -1.647987302177966740e-17 -3.792809758718326263e-01
7.068583470577034511e-01 4.857225732735059864e-17 -4.011381631192659780e-01
8.639379797371929959e-01 -2.055647319032516407e-16 -4.089441195605294510e-01
1.021017612416682763e+00 -1.960237527853792017e-16 -4.082743050531711937e-01
1.178097245096172418e+00 5.724587470723463412e-17 -4.047547964746988081e-01
1.335176877775662074e+00 -2.914335439641035919e-16 -3.984884856343369197e-01
1.492256510455151730e+00 -1.621966450038314633e-16 -3.881857132419078704e-01
1.649336143134641386e+00 -4.839878497975291793e-16 -3.765085607712190807e-01
1.806415775814131042e+00 -7.060324547225604874e-16 -3.655485071440351952e-01
1.963495408493620697e+00 -3.590877595271990685e-16 -3.533675268588147844e-01
2.120575041173110353e+00 -4.770489558936219510e-16 -3.389140744416190287e-01
2.277654673852600009e+00 -3.191891195797325054e-16 -3.249035986800417053e-01
2.434734306532089665e+00 -5.499073418846478489e-16 -3.134001437941155155e-01
2.591813939211579321e+00 -4.701100619897147226e-16 -3.037688644202204968e-01
2.748893571891068976e+00 -2.610758831345094677e-16 -2.943197812126955859e-01
2.905973204570558632e+00 -2.749536709423239245e-16 -2.842525639859826980e-01
3.063052837250048288e+00 -1.595945597898662527e-16 -2.742345105840383046e-01
3.220132469929537500e+00 -2.463307335887066074e-16 -2.646573224517516643e-01
3.377212102609027600e+00 -6.158268339717665185e-17 -2.549732096615033861e-01
3.534291735288517255e+00 9.974659986866640793e-17 -2.450797081374186392e-01
3.691371367968007355e+00 -1.734723475976807094e-17 -2.364799286873922601e-01
3.848451000647496123e+00 5.204170427930421283e-17 -2.299690019676876862e-01
4.005530633326985779e+00 1.196959198423996895e-16 -2.238885647376927523e-01
4.162610266006476323e+00 1.604619215278546562e-16 -2.169383516982356652e-01
4.319689898685965979e+00 1.474514954580286030e-16 -2.099000481012485153e-01
4.476769531365454746e+00 1.335737076502141463e-16 -2.036281470184942433e-01
4.633849164044944402e+00 1.405126015541213746e-16 -1.979004336591901891e-01
4.790928796724434946e+00 1.587271980518778491e-16 -1.927445433793706087e-01
4.948008429403924602e+00 1.630640067418198669e-16 -1.879988601630283862e-01
5.105088062083413369e+00 3.694961003830599111e-16 -1.827714691006673831e-01
5.262167694762903025e+00 3.243932900076629267e-16 -1.772427099162227349e-01
5.419247327442393569e+00 3.191891195797325054e-16 -1.724209336807411008e-01
5.576326960121883225e+00 2.185751579730776939e-16 -1.683650874170968259e-01
5.733406592801371993e+00 1.856154119295183591e-16 -1.642847701135742855e-01
5.890486225480861648e+00 1.752070710736575165e-16 -1.600172160093523976e-01
6.047565858160352192e+00 1.552577510999242349e-16 -1.562786596121041316e-01
6.204645490839841848e+00 2.168404344971008868e-16 -1.530697850792414882e-01
6.361725123519330616e+00 1.127570259384924611e-16 -1.496830322027389026e-01
6.518804756198821160e+00 1.734723475976807094e-17 -1.462963236902979358e-01
6.675884388878310816e+00 -3.295974604355933479e-17 -1.433788166689934085e-01
6.832964021557799583e+00 -7.719519468096791570e-17 -1.404674256437081770e-01
6.990043654237290127e+00 -4.857225732735059864e-17 -1.373731442384116541e-01
7.147123286916778895e+00 -1.118896642005040576e-16 -1.347235024912736834e-01
7.304202919596268551e+00 -1.240327285323417073e-16 -1.325348208215741952e-01
7.461282552275759095e+00 -2.359223927328457648e-16 -1.301615271413816832e-01
7.618362184955247862e+00 -2.029626466892864300e-16 -1.275400448327995151e-01
7.775441817634738406e+00 -2.541369892306022393e-16 -1.250476841616555979e-01
7.932521450314228062e+00 -2.099015405931936584e-16 -1.226811104058788682e-01
8.089601082993716830e+00 -2.818925648462311528e-16 -1.202913339169767448e-01
8.246680715673207374e+00 -2.870967352741615741e-16 -1.180642696438343603e-01
8.403760348352696141e+00 -1.977584762613560088e-16 -1.160468038804325086e-01
8.560839981032184909e+00 -2.411265631607761861e-16 -1.139665136726769612e-01
8.717919613711675453e+00 -3.426078865054194011e-16 -1.118817421983146349e-01
8.874999246391165997e+00 -3.001071613439876273e-16 -1.101422211849088506e-01
9.032078879070656541e+00 -3.191891195797325054e-16 -1.085999429355410245e-01
9.189158511750145308e+00 -2.879640970121499777e-16 -1.067969522000633276e-01
9.346238144429634076e+00 -3.235259282696745231e-16 -1.047871685626546173e-01
9.503317777109124620e+00 -2.610758831345094677e-16 -1.029512015422316684e-01
9.660397409788613388e+00 -2.801578413702543457e-16 -1.014277210375058580e-01
9.817477042468102155e+00 -2.628106066104862748e-16 -1.000043418847733068e-01
9.974556675147592699e+00 -1.543903893619358314e-16 -9.849261953741386688e-02
1.013163630782708324e+01 -1.899522206194603768e-16 -9.700031818712881448e-02
1.028871594050657379e+01 -1.552577510999242349e-16 -9.558549905856945916e-02
1.044579557318606255e+01 -1.916869440954371839e-16 -9.417830882132287307e-02
1.060287520586555132e+01 -6.852157730108388023e-17 -9.277169519188727120e-02
1.075995483854504187e+01 -1.431146867680865853e-16 -9.138900648757766754e-02
1.091703447122453063e+01 -8.760353553682875827e-17 -9.005567449598848861e-02
1.107411410390401940e+01 -2.133709875451472726e-16 -8.880607924592515134e-02
1.123119373658350995e+01 -1.691355389077386917e-16 -8.764375865354341599e-02
1.138827336926300049e+01 -1.110223024625156540e-16 -8.658320774402858411e-02
1.154535300194249103e+01 -1.084202172485504434e-16 -8.562141284551472165e-02
1.170243263462197980e+01 -1.379105163401561640e-16 -8.461862837201965248e-02
1.185951226730146857e+01 -1.066854937725736363e-16 -8.353691796650690449e-02
1.201659189998095911e+01 -4.770489558936219510e-17 -8.253054060379642898e-02
1.217367153266044788e+01 -4.250072516143177381e-17 -8.177623596862862443e-02
1.233075116533993665e+01 -7.546047120499110861e-17 -8.102926614599603727e-02
1.248783079801942719e+01 1.561251128379126385e-17 -8.002233046700032992e-02
1.264491043069891774e+01 9.540979117872439019e-18 -7.891588972329025009e-02
1.280199006337840650e+01 2.602085213965210642e-18 -7.798676417040442677e-02
1.295906969605789527e+01 3.729655473350135253e-17 -7.718954553542903274e-02
1.311614932873738759e+01 -3.816391647148975608e-17 -7.635074858123143404e-02
1.327322896141687636e+01 7.025630077706068732e-17 -7.545230026047973493e-02
1.343030859409636513e+01 4.076600168545496672e-17 -7.454322296175382168e-02
1.358738822677585389e+01 1.734723475976807094e-17 -7.362662560935027967e-02
1.374446785945534444e+01 4.336808689942017736e-18 -7.276785175802348571e-02
1.390154749213483498e+01 -3.122502256758252770e-17 -7.205217252484930057e-02
1.405862712481432553e+01 -7.806255641895631925e-18 -7.137424019374244422e-02
1.421570675749381429e+01 -5.290906601729261638e-17 -7.054299727974427947e-02
1.437278639017330306e+01 -2.081668171172168513e-17 -6.958890643721568625e-02
1.452986602285279183e+01 -3.642919299551294898e-17 -6.875855700359553846e-02
1.468694565553228415e+01 -5.117434254131580929e-17 -6.812902553265215433e-02
1.484402528821177292e+01 -5.030698080332740574e-17 -6.751919867420508314e-02
1.500110492089126168e+01 -3.035766082959412415e-17 -6.682884911392003580e-02
1.515818455357075223e+01 -7.025630077706068732e-17 -6.608883828862746612e-02
1.531526418625024100e+01 -5.898059818321144121e-17 -6.531965108916303053e-02
1.547234381892972976e+01 -5.204170427930421283e-17 -6.456864591414437915e-02
1.562942345160922208e+01 -2.341876692568689577e-17 -6.387872778979801491e-02
1.578650308428871085e+01 -1.908195823574487804e-17 -6.326142136334791943e-02
1.594358271696819962e+01 -5.030698080332740574e-17 -6.273410692437139669e-02
1.610066234964768839e+01 -3.903127820947815962e-17 -6.220702174586553723e-02
1.625774198232717893e+01 -2.602085213965210642e-18 -6.154564263223442910e-02
1.641482161500666948e+01 -1.127570259384924611e-17 -6.082512408484710975e-02
1.657190124768616002e+01 2.775557561562891351e-17 -6.022350230666681514e-02
1.672898088036564701e+01 -2.081668171172168513e-17 -5.974609884909110741e-02
1.688606051304513755e+01 2.255140518769849223e-17 -5.925925111952301538e-02
1.704314014572462810e+01 1.821459649775647449e-17 -5.870349875641531906e-02
1.720021977840411864e+01 6.591949208711866959e-17 -5.813747160022345040e-02
1.735729941108360919e+01 4.597017211338538800e-17 -5.759902414227558581e-02
1.751437904376309618e+01 2.602085213965210642e-18 -5.708749437894158896e-02
1.767145867644258672e+01 2.949029909160572061e-17 -5.662409325637915436e-02
1.782853830912207371e+01 2.081668171172168513e-17 -5.619490761624656994e-02
1.798561794180156426e+01 4.943961906533900219e-17 -5.572065209195166402e-02
1.814269757448105480e+01 4.597017211338538800e-17 -5.519016415902765205e-02
1.829977720716054534e+01 1.821459649775647449e-17 -5.472168071947180329e-02
1.845685683984003589e+01 3.903127820947815962e-17 -5.436750518836885177e-02
1.861393647251952288e+01 3.989863994746656317e-17 -5.401719646953847404e-02
1.877101610519901342e+01 9.540979117872439019e-18 -5.358835419752665252e-02
