7.853981633974482790e-02 8.036106502462558865e-15 -1.669781215489277992e-01
2.356194490192344837e-01 -3.295974604355933479e-16 -3.493474688891576863e-01
3.926990816987241395e-01 -1.904726376622534190e-15 -3.863993847377075186e-01
5.497787143782137953e-01 -4.102621020685148778e-16 -4.207600125506009703e-01
7.068583470577034511e-01 -5.351621923388449886e-16 -4.535942106882691616e-01
8.639379797371929959e-01 -1.307114139148524146e-15 -4.452294539632121184e-01
1.021017612416682763e+00 -3.634245682171410863e-16 -4.272480521640535933e-01
1.178097245096172418e+00 5.230191280070073390e-16 -4.318766182451254654e-01
1.335176877775662074e+00 -2.168404344971008868e-17 -4.352087506270835293e-01
1.492256510455151730e+00 -7.953707137353660528e-16 -4.142381392528911022e-01
1.649336143134641386e+00 -4.328135072562133701e-16 -3.886651802280665091e-01
1.806415775814131042e+00 -1.535230276239474279e-16 -3.766579839118578965e-01
1.963495408493620697e+00 -3.287300986976049444e-16 -3.642378004396014113e-01
2.120575041173110353e+00 -4.683753385137379155e-17 -3.467820761164259746e-01
2.277654673852600009e+00 1.127570259384924611e-17 -3.329027121177207116e-01
2.434734306532089665e+00 -2.168404344971008868e-17 -3.236490457926820552e-01
2.591813939211579321e+00 -1.717376241217039023e-16 -3.139196572044119504e-01
2.748893571891068976e+00 -1.630640067418198669e-16 -2.998838968513052317e-01
2.905973204570558632e+00 -1.014813233446432150e-16 -2.847225863719989869e-01
3.063052837250048288e+00 5.204170427930421283e-18 -2.726159755822410435e-01
3.220132469929537500e+00 1.032160468206200221e-16 -2.649325216874753863e-01
3.377212102609027600e+00 1.847480501915299556e-16 -2.579233352715731842e-01
3.534291735288517255e+00 2.246466901389965187e-16 -2.497847005379110197e-01
3.691371367968007355e+00 3.252606517456513302e-16 -2.424319676417728275e-01
3.848451000647496123e+00 1.613292832658430598e-16 -2.345992829500495591e-01
4.005530633326985779e+00 2.645453300864630819e-16 -2.257839850624916989e-01
4.162610266006476323e+00 2.931682674400803990e-16 -2.175231886541059978e-01
4.319689898685965979e+00 3.113828639378368734e-16 -2.111873991519018223e-01
4.476769531365454746e+00 4.267419750902945452e-16 -2.062120075136829600e-01
4.633849164044944402e+00 4.527628272299466516e-16 -2.004772799274431583e-01
4.790928796724434946e+00 3.946495907847236140e-16 -1.948928586811215502e-01
4.948008429403924602e+00 3.564856743132338579e-16 -1.898733594888727949e-01
5.105088062083413369e+00 4.267419750902945452e-16 -1.841543470390270276e-01
5.262167694762903025e+00 4.536301889679350552e-16 -1.784624844809716004e-01
5.419247327442393569e+00 5.247538514829841461e-16 -1.734318337891840311e-01
5.576326960121883225e+00 5.039371697712624609e-16 -1.697387171510977844e-01
5.733406592801371993e+00 3.547509508372570508e-16 -1.664308829337803886e-01
5.890486225480861648e+00 3.009745230819760309e-16 -1.619979620580813684e-01
6.047565858160352192e+00 3.894454203567931927e-16 -1.576424852491134510e-01
6.204645490839841848e+00 3.417405247674309976e-16 -1.537798111140261104e-01
6.361725123519330616e+00 3.226585665316861196e-16 -1.500247265123232365e-01
6.518804756198821160e+00 2.801578413702543457e-16 -1.468071952417411841e-01
6.675884388878310816e+00 3.209238430557093125e-16 -1.442827338029784023e-01
6.832964021557799583e+00 1.899522206194603768e-16 -1.415554402062309813e-01
6.990043654237290127e+00 1.110223024625156540e-16 -1.382199645651793762e-01
7.147123286916778895e+00 1.561251128379126385e-17 -1.356307945990113117e-01
7.304202919596268551e+00 6.245004513516505540e-17 -1.333185827582821781e-01
7.461282552275759095e+00 -1.396452398161329711e-16 -1.301062027761185902e-01
7.618362184955247862e+00 6.071532165918824830e-18 -1.274117796511229361e-01
7.775441817634738406e+00 -5.464378949326942347e-17 -1.257374824844766092e-01
7.932521450314228062e+00 9.107298248878237246e-17 -1.236727146740461136e-01
8.089601082993716830e+00 -1.379105163401561640e-16 -1.207972966416263616e-01
8.246680715673207374e+00 -4.423544863740858091e-17 -1.182779072060300973e-01
8.403760348352696141e+00 -5.030698080332740574e-17 -1.163215945455233213e-01
8.560839981032184909e+00 7.719519468096791570e-17 -1.141347044186929865e-01
8.717919613711675453e+00 -8.239936510889833698e-17 -1.120780262644657244e-01
8.874999246391165997e+00 -4.683753385137379155e-17 -1.107326389527667210e-01
9.032078879070656541e+00 -8.760353553682875827e-17 -1.090499892475068899e-01
9.189158511750145308e+00 -9.540979117872439019e-18 -1.068425672946224092e-01
9.346238144429634076e+00 1.214306433183764966e-17 -1.051890468799259321e-01
9.503317777109124620e+00 9.540979117872439019e-18 -1.039230159791764557e-01
9.660397409788613388e+00 -6.852157730108388023e-17 -1.022941654186565463e-01
9.817477042468102155e+00 3.903127820947815962e-17 -1.003449312750098604e-01
9.974556675147592699e+00 6.071532165918824830e-18 -9.865580047729524682e-02
1.013163630782708324e+01 1.405126015541213746e-16 -9.737968685118560119e-02
1.028871594050657379e+01 8.153200337090993344e-17 -9.611404830649661335e-02
1.044579557318606255e+01 1.856154119295183591e-16 -9.488495725362200428e-02
1.060287520586555132e+01 1.535230276239474279e-16 -9.372271814980445703e-02
1.075995483854504187e+01 1.968911145233676052e-16 -9.231249707053967857e-02
1.091703447122453063e+01 1.283695372222837250e-16 -9.063844458469975940e-02
1.107411410390401940e+01 8.153200337090993344e-17 -8.921555592155697156e-02
1.123119373658350995e+01 1.457167719820517959e-16 -8.830621686171130635e-02
1.138827336926300049e+01 1.552577510999242349e-16 -8.719875603180093915e-02
1.154535300194249103e+01 5.290906601729261638e-17 -8.594611137865945660e-02
1.170243263462197980e+01 9.801187639268960083e-17 -8.492961918329719473e-02
1.185951226730146857e+01 2.506675422786486251e-16 -8.383756620098815893e-02
1.201659189998095911e+01 2.125036258071588691e-16 -8.247091411388621229e-02
1.217367153266044788e+01 2.255140518769849223e-16 -8.135609480734362631e-02
1.233075116533993665e+01 2.220446049250313081e-16 -8.071637051898472581e-02
1.248783079801942719e+01 1.752070710736575165e-16 -7.986959777665714189e-02
1.264491043069891774e+01 2.333203075188805542e-16 -7.861783895200044614e-02
1.280199006337840650e+01 2.402592014227877826e-16 -7.761977036427084031e-02
1.295906969605789527e+01 2.628106066104862748e-16 -7.701139065471228340e-02
1.311614932873738759e+01 1.769417945496343236e-16 -7.611017665452128600e-02
1.327322896141687636e+01 2.376571162088225719e-16 -7.498197317665698802e-02
1.343030859409636513e+01 2.532696274926138358e-16 -7.426430487347397691e-02
1.358738822677585389e+01 1.639313684798082704e-16 -7.363166462686948632e-02
1.374446785945534444e+01 2.298508605669269400e-16 -7.269311541374345875e-02
1.390154749213483498e+01 1.535230276239474279e-16 -7.179104159250926376e-02
1.405862712481432553e+01 1.908195823574487804e-16 -7.115323786290514430e-02
1.421570675749381429e+01 1.838806884535415520e-16 -7.049269992387537098e-02
1.437278639017330306e+01 1.084202172485504434e-16 -6.953570046561431683e-02
1.452986602285279183e+01 1.483188571960170066e-16 -6.862924208404108661e-02
1.468694565553228415e+01 1.240327285323417073e-16 -6.800504811540156180e-02
1.484402528821177292e+01 1.023486850826316186e-16 -6.737600682664698915e-02
1.500110492089126168e+01 1.179611963664228824e-16 -6.663753027093191617e-02
1.515818455357075223e+01 1.162264728904460753e-16 -6.596154384757529909e-02
1.531526418625024100e+01 1.387778780781445676e-17 -6.531980123765740442e-02
1.547234381892972976e+01 9.714451465470119729e-17 -6.469032817623768250e-02
1.562942345160922208e+01 1.387778780781445676e-16 -6.405285477847186271e-02
1.578650308428871085e+01 1.309716224362489356e-16 -6.338553608225136471e-02
1.594358271696819962e+01 1.283695372222837250e-16 -6.283645043871431690e-02
1.610066234964768839e+01 1.396452398161329711e-16 -6.230879230899396409e-02
1.625774198232717893e+01 8.066464163292152989e-17 -6.158564675996939380e-02
1.641482161500666948e+01 1.318389841742373392e-16 -6.086104550665599744e-02
1.657190124768616002e+01 1.543903893619358314e-16 -6.037345012296421731e-02
1.672898088036564701e+01 1.058181320345852328e-16 -5.991478963061572238e-02
1.688606051304513755e+01 1.439820485060749888e-16 -5.930514444699154508e-02
1.704314014572462810e+01 9.454242944073598665e-17 -5.870047017710887383e-02
1.720021977840411864e+01 1.613292832658430598e-16 -5.829297740431004654e-02
1.735729941108360919e+01 1.621966450038314633e-16 -5.784856505155953899e-02
1.751437904376309618e+01 9.194034422677077600e-17 -5.720886636641403511e-02
1.767145867644258672e+01 1.647987302177966740e-16 -5.670954266453570591e-02
1.782853830912207371e+01 1.595945597898662527e-16 -5.636237271747390060e-02
1.798561794180156426e+01 1.587271980518778491e-16 -5.584989454464125980e-02
1.814269757448105480e+01 1.196959198423996895e-16 -5.525309111231602871e-02
1.829977720716054534e+01 1.561251128379126385e-16 -5.484434829837840641e-02
1.845685683984003589e+01 1.448494102440633924e-16 -5.452396794025516497e-02
1.861393647251952288e+01 1.717376241217039023e-16 -5.403823006966601561e-02
1.877101610519901342e+01 1.630640067418198669e-16 -5.348736335911229156e-02
