7.853981633974482790e-02 3.729655473350135253e-17 -1.022934582350794042e-01
2.356194490192344837e-01 -4.544975507059234587e-16 -2.595334919250743000e-01
3.926990816987241395e-01 -9.766493169749423942e-16 -3.385308036548861921e-01
5.497787143782137953e-01 -3.773023560249555430e-16 -3.736491433179190969e-01
7.068583470577034511e-01 -1.700029006457270953e-16 -3.915368048572613890e-01
8.639379797371929959e-01 2.428612866367529932e-17 -3.991634257462017832e-01
1.021017612416682763e+00 -1.838806884535415520e-16 -4.009312147758097300e-01
1.178097245096172418e+00 -2.975050761300224167e-16 -4.012136650578742580e-01
1.335176877775662074e+00 -4.093947403305264743e-16 -3.984273369669518727e-01
1.492256510455151730e+00 -6.071532165918824830e-16 -3.892184096440076124e-01
1.649336143134641386e+00 -4.172009959724221062e-16 -3.761740738062005485e-01
1.806415775814131042e+00 -3.191891195797325054e-16 -3.637835795702378250e-01
1.963495408493620697e+00 -3.599551212651874721e-16 -3.519768862215425509e-01
2.120575041173110353e+00 -4.553649124439118623e-16 -3.390723416909381949e-01
2.277654673852600009e+00 -4.978656376053436361e-16 -3.266338782013362141e-01
2.434734306532089665e+00 -4.631711680858074942e-16 -3.163102558262415043e-01
2.591813939211579321e+00 -3.122502256758252770e-16 -3.069574300913990861e-01
2.748893571891068976e+00 -3.087807787238716628e-16 -2.965894858235694209e-01
2.905973204570558632e+00 -1.214306433183764966e-16 -2.851529413870507179e-01
3.063052837250048288e+00 -9.887923813067800438e-17 -2.745853867608438748e-01
3.220132469929537500e+00 -4.943961906533900219e-17 -2.654608185044419755e-01
3.377212102609027600e+00 -1.647987302177966740e-16 -2.561528925252463118e-01
3.534291735288517255e+00 -7.979727989493312634e-17 -2.460800951211544740e-01
3.691371367968007355e+00 -8.673617379884035472e-18 -2.371489452540345710e-01
3.848451000647496123e+00 1.066854937725736363e-16 -2.304562850523013684e-01
4.005530633326985779e+00 7.459310946700270506e-17 -2.243337043787322349e-01
4.162610266006476323e+00 4.857225732735059864e-17 -2.174358811190238161e-01
4.319689898685965979e+00 6.071532165918824830e-17 -2.105768534364393096e-01
4.476769531365454746e+00 1.361757928641793569e-16 -2.045763390023840056e-01
4.633849164044944402e+00 1.023486850826316186e-16 -1.990789086545310949e-01
4.790928796724434946e+00 2.168404344971008868e-16 -1.939780924376871274e-01
4.948008429403924602e+00 1.092875789865388469e-16 -1.891602041026501368e-01
5.105088062083413369e+00 1.543903893619358314e-16 -1.838285020738806841e-01
5.262167694762903025e+00 2.298508605669269400e-16 -1.781453661339789662e-01
5.419247327442393569e+00 2.402592014227877826e-16 -1.732357457113871679e-01
5.576326960121883225e+00 1.977584762613560088e-16 -1.692679602407228256e-01
5.733406592801371993e+00 1.726049858596923059e-16 -1.652227072132547991e-01
5.890486225480861648e+00 1.249000902703301108e-16 -1.606391271027388379e-01
6.047565858160352192e+00 3.469446951953614189e-17 -1.563445604966258173e-01
6.204645490839841848e+00 1.361757928641793569e-16 -1.527726395963121542e-01
6.361725123519330616e+00 8.153200337090993344e-17 -1.495001668846078768e-01
6.518804756198821160e+00 -5.204170427930421283e-18 -1.465780078301024136e-01
6.675884388878310816e+00 -6.158268339717665185e-17 -1.441318997398366164e-01
6.832964021557799583e+00 -1.162264728904460753e-16 -1.414668692526253047e-01
6.990043654237290127e+00 -1.439820485060749888e-16 -1.382847511517558969e-01
7.147123286916778895e+00 -2.341876692568689577e-17 -1.352142176540236385e-01
7.304202919596268551e+00 -1.509209424099822172e-16 -1.324961398142086855e-01
7.461282552275759095e+00 -1.691355389077386917e-16 -1.298088351115926076e-01
7.618362184955247862e+00 -2.376571162088225719e-16 -1.272263590122517107e-01
7.775441817634738406e+00 -3.018418848199644344e-16 -1.250184890252282466e-01
7.932521450314228062e+00 -2.220446049250313081e-16 -1.229482121396689859e-01
8.089601082993716830e+00 -3.105155021998484699e-16 -1.206249247399448915e-01
8.246680715673207374e+00 -2.341876692568689577e-16 -1.181871367605489415e-01
8.403760348352696141e+00 -2.307182223049153436e-16 -1.159024805603027508e-01
8.560839981032184909e+00 -2.732189474663471174e-16 -1.137128519354463768e-01
8.717919613711675453e+00 -2.914335439641035919e-16 -1.116921223089503423e-01
8.874999246391165997e+00 -3.243932900076629267e-16 -1.101368752250818650e-01
9.032078879070656541e+00 -1.986258379993444123e-16 -1.088567702774568269e-01
9.189158511750145308e+00 -2.584737979205442571e-16 -1.072350884312869845e-01
9.346238144429634076e+00 -3.096481404618600664e-16 -1.051290815439918092e-01
9.503317777109124620e+00 -1.882174971434835697e-16 -1.029882818894486823e-01
9.660397409788613388e+00 -3.209238430557093125e-16 -1.012331285300621664e-01
9.817477042468102155e+00 -1.908195823574487804e-16 -9.980327496798796494e-02
9.974556675147592699e+00 -2.046973701652632371e-16 -9.841401794098489364e-02
1.013163630782708324e+01 -1.968911145233676052e-16 -9.702757460270831913e-02
1.028871594050657379e+01 -1.101549407245272505e-16 -9.567584874051511534e-02
1.044579557318606255e+01 -1.769417945496343236e-16 -9.430310550297524297e-02
1.060287520586555132e+01 -1.092875789865388469e-16 -9.290209761697615365e-02
1.075995483854504187e+01 -1.214306433183764966e-16 -9.154019320083628397e-02
1.091703447122453063e+01 -1.214306433183764966e-16 -9.030424729928657190e-02
1.107411410390401940e+01 -1.162264728904460753e-16 -8.917281867125922967e-02
1.123119373658350995e+01 -1.474514954580286030e-16 -8.803747214701987400e-02
1.138827336926300049e+01 -6.505213034913026604e-17 -8.692009630029332024e-02
1.154535300194249103e+01 -8.760353553682875827e-17 -8.591144914133551358e-02
1.170243263462197980e+01 -1.101549407245272505e-16 -8.490361878830672560e-02
1.185951226730146857e+01 -7.979727989493312634e-17 -8.378107720522903756e-02
1.201659189998095911e+01 -4.336808689942017736e-18 -8.263464017412086582e-02
1.217367153266044788e+01 2.081668171172168513e-17 -8.171069568200892141e-02
1.233075116533993665e+01 -5.204170427930421283e-17 -8.087005000442995528e-02
1.248783079801942719e+01 -1.647987302177966740e-17 -7.985063853082785545e-02
1.264491043069891774e+01 9.540979117872439019e-18 -7.877553797310163364e-02
1.280199006337840650e+01 4.683753385137379155e-17 -7.790605191662439144e-02
1.295906969605789527e+01 5.117434254131580929e-17 -7.716109955476935234e-02
1.311614932873738759e+01 6.938893903907228378e-18 -7.633815807870429626e-02
1.327322896141687636e+01 3.903127820947815962e-17 -7.545157341413608054e-02
1.343030859409636513e+01 2.255140518769849223e-17 -7.456470807129947365e-02
1.358738822677585389e+01 4.336808689942017736e-17 -7.364523326631972067e-02
1.374446785945534444e+01 2.168404344971008868e-17 -7.275691175408471878e-02
1.390154749213483498e+01 3.469446951953614189e-17 -7.204348803560226000e-02
1.405862712481432553e+01 2.341876692568689577e-17 -7.140620101212397097e-02
1.421570675749381429e+01 -4.163336342344337027e-17 -7.059228054822756782e-02
1.437278639017330306e+01 -6.678685382510707313e-17 -6.959487230164762561e-02
1.452986602285279183e+01 -5.290906601729261638e-17 -6.869729993951864677e-02
1.468694565553228415e+01 -1.561251128379126385e-17 -6.805483666264930398e-02
1.484402528821177292e+01 -6.245004513516505540e-17 -6.748706003781415608e-02
1.500110492089126168e+01 -3.989863994746656317e-17 -6.682140788080684346e-02
1.515818455357075223e+01 2.081668171172168513e-17 -6.608012379690048066e-02
1.531526418625024100e+01 -1.647987302177966740e-17 -6.531967380511827237e-02
1.547234381892972976e+01 1.734723475976807094e-18 -6.457701028542647825e-02
1.562942345160922208e+01 -1.734723475976807094e-17 -6.388556569583293820e-02
1.578650308428871085e+01 -3.816391647148975608e-17 -6.328930769531346257e-02
1.594358271696819962e+01 -4.857225732735059864e-17 -6.279532754595194832e-02
1.610066234964768839e+01 -5.377642775528101993e-17 -6.225517094211162339e-02
1.625774198232717893e+01 -4.683753385137379155e-17 -6.154117979469431871e-02
1.641482161500666948e+01 -2.602085213965210642e-17 -6.078996303323926098e-02
1.657190124768616002e+01 1.908195823574487804e-17 -6.020175437550215336e-02
1.672898088036564701e+01 3.903127820947815962e-17 -5.975166330079727250e-02
1.688606051304513755e+01 1.040834085586084257e-17 -5.926594717461822204e-02
1.704314014572462810e+01 3.989863994746656317e-17 -5.869255774437337481e-02
1.720021977840411864e+01 3.989863994746656317e-17 -5.812544093445809468e-02
1.735729941108360919e+01 4.423544863740858091e-17 -5.759937173823461570e-02
1.751437904376309618e+01 0.000000000000000000e+00 -5.709383354545849443e-02
1.767145867644258672e+01 5.117434254131580929e-17 -5.663773829724381981e-02
1.782853830912207371e+01 5.377642775528101993e-17 -5.623174817576191004e-02
1.798561794180156426e+01 3.469446951953614189e-17 -5.578157816508741429e-02
1.814269757448105480e+01 4.163336342344337027e-17 -5.526100998503373496e-02
1.829977720716054534e+01 2.949029909160572061e-17 -5.478410308569976739e-02
1.845685683984003589e+01 8.066464163292152989e-17 -5.439191036064351670e-02
1.861393647251952288e+01 6.071532165918824830e-17 -5.398037417761018808e-02
1.877101610519901342e+01 2.341876692568689577e-17 -5.350637274018221062e-02
