7.853981633974482790e-02 -1.281960648746860443e-15 -9.318928919566656088e-02
2.356194490192344837e-01 -1.267215499201057582e-15 -2.454543193703290216e-01
3.926990816987241395e-01 -9.324138683375338132e-16 -3.380485240356004839e-01
5.497787143782137953e-01 -8.560860353945543011e-16 -3.850963686444742184e-01
7.068583470577034511e-01 -6.453171330633722391e-16 -4.028728917118049591e-01
8.639379797371929959e-01 -4.406197628981090020e-16 -4.052352233577578566e-01
1.021017612416682763e+00 -2.949029909160572061e-16 -4.032630118866508684e-01
1.178097245096172418e+00 -2.636779683484746784e-16 -4.013564396743972695e-01
1.335176877775662074e+00 -3.677613769070831040e-16 -3.982816382570514291e-01
1.492256510455151730e+00 -4.865899350114943900e-16 -3.915604452263319324e-01
1.649336143134641386e+00 -4.926614671774132148e-16 -3.807760803498137503e-01
1.806415775814131042e+00 -5.238864897449957425e-16 -3.672762251825184565e-01
1.963495408493620697e+00 -4.891920202254596006e-16 -3.522233328307861067e-01
2.120575041173110353e+00 -5.030698080332740574e-16 -3.368064231982980661e-01
2.277654673852600009e+00 -4.510281037539698445e-16 -3.228133722184803878e-01
2.434734306532089665e+00 -4.839878497975291793e-16 -3.112777214658429825e-01
2.591813939211579321e+00 -3.807718029769091572e-16 -3.019133350435327379e-01
2.748893571891068976e+00 -4.076600168545496672e-16 -2.934026570278845392e-01
2.905973204570558632e+00 -3.287300986976049444e-16 -2.844046923094969981e-01
3.063052837250048288e+00 -1.994931997373328159e-16 -2.746419739982016717e-01
3.220132469929537500e+00 -1.162264728904460753e-16 -2.645069007148056484e-01
3.377212102609027600e+00 -9.367506770274758310e-17 -2.547170850727110691e-01
3.534291735288517255e+00 -9.454242944073598665e-17 -2.458835218735104244e-01
3.691371367968007355e+00 8.673617379884035472e-17 -2.379212255582431879e-01
3.848451000647496123e+00 1.058181320345852328e-16 -2.303564961420873081e-01
4.005530633326985779e+00 9.540979117872439019e-17 -2.228917339678292142e-01
4.162610266006476323e+00 9.887923813067800438e-17 -2.157043406168399624e-01
4.319689898685965979e+00 1.908195823574487804e-16 -2.091933192069372338e-01
4.476769531365454746e+00 6.765421556309547668e-17 -2.032749148399948524e-01
4.633849164044944402e+00 2.003605614753212194e-16 -1.975999040377190707e-01
4.790928796724434946e+00 1.613292832658430598e-16 -1.922974913114817996e-01
4.948008429403924602e+00 2.272487753529617294e-16 -1.874810952355148441e-01
5.105088062083413369e+00 2.307182223049153436e-16 -1.828786038479463805e-01
5.262167694762903025e+00 2.671474153004282925e-16 -1.783585994228424065e-01
5.419247327442393569e+00 1.856154119295183591e-16 -1.739001715232677547e-01
5.576326960121883225e+00 1.786765180256111307e-16 -1.694686847844235900e-01
5.733406592801371993e+00 1.214306433183764966e-16 -1.650643942311137702e-01
5.890486225480861648e+00 9.194034422677077600e-17 -1.607961319179030679e-01
6.047565858160352192e+00 -5.204170427930421283e-18 -1.568988289581682294e-01
6.204645490839841848e+00 9.887923813067800438e-17 -1.534249778015741028e-01
6.361725123519330616e+00 7.632783294297951215e-17 -1.501288777481821213e-01
6.518804756198821160e+00 6.938893903907228378e-18 -1.469179757124633168e-01
6.675884388878310816e+00 -1.231653667943533037e-16 -1.438584147542145697e-01
6.832964021557799583e+00 -9.020562075079396891e-17 -1.407920332750095260e-01
6.990043654237290127e+00 -1.873501354054951662e-16 -1.377171490552885069e-01
7.147123286916778895e+00 -1.092875789865388469e-16 -1.348743006082623319e-01
7.304202919596268551e+00 -1.543903893619358314e-16 -1.322802587352168158e-01
7.461282552275759095e+00 -3.165870343657672947e-16 -1.298406870647706990e-01
7.618362184955247862e+00 -2.896988204881267848e-16 -1.275626607701685900e-01
7.775441817634738406e+00 -2.758210326803123280e-16 -1.253687571248468524e-01
7.932521450314228062e+00 -3.295974604355933479e-16 -1.230728245534298965e-01
8.089601082993716830e+00 -3.044439700339296451e-16 -1.206337714961687457e-01
8.246680715673207374e+00 -2.567390744445674500e-16 -1.182246823109126127e-01
8.403760348352696141e+00 -2.168404344971008868e-16 -1.159829120207217790e-01
8.560839981032184909e+00 -3.590877595271990685e-16 -1.139087278393667163e-01
8.717919613711675453e+00 -3.009745230819760309e-16 -1.120000540844041520e-01
8.874999246391165997e+00 -3.122502256758252770e-16 -1.102644870342347483e-01
9.032078879070656541e+00 -3.018418848199644344e-16 -1.085865405716530396e-01
9.189158511750145308e+00 -2.792904796322659422e-16 -1.068331758783680613e-01
9.346238144429634076e+00 -3.313321839115701550e-16 -1.050656736688066334e-01
9.503317777109124620e+00 -2.732189474663471174e-16 -1.033983229265084125e-01
9.660397409788613388e+00 -2.194425197110660974e-16 -1.018688542116369666e-01
9.817477042468102155e+00 -2.862293735361731706e-16 -1.003995948976680042e-01
9.974556675147592699e+00 -1.968911145233676052e-16 -9.889460126070424850e-02
1.013163630782708324e+01 -1.188285581044112860e-16 -9.743351295031464632e-02
1.028871594050657379e+01 -6.852157730108388023e-17 -9.609542459197978337e-02
1.044579557318606255e+01 -1.370431546021677605e-16 -9.481026270409874390e-02
1.060287520586555132e+01 -1.205632815803880931e-16 -9.347635356715722210e-02
1.075995483854504187e+01 7.806255641895631925e-18 -9.206704670929261036e-02
1.091703447122453063e+01 -6.938893903907228378e-17 -9.065379501735448819e-02
1.107411410390401940e+01 -1.439820485060749888e-16 -8.934415536994022577e-02
1.123119373658350995e+01 -1.674008154317618846e-16 -8.818279858778915736e-02
1.138827336926300049e+01 -6.591949208711866959e-17 -8.711693395340296131e-02
1.154535300194249103e+01 -1.049507702965968292e-16 -8.606262586629703781e-02
1.170243263462197980e+01 -7.199102425303749442e-17 -8.493963011461147516e-02
1.185951226730146857e+01 -6.852157730108388023e-17 -8.376305819140669739e-02
1.201659189998095911e+01 -1.387778780781445676e-17 -8.259673136423949236e-02
1.217367153266044788e+01 -1.214306433183764966e-17 -8.159667102246062620e-02
1.233075116533993665e+01 -9.020562075079396891e-17 -8.071826941802527633e-02
1.248783079801942719e+01 -4.770489558936219510e-17 -7.981881191667132558e-02
1.264491043069891774e+01 -1.387778780781445676e-17 -7.885510532830626584e-02
1.280199006337840650e+01 6.331740687315345895e-17 -7.788747453023223133e-02
1.295906969605789527e+01 1.214306433183764966e-17 -7.691498325448527240e-02
1.311614932873738759e+01 -1.734723475976807094e-17 -7.592595462685663987e-02
1.327322896141687636e+01 -6.071532165918824830e-18 -7.497466240806362203e-02
1.343030859409636513e+01 -5.204170427930421283e-18 -7.409940573459770918e-02
1.358738822677585389e+01 -4.336808689942017736e-18 -7.328947223340218087e-02
1.374446785945534444e+01 4.336808689942017736e-18 -7.254821265720923229e-02
1.390154749213483498e+01 -5.117434254131580929e-17 -7.186656179686691515e-02
1.405862712481432553e+01 -6.331740687315345895e-17 -7.117570283854386670e-02
1.421570675749381429e+01 -8.673617379884035472e-18 -7.040374003598946773e-02
1.437278639017330306e+01 -7.806255641895631925e-18 -6.955792751244721517e-02
1.452986602285279183e+01 -6.418476861114186249e-17 -6.872653847201239119e-02
1.468694565553228415e+01 -1.249000902703301108e-16 -6.797252400532746708e-02
1.484402528821177292e+01 -1.006139616066548115e-16 -6.726994305503875005e-02
1.500110492089126168e+01 -9.974659986866640793e-17 -6.659194196900192209e-02
1.515818455357075223e+01 -1.110223024625156540e-16 -6.594440755589961456e-02
1.531526418625024100e+01 -9.627715291671279374e-17 -6.531983049270535802e-02
1.547234381892972976e+01 -9.627715291671279374e-17 -6.470660512482206972e-02
1.562942345160922208e+01 -7.979727989493312634e-17 -6.409415064249340821e-02
1.578650308428871085e+01 -7.199102425303749442e-17 -6.347740242641208841e-02
1.594358271696819962e+01 -9.107298248878237246e-17 -6.286343367594325604e-02
1.610066234964768839e+01 -3.989863994746656317e-17 -6.223239520066770059e-02
1.625774198232717893e+01 -7.806255641895631925e-18 -6.156894569780826942e-02
1.641482161500666948e+01 1.214306433183764966e-17 -6.092442349362875431e-02
1.657190124768616002e+01 -2.428612866367529932e-17 -6.035824355252981943e-02
1.672898088036564701e+01 -2.688821387764050996e-17 -5.986596632338508917e-02
1.688606051304513755e+01 0.000000000000000000e+00 -5.939428545680537630e-02
1.704314014572462810e+01 2.081668171172168513e-17 -5.890094325718610996e-02
1.720021977840411864e+01 3.209238430557093125e-17 -5.838494471425997867e-02
1.735729941108360919e+01 2.862293735361731706e-17 -5.785249237350997831e-02
1.751437904376309618e+01 1.301042606982605321e-17 -5.730193443908863926e-02
1.767145867644258672e+01 5.117434254131580929e-17 -5.675584919491534486e-02
1.782853830912207371e+01 7.372574772901430151e-17 -5.624009134275297084e-02
1.798561794180156426e+01 3.209238430557093125e-17 -5.574686242252162305e-02
1.814269757448105480e+01 3.642919299551294898e-17 -5.527399710595939930e-02
1.829977720716054534e+01 5.898059818321144121e-17 -5.484354261136648728e-02
1.845685683984003589e+01 6.765421556309547668e-17 -5.443436083085945176e-02
1.861393647251952288e+01 7.199102425303749442e-17 -5.399375765726020793e-02
1.877101610519901342e+01 5.464378949326942347e-17 -5.351237487225952993e-02
