7.853981633974482790e-02 -1.691355389077386917e-16 -1.228801856082670785e+00
2.356194490192344837e-01 -1.942890293094023946e-16 -8.645890054818675674e-01
3.926990816987241395e-01 -1.986258379993444123e-16 -7.066703585903122420e-01
5.497787143782137953e-01 -2.064320936412400442e-16 -6.386138555157536700e-01
7.068583470577034511e-01 -1.934216675714139910e-16 -5.858027637379581432e-01
8.639379797371929959e-01 -3.382710778154773834e-16 -5.620733546350026311e-01
1.021017612416682763e+00 -2.411265631607761861e-16 -5.427455953518292020e-01
1.178097245096172418e+00 -2.324529457808921507e-16 -5.076485114772419927e-01
1.335176877775662074e+00 -2.688821387764050996e-16 -4.792867346519268379e-01
1.492256510455151730e+00 -2.923009057020919954e-16 -4.550819106672046588e-01
1.649336143134641386e+00 -2.376571162088225719e-16 -4.309316371094242815e-01
1.806415775814131042e+00 -2.966377143920340131e-16 -4.053306888948858822e-01
1.963495408493620697e+00 -2.324529457808921507e-16 -3.847055659875711076e-01
2.120575041173110353e+00 -1.960237527853792017e-16 -3.678806975889776232e-01
2.277654673852600009e+00 -3.252606517456513302e-16 -3.517860535535174971e-01
2.434734306532089665e+00 -1.726049858596923059e-16 -3.378267640030974683e-01
2.591813939211579321e+00 -8.847089727481716182e-17 -3.276556839466490678e-01
2.748893571891068976e+00 1.682681771697502882e-16 -3.117723520078730104e-01
2.905973204570558632e+00 -5.724587470723463412e-17 -3.013135687731439694e-01
3.063052837250048288e+00 2.081668171172168513e-17 -2.883808784636757716e-01
3.220132469929537500e+00 -1.457167719820517959e-16 -2.780410413437556794e-01
3.377212102609027600e+00 5.030698080332740574e-17 -2.658451730574326044e-01
3.534291735288517255e+00 -7.806255641895631925e-17 -2.559550570158152794e-01
3.691371367968007355e+00 6.765421556309547668e-17 -2.474586087069263751e-01
3.848451000647496123e+00 1.890848588814719733e-16 -2.385664810596806185e-01
4.005530633326985779e+00 1.483188571960170066e-16 -2.306032864146539962e-01
4.162610266006476323e+00 3.070460552478948557e-16 -2.223988846509468154e-01
4.319689898685965979e+00 3.027092465579528380e-16 -2.136026577514417990e-01
4.476769531365454746e+00 3.538835890992686473e-16 -2.086453733665773469e-01
4.633849164044944402e+00 3.729655473350135253e-16 -2.013433879662568371e-01
4.790928796724434946e+00 2.775557561562891351e-17 -1.976379043767045873e-01
4.948008429403924602e+00 2.853620117981847670e-16 -1.922661927971830165e-01
5.105088062083413369e+00 2.706168622523819067e-16 -1.861659335893661171e-01
5.262167694762903025e+00 5.134781488891348999e-16 -1.806083887565525237e-01
5.419247327442393569e+00 3.729655473350135253e-16 -1.766553783263170585e-01
5.576326960121883225e+00 1.986258379993444123e-16 -1.720252099784546074e-01
5.733406592801371993e+00 4.857225732735059864e-17 -1.664993727954496294e-01
5.890486225480861648e+00 -1.578598363138894456e-16 -1.630654626363003401e-01
6.047565858160352192e+00 1.925543058334255875e-16 -1.592700485529133791e-01
6.204645490839841848e+00 2.411265631607761861e-16 -1.552180735428017044e-01
6.361725123519330616e+00 1.040834085586084257e-16 -1.512421889705438394e-01
6.518804756198821160e+00 2.498001805406602216e-16 -1.486019817697484258e-01
6.675884388878310816e+00 1.301042606982605321e-16 -1.446210122924639907e-01
6.832964021557799583e+00 -1.006139616066548115e-16 -1.425420395334803525e-01
6.990043654237290127e+00 -1.327063459122257427e-16 -1.393565217040883542e-01
7.147123286916778895e+00 3.556183125752454544e-16 -1.362147205509681158e-01
7.304202919596268551e+00 6.071532165918824830e-17 -1.332881473031694020e-01
7.461282552275759095e+00 1.127570259384924611e-16 -1.310697143095105321e-01
7.618362184955247862e+00 8.153200337090993344e-17 -1.284032416724308068e-01
7.775441817634738406e+00 -9.974659986866640793e-17 -1.255764110183904270e-01
7.932521450314228062e+00 -2.862293735361731706e-17 -1.232817508841196064e-01
8.089601082993716830e+00 3.729655473350135253e-17 -1.211921205074816682e-01
8.246680715673207374e+00 -2.602085213965210642e-17 -1.191269895813782537e-01
8.403760348352696141e+00 6.071532165918824830e-17 -1.172138753559925500e-01
8.560839981032184909e+00 2.255140518769849223e-17 -1.149513125384845902e-01
8.717919613711675453e+00 -8.847089727481716182e-17 -1.127591503414517998e-01
8.874999246391165997e+00 -1.387778780781445676e-17 -1.111255211403620602e-01
9.032078879070656541e+00 7.546047120499110861e-17 -1.092892504661555630e-01
9.189158511750145308e+00 -1.630640067418198669e-16 -1.074201567048821276e-01
9.346238144429634076e+00 -7.459310946700270506e-17 -1.053186631965870312e-01
9.503317777109124620e+00 -2.862293735361731706e-17 -1.037451637673521693e-01
9.660397409788613388e+00 3.816391647148975608e-17 -1.024272453010485195e-01
9.817477042468102155e+00 1.240327285323417073e-16 -1.005891140921144761e-01
9.974556675147592699e+00 2.168404344971008868e-17 -9.970751839019564855e-02
1.013163630782708324e+01 4.510281037539698445e-17 -9.749412983991770365e-02
1.028871594050657379e+01 7.546047120499110861e-17 -9.654765438348213158e-02
1.044579557318606255e+01 2.923009057020919954e-16 -9.494974133465670929e-02
1.060287520586555132e+01 1.595945597898662527e-16 -9.348308088836472518e-02
1.075995483854504187e+01 3.027092465579528380e-16 -9.243044010732093252e-02
1.091703447122453063e+01 3.816391647148975608e-17 -9.072897157585048389e-02
1.107411410390401940e+01 -2.081668171172168513e-17 -8.954137607848855485e-02
1.123119373658350995e+01 -1.257674520083185143e-16 -8.851408475732142067e-02
1.138827336926300049e+01 1.960237527853792017e-16 -8.722392704044118483e-02
1.154535300194249103e+01 1.752070710736575165e-16 -8.589213960184341468e-02
1.170243263462197980e+01 1.864827736675067626e-16 -8.486035189787810573e-02
1.185951226730146857e+01 -1.144917494144692682e-16 -8.402621624118618293e-02
1.201659189998095911e+01 9.974659986866640793e-17 -8.264197761449343371e-02
1.217367153266044788e+01 9.020562075079396891e-17 -8.184594409682896532e-02
1.233075116533993665e+01 1.491862189340054101e-16 -8.059831880959475447e-02
1.248783079801942719e+01 7.806255641895631925e-17 -7.976579729258076457e-02
1.264491043069891774e+01 1.942890293094023946e-16 -7.895637396114443818e-02
1.280199006337840650e+01 1.353084311261909534e-16 -7.786427144710743320e-02
1.295906969605789527e+01 1.569924745759010420e-16 -7.670405010970206272e-02
1.311614932873738759e+01 6.678685382510707313e-17 -7.610795776876499996e-02
1.327322896141687636e+01 2.862293735361731706e-17 -7.521738528350326025e-02
1.343030859409636513e+01 1.335737076502141463e-16 -7.429972911418966652e-02
1.358738822677585389e+01 1.925543058334255875e-16 -7.335473121208548053e-02
1.374446785945534444e+01 1.136243876764808647e-16 -7.269811161650199804e-02
1.390154749213483498e+01 1.396452398161329711e-16 -7.211128791548979122e-02
1.405862712481432553e+01 1.162264728904460753e-16 -7.124354067184197892e-02
1.421570675749381429e+01 1.049507702965968292e-16 -7.028390139128984360e-02
1.437278639017330306e+01 -4.510281037539698445e-17 -6.960746223692808321e-02
1.452986602285279183e+01 -6.418476861114186249e-17 -6.888941097251279067e-02
1.468694565553228415e+01 7.372574772901430151e-17 -6.799265490451561478e-02
1.484402528821177292e+01 3.816391647148975608e-17 -6.731064556201005189e-02
1.500110492089126168e+01 -3.903127820947815962e-17 -6.648288435888718984e-02
1.515818455357075223e+01 5.724587470723463412e-17 -6.597488223345418512e-02
1.531526418625024100e+01 -3.816391647148975608e-17 -6.531993364267485447e-02
1.547234381892972976e+01 3.642919299551294898e-17 -6.467752137079663122e-02
1.562942345160922208e+01 -3.035766082959412415e-17 -6.419302592196003687e-02
1.578650308428871085e+01 3.035766082959412415e-17 -6.344212926835579580e-02
1.594358271696819962e+01 5.204170427930421283e-17 -6.284690668214801268e-02
1.610066234964768839e+01 -2.688821387764050996e-17 -6.210437041780460243e-02
1.625774198232717893e+01 -4.510281037539698445e-17 -6.153175122449226764e-02
1.641482161500666948e+01 9.194034422677077600e-17 -6.100970070492155173e-02
1.657190124768616002e+01 8.413408858487514408e-17 -6.031232861251918653e-02
1.672898088036564701e+01 1.075528555105620399e-16 -5.970784754197219768e-02
1.688606051304513755e+01 5.117434254131580929e-17 -5.930198612136588360e-02
1.704314014572462810e+01 9.974659986866640793e-17 -5.886263952494533158e-02
1.720021977840411864e+01 1.032160468206200221e-16 -5.827319931586699003e-02
1.735729941108360919e+01 3.122502256758252770e-17 -5.772375245605040894e-02
1.751437904376309618e+01 5.204170427930421283e-17 -5.720999042577986499e-02
1.767145867644258672e+01 7.459310946700270506e-17 -5.685711009096294788e-02
1.782853830912207371e+01 8.153200337090993344e-17 -5.625070911309619504e-02
1.798561794180156426e+01 1.196959198423996895e-16 -5.570286104447087078e-02
1.814269757448105480e+01 1.101549407245272505e-16 -5.529591294735167889e-02
1.829977720716054534e+01 9.887923813067800438e-17 -5.489056677565530562e-02
1.845685683984003589e+01 7.546047120499110861e-17 -5.434153933219863786e-02
1.861393647251952288e+01 1.491862189340054101e-16 -5.397777729305625743e-02
1.877101610519901342e+01 5.377642775528101993e-17 -5.342397168178954214e-02
