7.853981633974482790e-02 -4.145989107584568956e-16 -1.765679690140271152e+00
2.356194490192344837e-01 -2.975050761300224167e-16 -1.463952174753616164e+00
3.926990816987241395e-01 -3.963843142607004211e-16 -1.226758513801149419e+00
5.497787143782137953e-01 -1.700029006457270953e-16 -1.063047101658512350e+00
7.068583470577034511e-01 -2.298508605669269400e-16 -9.287232802224338890e-01
8.639379797371929959e-01 -3.061786935099064522e-16 -8.253735467883525079e-01
1.021017612416682763e+00 -2.766883944183007316e-16 -7.422153003140687932e-01
1.178097245096172418e+00 -3.382710778154773834e-17 -6.754398585976931768e-01
1.335176877775662074e+00 -6.071532165918824830e-17 -6.176019926212872324e-01
1.492256510455151730e+00 -3.460773334573730153e-16 -5.673902139876367823e-01
1.649336143134641386e+00 -1.621966450038314633e-16 -5.247344994896243620e-01
1.806415775814131042e+00 -1.569924745759010420e-16 -4.888213856017203929e-01
1.963495408493620697e+00 -3.295974604355933479e-16 -4.569200986045945934e-01
2.120575041173110353e+00 1.734723475976807094e-18 -4.273665434226718851e-01
2.277654673852600009e+00 -1.674008154317618846e-16 -4.020587268284940841e-01
2.434734306532089665e+00 -1.708702623837154988e-16 -3.797434661746938445e-01
2.591813939211579321e+00 6.938893903907228378e-17 -3.598508240053709950e-01
2.748893571891068976e+00 1.647987302177966740e-16 -3.415951248649792271e-01
2.905973204570558632e+00 3.079134169858832593e-16 -3.251228568762775106e-01
3.063052837250048288e+00 1.014813233446432150e-16 -3.097672872185457393e-01
3.220132469929537500e+00 -1.587271980518778491e-16 -2.962469696985823853e-01
3.377212102609027600e+00 -1.396452398161329711e-16 -2.832298669248274892e-01
3.534291735288517255e+00 -1.639313684798082704e-16 -2.717896337062659651e-01
3.691371367968007355e+00 1.318389841742373392e-16 -2.610557930120849801e-01
3.848451000647496123e+00 1.222980050563649002e-16 -2.512375145068585502e-01
4.005530633326985779e+00 2.628106066104862748e-16 -2.418051187556558568e-01
4.162610266006476323e+00 -1.222980050563649002e-16 -2.331568046920340920e-01
4.319689898685965979e+00 2.489328188026718180e-16 -2.252157276033967537e-01
4.476769531365454746e+00 1.665334536937734811e-16 -2.175621350858010505e-01
4.633849164044944402e+00 2.923009057020919954e-16 -2.103027019633670891e-01
4.790928796724434946e+00 1.708702623837154988e-16 -2.041515234481910690e-01
4.948008429403924602e+00 1.743397093356691130e-16 -1.979443984513835630e-01
5.105088062083413369e+00 2.411265631607761861e-16 -1.921084551795784467e-01
5.262167694762903025e+00 3.061786935099064522e-16 -1.862002904263968528e-01
5.419247327442393569e+00 3.833738881908743679e-16 -1.811465331276281843e-01
5.576326960121883225e+00 9.801187639268960083e-17 -1.763134576093730033e-01
5.733406592801371993e+00 -1.240327285323417073e-16 -1.716471095486558629e-01
5.890486225480861648e+00 -2.732189474663471174e-16 -1.671888395102743563e-01
6.047565858160352192e+00 -7.546047120499110861e-17 -1.630657702662052511e-01
6.204645490839841848e+00 2.072994553792284478e-16 -1.590550440809664900e-01
6.361725123519330616e+00 1.014813233446432150e-16 -1.551377448483783894e-01
6.518804756198821160e+00 1.960237527853792017e-16 -1.514280465336835801e-01
6.675884388878310816e+00 1.830133267155531485e-16 -1.480490456705185753e-01
6.832964021557799583e+00 1.127570259384924611e-17 -1.446332179732977563e-01
6.990043654237290127e+00 1.665334536937734811e-16 -1.415025157393957622e-01
7.147123286916778895e+00 -1.665334536937734811e-16 -1.384334181708877787e-01
7.304202919596268551e+00 1.170938346284344789e-16 -1.356410127996168224e-01
7.461282552275759095e+00 3.556183125752454544e-17 -1.327449275333709433e-01
7.618362184955247862e+00 -5.898059818321144121e-17 -1.300444023321239706e-01
7.775441817634738406e+00 -1.370431546021677605e-16 -1.274785455405222923e-01
7.932521450314228062e+00 7.372574772901430151e-17 -1.250846175652194081e-01
8.089601082993716830e+00 -4.770489558936219510e-17 -1.228292288850381525e-01
8.246680715673207374e+00 1.301042606982605321e-17 -1.204175746826030013e-01
8.403760348352696141e+00 -2.688821387764050996e-17 -1.180667639850070394e-01
8.560839981032184909e+00 -1.821459649775647449e-17 -1.159697107070104261e-01
8.717919613711675453e+00 -1.864827736675067626e-16 -1.138494401526105593e-01
8.874999246391165997e+00 1.830133267155531485e-16 -1.119355427375734735e-01
9.032078879070656541e+00 -3.556183125752454544e-17 -1.100300845457705262e-01
9.189158511750145308e+00 -2.081668171172168513e-17 -1.082190083075440235e-01
9.346238144429634076e+00 -9.627715291671279374e-17 -1.063860082774993610e-01
9.503317777109124620e+00 -1.387778780781445676e-16 -1.046019031980690850e-01
9.660397409788613388e+00 -1.084202172485504434e-16 -1.029991735795491858e-01
9.817477042468102155e+00 -6.245004513516505540e-17 -1.013524631984759755e-01
9.974556675147592699e+00 -7.546047120499110861e-17 -9.977873596655663369e-02
1.013163630782708324e+01 6.245004513516505540e-17 -9.822148628518083402e-02
1.028871594050657379e+01 3.816391647148975608e-17 -9.680647555941246374e-02
1.044579557318606255e+01 1.127570259384924611e-17 -9.536421551927337648e-02
1.060287520586555132e+01 1.647987302177966740e-17 -9.394683153604033166e-02
1.075995483854504187e+01 -4.770489558936219510e-17 -9.259317281594750537e-02
1.091703447122453063e+01 2.602085213965210642e-17 -9.128107542249830342e-02
1.107411410390401940e+01 -1.032160468206200221e-16 -9.005548172620994607e-02
1.123119373658350995e+01 -1.231653667943533037e-16 -8.881474271448555613e-02
1.138827336926300049e+01 -1.821459649775647449e-16 -8.756075482512541697e-02
1.154535300194249103e+01 -7.112366251504909087e-17 -8.636502184525103598e-02
1.170243263462197980e+01 -9.714451465470119729e-17 -8.525385051081386945e-02
1.185951226730146857e+01 4.336808689942017736e-18 -8.414622433740218121e-02
1.201659189998095911e+01 -2.385244779468109755e-16 -8.305693775057426675e-02
1.217367153266044788e+01 -7.112366251504909087e-17 -8.201752228822992152e-02
1.233075116533993665e+01 -7.372574772901430151e-17 -8.098070873495305522e-02
1.248783079801942719e+01 -1.335737076502141463e-16 -7.989347105430455454e-02
1.264491043069891774e+01 1.491862189340054101e-16 -7.892310659676100848e-02
1.280199006337840650e+01 2.185751579730776939e-16 -7.795882723864638875e-02
1.295906969605789527e+01 1.049507702965968292e-16 -7.704898604385962413e-02
1.311614932873738759e+01 7.806255641895631925e-18 -7.619094214797575426e-02
1.327322896141687636e+01 3.382710778154773834e-17 -7.525495393795275656e-02
1.343030859409636513e+01 7.892991815694472280e-17 -7.436517353930294227e-02
1.358738822677585389e+01 1.778091562876227272e-16 -7.354866138559246203e-02
1.374446785945534444e+01 -1.353084311261909534e-16 -7.273068808662651319e-02
1.390154749213483498e+01 -1.474514954580286030e-17 -7.198438784518819411e-02
1.405862712481432553e+01 1.552577510999242349e-16 -7.110513378910481019e-02
1.421570675749381429e+01 5.551115123125782702e-17 -7.031162667841311942e-02
1.437278639017330306e+01 -1.292368989602721285e-16 -6.952837130828212753e-02
1.452986602285279183e+01 -3.295974604355933479e-17 -6.880179495365099096e-02
1.468694565553228415e+01 -1.335737076502141463e-16 -6.808710035941285821e-02
1.484402528821177292e+01 -6.331740687315345895e-17 -6.737437611688337769e-02
1.500110492089126168e+01 5.377642775528101993e-17 -6.667611337545187311e-02
1.515818455357075223e+01 -1.249000902703301108e-16 -6.597910652240934759e-02
1.531526418625024100e+01 -1.474514954580286030e-17 -6.532111576248822438e-02
1.547234381892972976e+01 -1.734723475976807094e-16 -6.467088107188197210e-02
1.562942345160922208e+01 6.418476861114186249e-17 -6.402016014621489393e-02
1.578650308428871085e+01 -3.382710778154773834e-17 -6.338454343428831517e-02
1.594358271696819962e+01 -1.353084311261909534e-16 -6.277126152132689318e-02
1.610066234964768839e+01 -2.168404344971008868e-17 -6.217081285015362002e-02
1.625774198232717893e+01 -9.540979117872439019e-17 -6.159319963000983722e-02
1.641482161500666948e+01 8.066464163292152989e-17 -6.098781689818010693e-02
1.657190124768616002e+01 1.058181320345852328e-16 -6.040834341964950588e-02
1.672898088036564701e+01 3.989863994746656317e-17 -5.978772331949361307e-02
1.688606051304513755e+01 -6.418476861114186249e-17 -5.928402854540695821e-02
1.704314014572462810e+01 1.092875789865388469e-16 -5.874697183914807941e-02
1.720021977840411864e+01 9.627715291671279374e-17 -5.823860677533979069e-02
1.735729941108360919e+01 5.811323644522303766e-17 -5.770172202447772930e-02
1.751437904376309618e+01 2.688821387764050996e-17 -5.716997829911691503e-02
1.767145867644258672e+01 2.341876692568689577e-17 -5.668961067993356223e-02
1.782853830912207371e+01 8.326672684688674053e-17 -5.620929537049836056e-02
1.798561794180156426e+01 1.023486850826316186e-16 -5.571557865300778845e-02
1.814269757448105480e+01 -1.214306433183764966e-17 -5.524491314591326030e-02
1.829977720716054534e+01 2.515349040166370287e-17 -5.473894589778270647e-02
1.845685683984003589e+01 4.336808689942017736e-17 -5.427920567669239360e-02
1.861393647251952288e+01 3.382710778154773834e-17 -5.382930606326252754e-02
1.877101610519901342e+01 1.162264728904460753e-16 -5.338519589933315990e-02
