7.853981633974482790e-02 -5.218915577476224144e-15 -1.971901686113441965e-01
2.356194490192344837e-01 -5.988265439071938090e-15 -4.091845156268256178e-01
3.926990816987241395e-01 -4.632579042596063346e-15 -4.347907940159654316e-01
5.497787143782137953e-01 -2.938621568304711218e-15 -4.471225791858587373e-01
7.068583470577034511e-01 -2.419939248987645897e-15 -4.732516886110532672e-01
8.639379797371929959e-01 -2.681882493860143768e-15 -4.677288166436933681e-01
1.021017612416682763e+00 -2.048708425128609179e-15 -4.436426818649388815e-01
1.178097245096172418e+00 -1.300175245244616917e-15 -4.434078703580340286e-01
1.335176877775662074e+00 -1.210836986231811352e-15 -4.506396586727864362e-01
1.492256510455151730e+00 -1.365227375593747183e-15 -4.291520843017588849e-01
1.649336143134641386e+00 -1.092875789865388469e-15 -3.928910338469275842e-01
1.806415775814131042e+00 -7.563394355258878932e-16 -3.732848242743803668e-01
1.963495408493620697e+00 -7.563394355258878932e-16 -3.705845586926185264e-01
2.120575041173110353e+00 -9.853229343548264296e-16 -3.610944701277086777e-01
2.277654673852600009e+00 -8.239936510889833698e-16 -3.394309511149117831e-01
2.434734306532089665e+00 -6.921546669147460307e-16 -3.230429601547850083e-01
2.591813939211579321e+00 -7.112366251504909087e-16 -3.133088502062850722e-01
2.748893571891068976e+00 -7.528699885739342790e-16 -3.012898785587659334e-01
2.905973204570558632e+00 -5.403663627667754099e-16 -2.865935993324330577e-01
3.063052837250048288e+00 -4.718447854656915297e-16 -2.759306636412161562e-01
3.220132469929537500e+00 -5.394990010287870064e-16 -2.696689816732389389e-01
3.377212102609027600e+00 -5.447031714567174276e-16 -2.612083937749413165e-01
3.534291735288517255e+00 -4.640385298237958978e-16 -2.496851785143573976e-01
3.691371367968007355e+00 -4.310787837802365630e-16 -2.412735860277222533e-01
3.848451000647496123e+00 -4.198030811863873168e-16 -2.347701411264179194e-01
4.005530633326985779e+00 -2.636779683484746784e-16 -2.260676033999611811e-01
4.162610266006476323e+00 -9.194034422677077600e-17 -2.165963424819707661e-01
4.319689898685965979e+00 -5.030698080332740574e-17 -2.102368424084880560e-01
4.476769531365454746e+00 6.418476861114186249e-17 -2.066422181677609882e-01
4.633849164044944402e+00 1.960237527853792017e-16 -2.012906170797389704e-01
4.790928796724434946e+00 2.480654570646834145e-16 -1.944954398423375252e-01
4.948008429403924602e+00 3.469446951953614189e-16 -1.894218874500482874e-01
5.105088062083413369e+00 5.152128723651117070e-16 -1.851697964527712625e-01
5.262167694762903025e+00 4.839878497975291793e-16 -1.798568833924537591e-01
5.419247327442393569e+00 5.828670879282071837e-16 -1.743323134393753859e-01
5.576326960121883225e+00 4.649058915617843013e-16 -1.700121560899054973e-01
5.733406592801371993e+00 4.198030811863873168e-16 -1.667268556546229741e-01
5.890486225480861648e+00 2.532696274926138358e-16 -1.621448284207521739e-01
6.047565858160352192e+00 2.012279232133096230e-16 -1.565715187749928405e-01
6.204645490839841848e+00 3.191891195797325054e-16 -1.530904983385691365e-01
6.361725123519330616e+00 2.532696274926138358e-16 -1.515154911806066429e-01
6.518804756198821160e+00 3.469446951953614189e-17 -1.485887912073700912e-01
6.675884388878310816e+00 5.464378949326942347e-17 -1.441947075315445082e-01
6.832964021557799583e+00 -5.724587470723463412e-17 -1.408873172180740707e-01
6.990043654237290127e+00 -9.020562075079396891e-17 -1.390549412177655708e-01
7.147123286916778895e+00 -2.775557561562891351e-17 -1.366883876814790622e-01
7.304202919596268551e+00 1.387778780781445676e-17 -1.331678449210034754e-01
7.461282552275759095e+00 -1.196959198423996895e-16 -1.301808536947987593e-01
7.618362184955247862e+00 7.285838599102589797e-17 -1.278776460330372511e-01
7.775441817634738406e+00 -1.630640067418198669e-16 -1.251705809364507538e-01
7.932521450314228062e+00 -3.469446951953614189e-18 -1.222731943282874545e-01
8.089601082993716830e+00 -5.377642775528101993e-17 -1.201801865484380394e-01
8.246680715673207374e+00 8.673617379884035472e-18 -1.188276455920439373e-01
8.403760348352696141e+00 2.949029909160572061e-17 -1.168302539608265800e-01
8.560839981032184909e+00 -3.816391647148975608e-17 -1.141559878138544287e-01
8.717919613711675453e+00 -7.112366251504909087e-17 -1.121503775635322164e-01
8.874999246391165997e+00 3.469446951953614189e-17 -1.108391886007901311e-01
9.032078879070656541e+00 -3.469446951953614189e-18 -1.092972601325781917e-01
9.189158511750145308e+00 1.153591111524576718e-16 -1.070700454107351152e-01
9.346238144429634076e+00 1.457167719820517959e-16 -1.050827241061742523e-01
9.503317777109124620e+00 1.032160468206200221e-16 -1.037856538516764571e-01
9.660397409788613388e+00 5.984795992119984476e-17 -1.024296810781884365e-01
9.817477042468102155e+00 4.943961906533900219e-17 -1.007069521135071921e-01
9.974556675147592699e+00 1.422473250300981817e-16 -9.902871424556700108e-02
1.013163630782708324e+01 2.125036258071588691e-16 -9.757203023816449217e-02
1.028871594050657379e+01 2.090341788552052549e-16 -9.601782741859431203e-02
1.044579557318606255e+01 1.899522206194603768e-16 -9.447672267033996318e-02
1.060287520586555132e+01 2.671474153004282925e-16 -9.346243354293821970e-02
1.075995483854504187e+01 2.792904796322659422e-16 -9.244598770171043312e-02
1.091703447122453063e+01 1.934216675714139910e-16 -9.101776056959712258e-02
1.107411410390401940e+01 2.168404344971008868e-16 -8.952908715880208979e-02
1.123119373658350995e+01 1.960237527853792017e-16 -8.820581343438220479e-02
1.138827336926300049e+01 2.020952849512980265e-16 -8.708084747774763601e-02
1.154535300194249103e+01 1.569924745759010420e-16 -8.595975040225352359e-02
1.170243263462197980e+01 1.795438797635995343e-16 -8.475708725967068258e-02
1.185951226730146857e+01 1.292368989602721285e-16 -8.363028698520805215e-02
1.201659189998095911e+01 2.020952849512980265e-16 -8.250552879736944289e-02
1.217367153266044788e+01 1.413799632921097782e-16 -8.134900643020273603e-02
1.233075116533993665e+01 2.151057110211240797e-16 -8.024936031437560069e-02
1.248783079801942719e+01 2.723515857283587138e-16 -7.943115387165169961e-02
1.264491043069891774e+01 2.541369892306022393e-16 -7.878511890273634521e-02
1.280199006337840650e+01 3.261280134836397337e-16 -7.790208913592966411e-02
1.295906969605789527e+01 2.402592014227877826e-16 -7.694013221057913188e-02
1.311614932873738759e+01 2.012279232133096230e-16 -7.607066058553561827e-02
1.327322896141687636e+01 2.766883944183007316e-16 -7.517381256258418021e-02
1.343030859409636513e+01 2.550043509685906429e-16 -7.422288088713707710e-02
1.358738822677585389e+01 3.122502256758252770e-16 -7.339647129315075846e-02
1.374446785945534444e+01 1.370431546021677605e-16 -7.272838912807319534e-02
1.390154749213483498e+01 2.072994553792284478e-16 -7.199125558181491968e-02
1.405862712481432553e+01 1.517883041479706208e-16 -7.115504236824100881e-02
1.421570675749381429e+01 2.333203075188805542e-16 -7.029735824235741615e-02
1.437278639017330306e+01 1.023486850826316186e-16 -6.946562828336610984e-02
1.452986602285279183e+01 1.240327285323417073e-16 -6.865757297948894833e-02
1.468694565553228415e+01 1.318389841742373392e-16 -6.802173844571955674e-02
1.484402528821177292e+01 1.179611963664228824e-16 -6.742239562025559296e-02
1.500110492089126168e+01 8.586881206085195117e-17 -6.659320236513364966e-02
1.515818455357075223e+01 7.199102425303749442e-17 -6.580229803683890211e-02
1.531526418625024100e+01 8.847089727481716182e-17 -6.531981753530248513e-02
1.547234381892972976e+01 4.076600168545496672e-17 -6.484194121072761607e-02
1.562942345160922208e+01 8.066464163292152989e-17 -6.409295825957599113e-02
1.578650308428871085e+01 1.075528555105620399e-16 -6.334563408398126427e-02
1.594358271696819962e+01 9.107298248878237246e-17 -6.282298857618145993e-02
1.610066234964768839e+01 7.632783294297951215e-17 -6.228652950561489043e-02
1.625774198232717893e+01 9.194034422677077600e-17 -6.163794178127639245e-02
1.641482161500666948e+01 1.838806884535415520e-16 -6.100025264426937183e-02
1.657190124768616002e+01 1.231653667943533037e-16 -6.037235320838348074e-02
1.672898088036564701e+01 1.266348137463069179e-16 -5.978545365352435498e-02
1.688606051304513755e+01 7.979727989493312634e-17 -5.928344520779174620e-02
1.704314014572462810e+01 2.046973701652632371e-16 -5.883818808979179860e-02
1.720021977840411864e+01 1.569924745759010420e-16 -5.831595323316253465e-02
1.735729941108360919e+01 1.587271980518778491e-16 -5.774676823499616529e-02
1.751437904376309618e+01 1.118896642005040576e-16 -5.722890567526102423e-02
1.767145867644258672e+01 1.448494102440633924e-16 -5.674377222379987928e-02
1.782853830912207371e+01 1.639313684798082704e-16 -5.623340448576823192e-02
1.798561794180156426e+01 1.413799632921097782e-16 -5.577729165850803944e-02
1.814269757448105480e+01 1.639313684798082704e-16 -5.543405339273556331e-02
1.829977720716054534e+01 1.760744328116459201e-16 -5.502745369421816607e-02
1.845685683984003589e+01 1.387778780781445676e-16 -5.452662059815420459e-02
1.861393647251952288e+01 1.318389841742373392e-16 -5.402599864565443138e-02
1.877101610519901342e+01 1.257674520083185143e-16 -5.355689946839253812e-02
