7.853981633974482790e-02 -9.405670686746248066e-15 -3.032756761029791262e-02
2.356194490192344837e-01 -6.070664804180836427e-15 -8.764700338326580908e-02
3.926990816987241395e-01 -7.164407955784213300e-16 -1.361238980991219816e-01
5.497787143782137953e-01 4.133846043252731306e-15 -1.731427118865015435e-01
7.068583470577034511e-01 6.965782117784868888e-15 -1.992817685003464290e-01
8.639379797371929959e-01 6.833075771872643145e-15 -2.172960641910554880e-01
1.021017612416682763e+00 4.203234982291803590e-15 -2.304918723578010531e-01
1.178097245096172418e+00 4.458239333260394233e-16 -2.413315476135893256e-01
1.335176877775662074e+00 -2.936886844828734411e-15 -2.507851479259035066e-01
1.492256510455151730e+00 -4.819061816263570108e-15 -2.585115079525840409e-01
1.649336143134641386e+00 -4.902328543110456849e-15 -2.635559235694318603e-01
1.806415775814131042e+00 -3.667205428214970198e-15 -2.651467314817479992e-01
1.963495408493620697e+00 -1.719978326431004234e-15 -2.632159594129431235e-01
2.120575041173110353e+00 -2.168404344971008868e-17 -2.584832799285138871e-01
2.277654673852600009e+00 1.004404892590571308e-15 -2.521556989664040516e-01
2.434734306532089665e+00 1.373900992973631219e-15 -2.454604901672104156e-01
2.591813939211579321e+00 1.087671619437458048e-15 -2.392588608179517795e-01
2.748893571891068976e+00 6.522560269672794675e-16 -2.338965975475584269e-01
2.905973204570558632e+00 1.569924745759010420e-16 -2.293025034330161693e-01
3.063052837250048288e+00 -2.003605614753212194e-16 -2.252142484504640607e-01
3.220132469929537500e+00 -4.302114220422481594e-16 -2.213807656261515544e-01
3.377212102609027600e+00 -6.002143226879752547e-16 -2.176481888485941041e-01
3.534291735288517255e+00 -6.886852199627924165e-16 -2.139297645981463325e-01
3.691371367968007355e+00 -6.071532165918824830e-16 -2.101348337071909655e-01
3.848451000647496123e+00 -4.215378046623641239e-16 -2.061350550793198122e-01
4.005530633326985779e+00 -9.887923813067800438e-17 -2.018034880410446430e-01
4.162610266006476323e+00 2.289834988289385365e-16 -1.970958245464435321e-01
4.319689898685965979e+00 3.799044412389207537e-16 -1.921011826870932526e-01
4.476769531365454746e+00 4.007211229506424388e-16 -1.870245215368010472e-01
4.633849164044944402e+00 3.434752482434078047e-16 -1.821040558759672301e-01
4.790928796724434946e+00 5.377642775528101993e-17 -1.775136259866849087e-01
4.948008429403924602e+00 -1.084202172485504434e-16 -1.733056486976813360e-01
5.105088062083413369e+00 -2.185751579730776939e-16 -1.694165123426802089e-01
5.262167694762903025e+00 -1.301042606982605321e-16 -1.657233637326991360e-01
5.419247327442393569e+00 -1.647987302177966740e-17 -1.621164117250666892e-01
5.576326960121883225e+00 9.020562075079396891e-17 -1.585492245872154038e-01
5.733406592801371993e+00 1.457167719820517959e-16 -1.550491875215398718e-01
5.890486225480861648e+00 2.498001805406602216e-16 -1.516888107814002851e-01
6.047565858160352192e+00 1.804112415015879378e-16 -1.485397789821409076e-01
6.204645490839841848e+00 1.110223024625156540e-16 -1.456332265523150871e-01
6.361725123519330616e+00 -5.724587470723463412e-17 -1.429429586954557296e-01
6.518804756198821160e+00 -1.136243876764808647e-16 -1.403989285440984947e-01
6.675884388878310816e+00 -2.255140518769849223e-17 -1.379197743407844512e-01
6.832964021557799583e+00 -1.162264728904460753e-16 -1.354494318439452838e-01
6.990043654237290127e+00 -1.613292832658430598e-16 -1.329767047063240559e-01
7.147123286916778895e+00 -1.665334536937734811e-16 -1.305308987174594038e-01
7.304202919596268551e+00 -3.157196726277788912e-16 -1.281564274077593713e-01
7.461282552275759095e+00 -3.825065264528859643e-16 -1.258827019361327959e-01
7.618362184955247862e+00 -5.186823193170653212e-16 -1.237059936152628825e-01
7.775441817634738406e+00 -4.978656376053436361e-16 -1.215918080963218212e-01
7.932521450314228062e+00 -3.894454203567931927e-16 -1.194928455068239026e-01
8.089601082993716830e+00 -3.105155021998484699e-16 -1.173735031453454619e-01
8.246680715673207374e+00 -1.890848588814719733e-16 -1.152265311413143978e-01
8.403760348352696141e+00 -1.786765180256111307e-16 -1.130764354682262246e-01
8.560839981032184909e+00 -1.474514954580286030e-16 -1.109706437521043032e-01
8.717919613711675453e+00 -2.428612866367529932e-16 -1.089651982297541316e-01
8.874999246391165997e+00 -3.243932900076629267e-16 -1.071112326745497639e-01
9.032078879070656541e+00 -4.059252933785728601e-16 -1.054440056974075418e-01
9.189158511750145308e+00 -5.941427905220564298e-16 -1.039736373780416473e-01
9.346238144429634076e+00 -6.522560269672794675e-16 -1.026768330943251956e-01
9.503317777109124620e+00 -7.129713486264677158e-16 -1.014935847608701425e-01
9.660397409788613388e+00 -5.837344496661955873e-16 -1.003344570559790150e-01
9.817477042468102155e+00 -3.599551212651874721e-16 -9.910159622363576282e-02
9.974556675147592699e+00 -1.301042606982605321e-16 -9.772057655339264071e-02
1.013163630782708324e+01 1.118896642005040576e-16 -9.617206162252728285e-02
1.028871594050657379e+01 2.012279232133096230e-16 -9.450889246925762988e-02
1.044579557318606255e+01 1.630640067418198669e-16 -9.284576143413919569e-02
1.060287520586555132e+01 -5.464378949326942347e-17 -9.132177749244442533e-02
1.075995483854504187e+01 -2.801578413702543457e-16 -9.004630645250008558e-02
1.091703447122453063e+01 -5.603156827405086915e-16 -8.904958830516729318e-02
1.107411410390401940e+01 -6.253678130896389575e-16 -8.826258787649624016e-02
1.123119373658350995e+01 -6.652664530371055207e-16 -8.753801016999041007e-02
1.138827336926300049e+01 -3.590877595271990685e-16 -8.670778573515634802e-02
1.154535300194249103e+01 -1.066854937725736363e-16 -8.565260385546720479e-02
1.170243263462197980e+01 1.899522206194603768e-16 -8.435285672379372324e-02
1.185951226730146857e+01 2.645453300864630819e-16 -8.292518873780946320e-02
1.201659189998095911e+01 2.567390744445674500e-16 -8.147642609109784217e-02
1.217367153266044788e+01 1.144917494144692682e-16 -8.019639784125986992e-02
1.233075116533993665e+01 -4.683753385137379155e-17 -7.918328172806536613e-02
1.248783079801942719e+01 -2.896988204881267848e-16 -7.843345357206994717e-02
1.264491043069891774e+01 -3.243932900076629267e-16 -7.785048110565291613e-02
1.280199006337840650e+01 -2.723515857283587138e-16 -7.729325797900604700e-02
1.295906969605789527e+01 -1.908195823574487804e-16 -7.663924788298501212e-02
1.311614932873738759e+01 2.428612866367529932e-17 -7.583418429368746216e-02
1.327322896141687636e+01 9.280770596475917955e-17 -7.490668845984072011e-02
1.343030859409636513e+01 6.505213034913026604e-17 -7.394385468214144386e-02
1.358738822677585389e+01 4.076600168545496672e-17 -7.304188153033752684e-02
1.374446785945534444e+01 -3.295974604355933479e-17 -7.225789608674763886e-02
1.390154749213483498e+01 -1.136243876764808647e-16 -7.158616564806850879e-02
1.405862712481432553e+01 -1.647987302177966740e-16 -7.096833930267305857e-02
1.421570675749381429e+01 -2.237793284010081152e-16 -7.032908542744856217e-02
1.437278639017330306e+01 -9.454242944073598665e-17 -6.961655142135113328e-02
1.452986602285279183e+01 -7.546047120499110861e-17 -6.882697223992509383e-02
1.468694565553228415e+01 -3.989863994746656317e-17 -6.800298048790379135e-02
1.484402528821177292e+01 -7.199102425303749442e-17 -6.720872667585985061e-02
1.500110492089126168e+01 -1.595945597898662527e-16 -6.649550584440409862e-02
1.515818455357075223e+01 -1.595945597898662527e-16 -6.587598199231170515e-02
1.531526418625024100e+01 -1.899522206194603768e-16 -6.531982056217165711e-02
1.547234381892972976e+01 -1.613292832658430598e-16 -6.477185556301960634e-02
1.562942345160922208e+01 -1.240327285323417073e-16 -6.418194874960338192e-02
1.578650308428871085e+01 -2.341876692568689577e-17 -6.353081795300898060e-02
1.594358271696819962e+01 -1.561251128379126385e-17 -6.283889629848819769e-02
1.610066234964768839e+01 -3.469446951953614189e-17 -6.215405932724726856e-02
1.625774198232717893e+01 -4.943961906533900219e-17 -6.152549336371983257e-02
1.641482161500666948e+01 -1.457167719820517959e-16 -6.097784575392510564e-02
1.657190124768616002e+01 -8.673617379884035472e-17 -6.049900710105793333e-02
1.672898088036564701e+01 -7.546047120499110861e-17 -6.004706066579380830e-02
1.688606051304513755e+01 -3.469446951953614189e-18 -5.957275923990074107e-02
1.704314014572462810e+01 4.597017211338538800e-17 -5.904587435464785095e-02
1.720021977840411864e+01 6.678685382510707313e-17 -5.847169184279769200e-02
1.735729941108360919e+01 7.459310946700270506e-17 -5.788868757424210643e-02
1.751437904376309618e+01 4.597017211338538800e-17 -5.734844549335009478e-02
1.767145867644258672e+01 -6.331740687315345895e-17 -5.688843479035342321e-02
1.782853830912207371e+01 -8.239936510889833698e-17 -5.651159396555782005e-02
1.798561794180156426e+01 -1.032160468206200221e-16 -5.618316010907616759e-02
1.814269757448105480e+01 -7.459310946700270506e-17 -5.584580918013708900e-02
1.829977720716054534e+01 3.382710778154773834e-17 -5.544556702660406733e-02
1.845685683984003589e+01 9.540979117872439019e-17 -5.495604811632955056e-02
1.861393647251952288e+01 1.465841337200401995e-16 -5.439009198523255678e-02
1.877101610519901342e+01 1.517883041479706208e-16 -5.379373063855002329e-02
