0.000000000000000000e+00 -5.000000000000001110e-01 1.024145895891149691e-04
2.051282051282051211e-01 -3.840105452945419273e-01 6.689961605723964333e-05
4.102564102564102422e-01 -2.983063816257646161e-01 5.112178916229872833e-05
6.153846153846154188e-01 -2.343641490526059412e-01 5.287479665866826940e-05
8.205128205128204844e-01 -1.850526767639532055e-01 5.854031207490406413e-05
1.025641025641025550e+00 -1.489382323089998295e-01 5.790433477006957556e-05
1.230769230769230838e+00 -1.198195657380451556e-01 6.046051513652120200e-05
1.435897435897435903e+00 -9.794579375700999957e-02 5.601755574947388862e-05
1.641025641025640969e+00 -8.111864941164063925e-02 4.823047968060726427e-05
1.846153846153846034e+00 -6.758999920419507534e-02 5.028420958752080898e-05
2.051282051282051100e+00 -5.685252158684210577e-02 4.215945964619273098e-05
2.256410256410256387e+00 -4.826388938212880508e-02 4.018233849844332807e-05
2.461538461538461675e+00 -4.184015159303487025e-02 3.709560015907312398e-05
2.666666666666666519e+00 -3.705927864597117344e-02 3.675058296354795774e-05
2.871794871794871806e+00 -3.281896465556979198e-02 3.674582890235256031e-05
3.076923076923076650e+00 -2.886445342059652461e-02 3.655314126130870833e-05
3.282051282051281937e+00 -2.520503630709974505e-02 3.454929125263491531e-05
3.487179487179487225e+00 -2.236331095079500259e-02 3.250965283094514900e-05
3.692307692307692069e+00 -2.030477802400998399e-02 3.360269425889437985e-05
3.897435897435897356e+00 -1.831100398781167551e-02 3.382588983401039920e-05
4.102564102564102200e+00 -1.674325462079875523e-02 3.388055223607009921e-05
4.307692307692307487e+00 -1.564022667818962958e-02 3.696649098554775573e-05
4.512820512820512775e+00 -1.468393261581148017e-02 4.102324254974372094e-05
4.717948717948718063e+00 -1.362222041959462553e-02 4.114268930292445210e-05
4.923076923076923350e+00 -1.273410207941127158e-02 4.197937796394020122e-05
5.128205128205127750e+00 -1.150819269102763831e-02 3.754221846067546720e-05
5.333333333333333037e+00 -1.006638243486760419e-02 3.335632521280967525e-05
5.538461538461538325e+00 -8.899585255988618979e-03 3.113078202696223872e-05
5.743589743589743613e+00 -7.941146145329171929e-03 2.938942814435373347e-05
5.948717948717948900e+00 -7.277043623399679501e-03 2.945959339339541535e-05
6.153846153846153300e+00 -6.338826083356684064e-03 2.645597307281767244e-05
6.358974358974358587e+00 -6.072431049084125315e-03 3.024514648389828317e-05
6.564102564102563875e+00 -5.509314724317192560e-03 2.761764421104443708e-05
6.769230769230769162e+00 -5.245785511285397905e-03 3.140757975431324108e-05
6.974358974358974450e+00 -4.419450690367576588e-03 3.023641938110824043e-05
7.179487179487178850e+00 -4.441670757697023172e-03 3.307440680259670377e-05
7.384615384615384137e+00 -3.467726771973547121e-03 2.871673649712520290e-05
7.589743589743589425e+00 -3.095186424280724040e-03 2.764935180979672080e-05
7.794871794871794712e+00 -2.681197192627109323e-03 2.251409221810353673e-05
8.000000000000000000e+00 -2.252534690093341459e-03 1.818225080268480963e-05
8.205128205128204399e+00 -2.050210423331679833e-03 1.505450572471607365e-05
8.410256410256410575e+00 -1.832318040727144845e-03 1.218247725021679649e-05
8.615384615384614975e+00 -1.630625897617947765e-03 9.130692713380125330e-06
8.820512820512819374e+00 -1.474154880879789556e-03 7.494877052701855096e-06
9.025641025641025550e+00 -1.419338046299794967e-03 7.441782445241722244e-06
9.230769230769229949e+00 -1.293773814040396087e-03 7.009985975061792176e-06
9.435897435897436125e+00 -1.297449868852147562e-03 8.271596173543282823e-06
9.641025641025640525e+00 -1.270413320956533020e-03 9.476955037641457538e-06
9.846153846153846700e+00 -1.273638763472736534e-03 1.139689578585152259e-05
1.005128205128205110e+01 -1.154881326380775668e-03 1.048718700374982291e-05
1.025641025641025550e+01 -1.125920499360374754e-03 1.114776283503870452e-05
1.046153846153846168e+01 -9.515596453643257154e-04 8.426404303763799632e-06
1.066666666666666607e+01 -7.659083436604695880e-04 5.835216994344734863e-06
1.087179487179487225e+01 -6.344079934843192521e-04 4.270043018878571129e-06
1.107692307692307665e+01 -5.752018176568815576e-04 3.763217093401590907e-06
1.128205128205128105e+01 -4.917332205058396648e-04 2.808039844619703022e-06
1.148717948717948723e+01 -4.108090353321154783e-04 1.984797780208266799e-06
1.169230769230769162e+01 -3.541530477121958027e-04 1.480925839176331832e-06
1.189743589743589780e+01 -3.170412930460385012e-04 1.253238335440189854e-06
1.210256410256410220e+01 -2.873046134342870897e-04 1.132899259958831925e-06
1.230769230769230660e+01 -2.641285272835393978e-04 9.973842315934465793e-07
1.251282051282051277e+01 -2.373660285276960242e-04 8.853293402820002856e-07
1.271794871794871717e+01 -2.141608611725286289e-04 8.287793442405692583e-07
1.292307692307692335e+01 -1.985665028093317505e-04 8.471314666318548283e-07
1.312820512820512775e+01 -1.822885795036383949e-04 8.241711270570201002e-07
1.333333333333333215e+01 -1.705231613307471084e-04 8.340901939386413456e-07
1.353846153846153832e+01 -1.460904850208603672e-04 6.854605500399712547e-07
1.374358974358974272e+01 -1.293011508545654261e-04 5.836113799085080531e-07
1.394871794871794890e+01 -1.174485454172560957e-04 5.189615348428463171e-07
1.415384615384615330e+01 -1.047228908339315829e-04 4.420048236162077733e-07
1.435897435897435770e+01 -9.499380549360275671e-05 3.617816760776612142e-07
1.456410256410256387e+01 -8.482426692224124046e-05 3.053388018026565187e-07
1.476923076923076827e+01 -7.845798847862456640e-05 2.993019484002087331e-07
1.497435897435897445e+01 -7.562779514997969993e-05 3.164085414706877522e-07
1.517948717948717885e+01 -6.623848246704180736e-05 2.804742245435179533e-07
1.538461538461538325e+01 -6.504558585876758423e-05 3.013315039093444082e-07
1.558974358974358942e+01 -5.840437202810650082e-05 2.592555847511200469e-07
1.579487179487179382e+01 -5.178355948450853572e-05 2.319880510534914265e-07
1.600000000000000000e+01 -5.000121429690289999e-05 2.406529633096287935e-07
1.620512820512820440e+01 -4.362255802509905990e-05 2.113216427499575879e-07
1.641025641025640880e+01 -3.969466457195832624e-05 1.780729944153239053e-07
1.661538461538461320e+01 -3.727330182148381500e-05 1.672962332033319956e-07
1.682051282051282115e+01 -3.176564103708150839e-05 1.461787322979697354e-07
1.702564102564102555e+01 -2.997198741115840670e-05 1.229709584598032886e-07
1.723076923076922995e+01 -2.605755260528933216e-05 9.504517487929611222e-08
1.743589743589743435e+01 -2.367615222240954817e-05 7.791108384202139605e-08
1.764102564102563875e+01 -2.266563912704877432e-05 6.767051771012468843e-08
1.784615384615384670e+01 -1.915684190539798434e-05 6.247798189693987299e-08
1.805128205128205110e+01 -1.983376998005660012e-05 6.064538423326901048e-08
1.825641025641025550e+01 -1.865781858547149949e-05 6.111011908374043415e-08
1.846153846153845990e+01 -1.715728931959132719e-05 5.601984596726967274e-08
1.866666666666666430e+01 -1.871751864412001209e-05 5.701165362646875721e-08
1.887179487179487225e+01 -1.687620112057934356e-05 5.672098548428630384e-08
1.907692307692307665e+01 -1.752775067309337461e-05 5.705755150389704780e-08
1.928205128205128105e+01 -1.781419268793634568e-05 5.696417139763236238e-08
1.948717948717948545e+01 -1.597319679275711280e-05 5.408166690852656006e-08
1.969230769230769340e+01 -1.788819143008906100e-05 5.762732021784737127e-08
1.989743589743589780e+01 -1.682135800882170553e-05 5.634423379881803491e-08
2.010256410256410220e+01 -1.682135800879319102e-05 5.634423379882863605e-08
2.030769230769230660e+01 -1.788819143003948247e-05 5.762732021788207315e-08
2.051282051282051100e+01 -1.597319679274004339e-05 5.408166690856037520e-08
2.071794871794871895e+01 -1.781419268795131445e-05 5.696417139767947197e-08
2.092307692307692335e+01 -1.752775067307914107e-05 5.705755150394020016e-08
2.112820512820512775e+01 -1.687620112063298447e-05 5.672098548432764964e-08
2.133333333333333215e+01 -1.871751864410790969e-05 5.701165362649957465e-08
2.153846153846153655e+01 -1.715728931955053070e-05 5.601984596725311589e-08
2.174358974358974450e+01 -1.865781858551233664e-05 6.111011908369307972e-08
2.194871794871794890e+01 -1.983376998005107069e-05 6.064538423322906758e-08
2.215384615384615330e+01 -1.915684190535583937e-05 6.247798189688445851e-08
2.235897435897435770e+01 -2.266563912714023016e-05 6.767051771006186240e-08
2.256410256410256210e+01 -2.367615222240884682e-05 7.791108384196828444e-08
2.276923076923077005e+01 -2.605755260532596125e-05 9.504517487924493290e-08
2.297435897435897445e+01 -2.997198741112140830e-05 1.229709584599112059e-07
2.317948717948717885e+01 -3.176564103708158970e-05 1.461787322979928700e-07
2.338461538461538325e+01 -3.727330182148323224e-05 1.672962332034028287e-07
2.358974358974358765e+01 -3.969466457198528222e-05 1.780729944153886769e-07
2.379487179487179560e+01 -4.362255802514659539e-05 2.113216427500346149e-07
2.400000000000000000e+01 -5.000121429693142806e-05 2.406529633097900474e-07
2.420512820512820440e+01 -5.178355948456352510e-05 2.319880510535546628e-07
2.441025641025640880e+01 -5.840437202806201465e-05 2.592555847511689631e-07
2.461538461538461320e+01 -6.504558585881881278e-05 3.013315039093169855e-07
2.482051282051282115e+01 -6.623848246701376718e-05 2.804742245434645902e-07
2.502564102564102555e+01 -7.562779514998550041e-05 3.164085414706517533e-07
2.523076923076922995e+01 -7.845798847865473433e-05 2.993019484001542054e-07
2.543589743589743435e+01 -8.482426692229756476e-05 3.053388018026011969e-07
2.564102564102563875e+01 -9.499380549357387628e-05 3.617816760775983750e-07
2.584615384615384670e+01 -1.047228908339235056e-04 4.420048236161207936e-07
2.605128205128205110e+01 -1.174485454172885811e-04 5.189615348427668018e-07
2.625641025641025550e+01 -1.293011508545037079e-04 5.836113799083951860e-07
2.646153846153845990e+01 -1.460904850208075666e-04 6.854605500398529877e-07
2.666666666666666430e+01 -1.705231613307291378e-04 8.340901939385083614e-07
2.687179487179487225e+01 -1.822885795036346002e-04 8.241711270568713401e-07
2.707692307692307665e+01 -1.985665028092912284e-04 8.471314666316588461e-07
2.728205128205128105e+01 -2.141608611725525897e-04 8.287793442404227216e-07
2.748717948717948545e+01 -2.373660285276411365e-04 8.853293402818443257e-07
2.769230769230768985e+01 -2.641285272834970597e-04 9.973842315932962309e-07
2.789743589743589780e+01 -2.873046134342077803e-04 1.132899259958637531e-06
2.810256410256410220e+01 -3.170412930459776775e-04 1.253238335439905039e-06
2.830769230769230660e+01 -3.541530477122017116e-04 1.480925839175876764e-06
2.851282051282051100e+01 -4.108090353320166532e-04 1.984797780207545127e-06
2.871794871794871540e+01 -4.917332205057635538e-04 2.808039844618609926e-06
2.892307692307692335e+01 -5.752018176567947130e-04 3.763217093400034061e-06
2.912820512820512775e+01 -6.344079934841342873e-04 4.270043018876800830e-06
2.933333333333333215e+01 -7.659083436602651075e-04 5.835216994342210705e-06
2.953846153846153655e+01 -9.515596453640773247e-04 8.426404303760043888e-06
2.974358974358974095e+01 -1.125920499360069009e-03 1.114776283503357320e-05
2.994871794871794890e+01 -1.154881326380408340e-03 1.048718700374510324e-05
3.015384615384615330e+01 -1.273638763472481963e-03 1.139689578584638619e-05
3.035897435897435770e+01 -1.270413320956200603e-03 9.476955037637540858e-06
3.056410256410256210e+01 -1.297449868851827072e-03 8.271596173540292796e-06
3.076923076923076650e+01 -1.293773814040243865e-03 7.009985975059601748e-06
3.097435897435897445e+01 -1.419338046299554491e-03 7.441782445239597039e-06
3.117948717948717885e+01 -1.474154880879582040e-03 7.494877052699804429e-06
3.138461538461538325e+01 -1.630625897617650477e-03 9.130692713377369085e-06
3.158974358974358765e+01 -1.832318040726827173e-03 1.218247725021282221e-05
3.179487179487179205e+01 -2.050210423331330287e-03 1.505450572471117610e-05
3.200000000000000000e+01 -2.252534690092841425e-03 1.818225080267900915e-05
3.220512820512820440e+01 -2.681197192626507374e-03 2.251409221809588972e-05
3.241025641025640880e+01 -3.095186424280055304e-03 2.764935180978788794e-05
3.261538461538461320e+01 -3.467726771972806828e-03 2.871673649711682067e-05
3.282051282051281760e+01 -4.441670757696129790e-03 3.307440680258542129e-05
3.302564102564102200e+01 -4.419450690366870556e-03 3.023641938109900099e-05
3.323076923076922640e+01 -5.245785511284522737e-03 3.140757975430211445e-05
3.343589743589743790e+01 -5.509314724316478722e-03 2.761764421103539755e-05
3.364102564102564230e+01 -6.072431049083309128e-03 3.024514648388789177e-05
3.384615384615384670e+01 -6.338826083355978032e-03 2.645597307281073016e-05
3.405128205128205110e+01 -7.277043623399055867e-03 2.945959339338962503e-05
3.425641025641025550e+01 -7.941146145328568245e-03 2.938942814435021998e-05
3.446153846153845990e+01 -8.899585255988079480e-03 3.113078202696042268e-05
3.466666666666666430e+01 -1.006638243486708724e-02 3.335632521280834032e-05
3.487179487179486870e+01 -1.150819269102717861e-02 3.754221846067428813e-05
3.507692307692307310e+01 -1.273410207941081534e-02 4.197937796393892728e-05
3.528205128205127750e+01 -1.362222041959423868e-02 4.114268930292353053e-05
3.548717948717948900e+01 -1.468393261581108812e-02 4.102324254974281970e-05
3.569230769230769340e+01 -1.564022667818917856e-02 3.696649098554698323e-05
3.589743589743589780e+01 -1.674325462079833196e-02 3.388055223606930639e-05
3.610256410256410220e+01 -1.831100398781117244e-02 3.382588983400962670e-05
3.630769230769230660e+01 -2.030477802400959889e-02 3.360269425889356670e-05
3.651282051282051100e+01 -2.236331095079454115e-02 3.250965283094439006e-05
3.671794871794871540e+01 -2.520503630709927667e-02 3.454929125263425801e-05
3.692307692307691980e+01 -2.886445342059607705e-02 3.655314126130804425e-05
3.712820512820512420e+01 -3.281896465556940340e-02 3.674582890235205209e-05
3.733333333333332860e+01 -3.705927864597080568e-02 3.675058296354761215e-05
3.753846153846154010e+01 -4.184015159303452330e-02 3.709560015907299523e-05
3.774358974358974450e+01 -4.826388938212847202e-02 4.018233849844362622e-05
3.794871794871794890e+01 -5.685252158684177964e-02 4.215945964619313756e-05
3.815384615384615330e+01 -6.758999920419477003e-02 5.028420958752167634e-05
3.835897435897435770e+01 -8.111864941164023679e-02 4.823047968060814518e-05
3.856410256410256210e+01 -9.794579375700972201e-02 5.601755574947510157e-05
3.876923076923076650e+01 -1.198195657380449058e-01 6.046051513652266567e-05
3.897435897435897090e+01 -1.489382323089994686e-01 5.790433477007020575e-05
3.917948717948717530e+01 -1.850526767639530112e-01 5.854031207490488405e-05
3.938461538461538680e+01 -2.343641490526059135e-01 5.287479665866845913e-05
3.958974358974359120e+01 -2.983063816257643941e-01 5.112178916229893162e-05
3.979487179487179560e+01 -3.840105452945418718e-01 6.689961605723998214e-05
4.000000000000000000e+01 -4.999999999999998890e-01 1.024145895891149691e-04
