0.000000000000000000e+00 -5.000000000000003331e-01 5.119002206521287314e-05
2.051282051282051211e-01 -3.445877137972043203e-01 3.706925951951742823e-05
4.102564102564102422e-01 -2.409909494995887691e-01 3.305894296455824465e-05
6.153846153846154188e-01 -1.715990382657544555e-01 4.598741486854201858e-05
8.205128205128204844e-01 -1.237260185410942737e-01 3.987610226464465121e-05
1.025641025641025550e+00 -9.012774155453816272e-02 3.363321137053219639e-05
1.230769230769230838e+00 -6.676125888996431446e-02 3.131580423182341076e-05
1.435897435897435903e+00 -5.105487187317982872e-02 3.329393662123399583e-05
1.641025641025640969e+00 -3.956044492375104110e-02 3.513584216133129395e-05
1.846153846153846034e+00 -3.117943031330445286e-02 3.714997074770217246e-05
2.051282051282051100e+00 -2.334712685974118726e-02 3.221378447809675872e-05
2.256410256410256387e+00 -1.740716928896575769e-02 2.856291941698716678e-05
2.461538461538461675e+00 -1.337080150331929757e-02 2.931313230192534786e-05
2.666666666666666519e+00 -1.088682462773489165e-02 3.406935725050192886e-05
2.871794871794871806e+00 -8.350843570654414502e-03 2.780977851014748567e-05
3.076923076923076650e+00 -6.135333053259678544e-03 2.140496945658499673e-05
3.282051282051281937e+00 -5.230901757976331480e-03 2.265805745891019747e-05
3.487179487179487225e+00 -3.868372587632767663e-03 1.574765042168419050e-05
3.692307692307692069e+00 -2.947770490538020090e-03 1.281162251358168813e-05
3.897435897435897356e+00 -2.300213657043329203e-03 9.078317405989802364e-06
4.102564102564102200e+00 -1.709581197223508740e-03 5.963816853755162499e-06
4.307692307692307487e+00 -1.382413029664957427e-03 4.931742549740475160e-06
4.512820512820512775e+00 -1.048251696048736921e-03 3.542562849874605131e-06
4.717948717948718063e+00 -8.046637585686452392e-04 2.549581398881088945e-06
4.923076923076923350e+00 -6.386668533874058536e-04 2.106910922314291278e-06
5.128205128205127750e+00 -5.049739080372500242e-04 1.771771888677144617e-06
5.333333333333333037e+00 -3.906045528681988837e-04 1.746755652722195123e-06
5.538461538461538325e+00 -3.098864165926649809e-04 1.296070731791050835e-06
5.743589743589743613e+00 -2.623815853204041859e-04 9.687957898248485363e-07
5.948717948717948900e+00 -2.262240229469032423e-04 7.685126397365066173e-07
6.153846153846153300e+00 -1.855085384515355019e-04 6.694960100318654174e-07
6.358974358974358587e+00 -1.721012651004004781e-04 6.832668651401461139e-07
6.564102564102563875e+00 -1.379498427266279050e-04 4.968109453520968259e-07
6.769230769230769162e+00 -1.142082727673772224e-04 4.172999931689308603e-07
6.974358974358974450e+00 -9.968896416578204263e-05 3.526453612021465088e-07
7.179487179487178850e+00 -8.474193293157345928e-05 3.647532294113131053e-07
7.384615384615384137e+00 -7.273599209292094510e-05 3.147743546035545678e-07
7.589743589743589425e+00 -6.312318100618662738e-05 3.345254625866889745e-07
7.794871794871794712e+00 -5.065462210283258620e-05 2.794007390213884896e-07
8.000000000000000000e+00 -4.797831221022776403e-05 3.076489933155324571e-07
8.205128205128204399e+00 -3.621972407056269004e-05 2.112039538686308627e-07
8.410256410256410575e+00 -3.062791331356424569e-05 1.526459834957632691e-07
8.615384615384614975e+00 -2.421513134296675345e-05 1.009244200263097160e-07
8.820512820512819374e+00 -1.869389401943299337e-05 9.065152159477231423e-08
9.025641025641025550e+00 -1.658756799369509604e-05 6.092151672829042826e-08
9.230769230769229949e+00 -1.146677306387943139e-05 4.308935778712818407e-08
9.435897435897436125e+00 -8.385132940650695833e-06 2.861673340638893639e-08
9.641025641025640525e+00 -8.218928755673776177e-06 2.221840210210158300e-08
9.846153846153846700e+00 -4.443029340334645548e-06 1.650959981259605664e-08
1.005128205128205110e+01 -5.163636616911002404e-06 1.267112016687267051e-08
1.025641025641025550e+01 -3.683210523846652950e-06 9.740486967003027118e-09
1.046153846153846168e+01 -1.947644677408980078e-06 7.257681776399209354e-09
1.066666666666666607e+01 -3.491990017441283710e-06 5.710486645268993387e-09
1.087179487179487225e+01 -1.049572562668876584e-06 4.784950791685309059e-09
1.107692307692307665e+01 -1.841135403765288797e-06 4.444381014352549588e-09
1.128205128205128105e+01 -2.108319154298608360e-06 3.843345582760250136e-09
1.148717948717948723e+01 -1.308046971740210910e-07 3.242433191274761718e-09
1.169230769230769162e+01 -2.045384932604387984e-06 2.805855679926130140e-09
1.189743589743589780e+01 -4.298349602312791412e-07 2.033689016960180332e-09
1.210256410256410220e+01 -2.939815269177370830e-07 1.654879768950214731e-09
1.230769230769230660e+01 -1.511477280730482285e-06 1.391082079167711422e-09
1.251282051282051277e+01 6.025436746491990660e-07 1.064954817267437895e-09
1.271794871794871717e+01 -9.742435921529735953e-07 8.538635221551400401e-10
1.292307692307692335e+01 -4.223161171084686921e-07 7.146631944913580141e-10
1.312820512820512775e+01 5.212392318338658107e-07 6.161537200065314327e-10
1.333333333333333215e+01 -1.254531169810655321e-06 5.733765038551323823e-10
1.353846153846153832e+01 5.890952409529748444e-07 5.673463648745819962e-10
1.374358974358974272e+01 -2.771910865081994177e-07 5.941095144811257724e-10
1.394871794871794890e+01 -6.878731102410571959e-07 5.785863649850338253e-10
1.415384615384615330e+01 8.689545863580597477e-07 5.815264069114765341e-10
1.435897435897435770e+01 -9.612028577630274938e-07 5.743128292983300324e-10
1.456410256410256387e+01 2.940437831060885104e-07 5.221630770045644041e-10
1.476923076923076827e+01 2.895543432169604221e-07 4.416771637386507971e-10
1.497435897435897445e+01 -9.076925477292809399e-07 4.151718299682398406e-10
1.517948717948717885e+01 8.928193810764965527e-07 4.032204766216418641e-10
1.538461538461538325e+01 -5.911181582403130446e-07 3.624756106179964687e-10
1.558974358974358942e+01 -1.476529021636500152e-07 3.455964199976531357e-10
1.579487179487179382e+01 6.783716676728460919e-07 3.671652150511244349e-10
1.600000000000000000e+01 -9.676358094471680078e-07 3.541966960890643796e-10
1.620512820512820440e+01 6.771463728595676785e-07 3.895885566813956282e-10
1.641025641025640880e+01 -1.412882406092182942e-07 4.136191724203699585e-10
1.661538461538461320e+01 -5.491008585932300090e-07 4.095609270368383376e-10
1.682051282051282115e+01 8.827254611397366825e-07 4.083752036121268295e-10
1.702564102564102555e+01 -8.331805752156976496e-07 3.965295594561019456e-10
1.723076923076922995e+01 3.104438694511255374e-07 3.573758276864317594e-10
1.743589743589743435e+01 3.089942549671457551e-07 3.620938304635155557e-10
1.764102564102563875e+01 -8.188279256880551046e-07 3.596673388284628057e-10
1.784615384615384670e+01 8.714188603133988530e-07 3.276322099269724177e-10
1.805128205128205110e+01 -5.256019756786829908e-07 3.318206600648996513e-10
1.825641025641025550e+01 -1.045582517875383849e-07 3.433899655163800492e-10
1.846153846153845990e+01 6.857054275081076939e-07 4.404336262232356366e-10
1.866666666666666430e+01 -8.802053486539392712e-07 3.946170797127944105e-10
1.887179487179487225e+01 7.113267704299777339e-07 4.615299537886963190e-10
1.907692307692307665e+01 -6.719786003498935508e-08 4.876898914523247638e-10
1.928205128205128105e+01 -4.554025806558123511e-07 5.239934634050279598e-10
1.948717948717948545e+01 9.258814944884168755e-07 5.796370055739370685e-10
1.969230769230769340e+01 -7.433643790627141178e-07 5.220378719906159466e-10
1.989743589743589780e+01 3.731862643008303377e-07 5.685633802326503491e-10
2.010256410256410220e+01 3.731862643106312500e-07 5.685633802313893123e-10
2.030769230769230660e+01 -7.433643790542723757e-07 5.220378719817680092e-10
2.051282051282051100e+01 9.258814945042398744e-07 5.796370055624546643e-10
2.071794871794871895e+01 -4.554025806422540536e-07 5.239934633993753177e-10
2.092307692307692335e+01 -6.719786003012731979e-08 4.876898914376674335e-10
2.112820512820512775e+01 7.113267704427302385e-07 4.615299538167315896e-10
2.133333333333333215e+01 -8.802053486458871642e-07 3.946170797468203299e-10
2.153846153846153655e+01 6.857054275274482090e-07 4.404336262769454043e-10
2.174358974358974450e+01 -1.045582518048421828e-07 3.433899655616697387e-10
2.194871794871794890e+01 -5.256019756668297176e-07 3.318206600982587597e-10
2.215384615384615330e+01 8.714188602956037496e-07 3.276322099583696088e-10
2.235897435897435770e+01 -8.188279257075800610e-07 3.596673388504265706e-10
2.256410256410256210e+01 3.089942549609571206e-07 3.620938305050507758e-10
2.276923076923077005e+01 3.104438695029441543e-07 3.573758277076631076e-10
2.297435897435897445e+01 -8.331805752155437013e-07 3.965295594977891601e-10
2.317948717948717885e+01 8.827254611312230485e-07 4.083752036408936896e-10
2.338461538461538325e+01 -5.491008586059842076e-07 4.095609270278317883e-10
2.358974358974358765e+01 -1.412882405646261124e-07 4.136191724221442610e-10
2.379487179487179560e+01 6.771463728675075536e-07 3.895885566665950923e-10
2.400000000000000000e+01 -9.676358094971603158e-07 3.541966960992956732e-10
2.420512820512820440e+01 6.783716676611182855e-07 3.671652150804782315e-10
2.441025641025640880e+01 -1.476529021848454265e-07 3.455964200192178893e-10
2.461538461538461320e+01 -5.911181582129499629e-07 3.624756106478433683e-10
2.482051282051282115e+01 8.928193810619442090e-07 4.032204766549361423e-10
2.502564102564102555e+01 -9.076925477089221853e-07 4.151718299975951881e-10
2.523076923076922995e+01 2.895543432075034051e-07 4.416771637844019500e-10
2.543589743589743435e+01 2.940437831125261725e-07 5.221630770570239917e-10
2.564102564102563875e+01 -9.612028577895802826e-07 5.743128293288250796e-10
2.584615384615384670e+01 8.689545863458883078e-07 5.815264069384721937e-10
2.605128205128205110e+01 -6.878731102328293296e-07 5.785863650076834780e-10
2.625641025641025550e+01 -2.771910864886119396e-07 5.941095144880877380e-10
2.646153846153845990e+01 5.890952409537659732e-07 5.673463648732984186e-10
2.666666666666666430e+01 -1.254531169853353404e-06 5.733765038556545401e-10
2.687179487179487225e+01 5.212392318272959055e-07 6.161537200015741393e-10
2.707692307692307665e+01 -4.223161171083984943e-07 7.146631944846453400e-10
2.728205128205128105e+01 -9.742435921527891539e-07 8.538635221534664469e-10
2.748717948717948545e+01 6.025436746493611669e-07 1.064954817272518025e-09
2.769230769230768985e+01 -1.511477280746043339e-06 1.391082079181963538e-09
2.789743589743589780e+01 -2.939815269485518240e-07 1.654879768955406323e-09
2.810256410256410220e+01 -4.298349602545837704e-07 2.033689016963323618e-09
2.830769230769230660e+01 -2.045384932615304545e-06 2.805855679976828867e-09
2.851282051282051100e+01 -1.308046971954988819e-07 3.242433191308614084e-09
2.871794871794871540e+01 -2.108319154322917782e-06 3.843345582782986850e-09
2.892307692307692335e+01 -1.841135403785231340e-06 4.444381014360824703e-09
2.912820512820512775e+01 -1.049572562634480694e-06 4.784950791690258907e-09
2.933333333333333215e+01 -3.491990017449799356e-06 5.710486645265930337e-09
2.953846153846153655e+01 -1.947644677466989977e-06 7.257681776400275590e-09
2.974358974358974095e+01 -3.683210523815658743e-06 9.740486966999845781e-09
2.994871794871794890e+01 -5.163636616927813467e-06 1.267112016686016023e-08
3.015384615384615330e+01 -4.443029340348040527e-06 1.650959981257985052e-08
3.035897435897435770e+01 -8.218928755674143790e-06 2.221840210209416485e-08
3.056410256410256210e+01 -8.385132940642618527e-06 2.861673340640743215e-08
3.076923076923076650e+01 -1.146677306387463718e-05 4.308935778716510941e-08
3.097435897435897445e+01 -1.658756799369052207e-05 6.092151672832002147e-08
3.117948717948717885e+01 -1.869389401945303756e-05 9.065152159481186008e-08
3.138461538461538325e+01 -2.421513134299018916e-05 1.009244200263318845e-07
3.158974358974358765e+01 -3.062791331357344108e-05 1.526459834957753658e-07
3.179487179487179205e+01 -3.621972407056134834e-05 2.112039538686268393e-07
3.200000000000000000e+01 -4.797831221022924803e-05 3.076489933154965641e-07
3.220512820512820440e+01 -5.065462210278069358e-05 2.794007390213635022e-07
3.241025641025640880e+01 -6.312318100618708816e-05 3.345254625866550932e-07
3.261538461538461320e+01 -7.273599209292961872e-05 3.147743546035399565e-07
3.282051282051281760e+01 -8.474193293157955792e-05 3.647532294112878531e-07
3.302564102564102200e+01 -9.968896416577705530e-05 3.526453612021196155e-07
3.323076923076922640e+01 -1.142082727673572053e-04 4.172999931688836382e-07
3.343589743589743790e+01 -1.379498427265880064e-04 4.968109453520685562e-07
3.364102564102564230e+01 -1.721012651004158467e-04 6.832668651401198559e-07
3.384615384615384670e+01 -1.855085384515280480e-04 6.694960100318649939e-07
3.405128205128205110e+01 -2.262240229469086633e-04 7.685126397365196404e-07
3.425641025641025550e+01 -2.623815853204214247e-04 9.687957898248631476e-07
3.446153846153845990e+01 -3.098864165926521873e-04 1.296070731791079634e-06
3.466666666666666430e+01 -3.906045528682292956e-04 1.746755652722222652e-06
3.487179487179486870e+01 -5.049739080372418927e-04 1.771771888677149911e-06
3.507692307692307310e+01 -6.386668533874012999e-04 2.106910922314284078e-06
3.528205128205127750e+01 -8.046637585687132187e-04 2.549581398881114356e-06
3.548717948717948900e+01 -1.048251696048774868e-03 3.542562849874669929e-06
3.569230769230769340e+01 -1.382413029664966535e-03 4.931742549740631862e-06
3.589743589743589780e+01 -1.709581197223577261e-03 5.963816853755574157e-06
3.610256410256410220e+01 -2.300213657043396424e-03 9.078317405990661256e-06
3.630769230769230660e+01 -2.947770490538108995e-03 1.281162251358319924e-05
3.651282051282051100e+01 -3.868372587632866975e-03 1.574765042168558979e-05
3.671794871794871540e+01 -5.230901757976454645e-03 2.265805745891230828e-05
3.692307692307691980e+01 -6.135333053259793903e-03 2.140496945658634860e-05
3.712820512820512420e+01 -8.350843570654523790e-03 2.780977851014885109e-05
3.733333333333332860e+01 -1.088682462773496798e-02 3.406935725050337221e-05
3.753846153846154010e+01 -1.337080150331937736e-02 2.931313230192575782e-05
3.774358974358974450e+01 -1.740716928896579238e-02 2.856291941698711596e-05
3.794871794871794890e+01 -2.334712685974122195e-02 3.221378447809658931e-05
3.815384615384615330e+01 -3.117943031330447715e-02 3.714997074770248417e-05
3.835897435897435770e+01 -3.956044492375106886e-02 3.513584216133138204e-05
3.856410256410256210e+01 -5.105487187317986342e-02 3.329393662123395517e-05
3.876923076923076650e+01 -6.676125888996425894e-02 3.131580423182334978e-05
3.897435897435897090e+01 -9.012774155453812108e-02 3.363321137053230481e-05
3.917948717948717530e+01 -1.237260185410943153e-01 3.987610226464477318e-05
3.938461538461538680e+01 -1.715990382657545110e-01 4.598741486854233707e-05
3.958974358974359120e+01 -2.409909494995887691e-01 3.305894296455827176e-05
3.979487179487179560e+01 -3.445877137972042092e-01 3.706925951951782125e-05
4.000000000000000000e+01 -4.999999999999997224e-01 5.119002206521287314e-05
