0.000000000000000000e+00 -5.000000000000005551e-01 8.417984741638839851e-05
2.051282051282051211e-01 -3.826882853385770722e-01 5.839127966587474503e-05
4.102564102564102422e-01 -2.968202019559961213e-01 4.767400092427330363e-05
6.153846153846154188e-01 -2.330911952659014685e-01 5.313088116463806959e-05
8.205128205128204844e-01 -1.839642004563527833e-01 6.063657371324998276e-05
1.025641025641025550e+00 -1.479632501034177927e-01 6.001191916731033111e-05
1.230769230769230838e+00 -1.186321927388323955e-01 6.271514071732079646e-05
1.435897435897435903e+00 -9.715087556482314424e-02 5.801822863275613203e-05
1.641025641025640969e+00 -8.065678357454296454e-02 4.949532063935728216e-05
1.846153846153846034e+00 -6.718881212249115664e-02 5.162301615198183492e-05
2.051282051282051100e+00 -5.673295640231810349e-02 4.342431256839181301e-05
2.256410256410256387e+00 -4.795938346641347855e-02 4.095003127191586934e-05
2.461538461538461675e+00 -4.120436758148025153e-02 3.714542026754214606e-05
2.666666666666666519e+00 -3.600305664193306776e-02 3.619806371500220875e-05
2.871794871794871806e+00 -3.114138328366991212e-02 3.581286608367262260e-05
3.076923076923076650e+00 -2.711697457951266557e-02 3.510531169248799223e-05
3.282051282051281937e+00 -2.364779907843949508e-02 3.296711031383090320e-05
3.487179487179487225e+00 -2.078484544215343163e-02 3.015605084117928625e-05
3.692307692307692069e+00 -1.857637867244339366e-02 2.949091009681364649e-05
3.897435897435897356e+00 -1.668266461940851042e-02 2.986809149209225587e-05
4.102564102564102200e+00 -1.526277732996453480e-02 3.077040900527701253e-05
4.307692307692307487e+00 -1.418290598598230361e-02 3.378429337352736932e-05
4.512820512820512775e+00 -1.287997827048538782e-02 3.535511903194083486e-05
4.717948717948718063e+00 -1.166315337437546888e-02 3.456635902367807703e-05
4.923076923076923350e+00 -1.060957575580374554e-02 3.486973498897673860e-05
5.128205128205127750e+00 -9.589229142337233475e-03 3.240049965257176678e-05
5.333333333333333037e+00 -8.245520464700001675e-03 2.673468203164424030e-05
5.538461538461538325e+00 -7.210114495108458678e-03 2.437085516163577803e-05
5.743589743589743613e+00 -6.316392330427316251e-03 2.156584164675730413e-05
5.948717948717948900e+00 -5.759661330445820134e-03 2.237389386046749988e-05
6.153846153846153300e+00 -5.371181456112898364e-03 2.535542424483583582e-05
6.358974358974358587e+00 -5.255301317288929054e-03 3.083774393654025592e-05
6.564102564102563875e+00 -4.834448362869761887e-03 2.933589318583461285e-05
6.769230769230769162e+00 -4.671586964930310275e-03 3.134409395171455537e-05
6.974358974358974450e+00 -4.074427233403733230e-03 2.550053387027579677e-05
7.179487179487178850e+00 -3.738007684840053812e-03 2.265360590893416900e-05
7.384615384615384137e+00 -3.173820197437807796e-03 1.986567470977145544e-05
7.589743589743589425e+00 -3.105045424493533494e-03 2.591030280555303272e-05
7.794871794871794712e+00 -3.071357581887802519e-03 2.919410632928948803e-05
8.000000000000000000e+00 -2.653081706009102585e-03 2.600107336790670771e-05
8.205128205128204399e+00 -2.405064802420011673e-03 2.285744497325682746e-05
8.410256410256410575e+00 -2.015787705020337904e-03 1.697878666556677958e-05
8.615384615384614975e+00 -1.720626968051756000e-03 1.281552053772790519e-05
8.820512820512819374e+00 -1.494434413353228595e-03 1.044915222075998988e-05
9.025641025641025550e+00 -1.496382821735437602e-03 1.134558568622840689e-05
9.230769230769229949e+00 -1.545855942302547031e-03 1.348658040289232849e-05
9.435897435897436125e+00 -1.535458580763277492e-03 1.485195373896202356e-05
9.641025641025640525e+00 -1.506517656429026556e-03 1.578845044085784989e-05
9.846153846153846700e+00 -1.564658465659109383e-03 1.815790344548634592e-05
1.005128205128205110e+01 -1.391853410828547801e-03 1.608859148119395817e-05
1.025641025641025550e+01 -1.420159087662234941e-03 1.721062033133792906e-05
1.046153846153846168e+01 -1.249614912344239456e-03 1.407162779703619712e-05
1.066666666666666607e+01 -9.768435080915749153e-04 9.923244541796856223e-06
1.087179487179487225e+01 -8.061580679128966219e-04 7.611785669134734263e-06
1.107692307692307665e+01 -7.974217811652784937e-04 7.907272022698307541e-06
1.128205128205128105e+01 -8.619170969877767725e-04 9.338154447750683209e-06
1.148717948717948723e+01 -7.055959188037464608e-04 7.168711560205854498e-06
1.169230769230769162e+01 -5.518086797025883615e-04 4.928511402062472891e-06
1.189743589743589780e+01 -4.371627082912275353e-04 3.340767520168237870e-06
1.210256410256410220e+01 -3.747826992094742730e-04 2.572307696936563367e-06
1.230769230769230660e+01 -3.239614694575440709e-04 1.954493696358899388e-06
1.251282051282051277e+01 -2.815901771774988746e-04 1.575530363902146542e-06
1.271794871794871717e+01 -2.549903867913120561e-04 1.481299370014614019e-06
1.292307692307692335e+01 -2.568107994467703418e-04 1.784446069672968473e-06
1.312820512820512775e+01 -2.314519971646787676e-04 1.645126825947847588e-06
1.333333333333333215e+01 -2.119330513119675112e-04 1.526394956007778122e-06
1.353846153846153832e+01 -1.784090678131176216e-04 1.200553864527539453e-06
1.374358974358974272e+01 -1.598470296383194302e-04 1.080878053937573152e-06
1.394871794871794890e+01 -1.509736065329217263e-04 1.078306376312973335e-06
1.415384615384615330e+01 -1.529099055322546584e-04 1.288468579882475218e-06
1.435897435897435770e+01 -1.349224484798848414e-04 1.052908547990545203e-06
1.456410256410256387e+01 -1.131135246866143593e-04 8.046835093144346177e-07
1.476923076923076827e+01 -9.803743252188306550e-05 6.288812373052402251e-07
1.497435897435897445e+01 -8.977794429002589733e-05 5.459825535313680861e-07
1.517948717948717885e+01 -7.757492017039452424e-05 4.752204291497792586e-07
1.538461538461538325e+01 -7.489902300604983989e-05 4.830824055960993284e-07
1.558974358974358942e+01 -6.447721904518669228e-05 3.997496181390399886e-07
1.579487179487179382e+01 -5.459816018897979873e-05 3.413743723927913820e-07
1.600000000000000000e+01 -5.098280195127265565e-05 3.573443590484881682e-07
1.620512820512820440e+01 -4.696955524204883493e-05 3.738279981305155449e-07
1.641025641025640880e+01 -4.596867924215733626e-05 3.352984272480357080e-07
1.661538461538461320e+01 -4.520775882295269114e-05 3.253670788251473061e-07
1.682051282051282115e+01 -4.235011834594181043e-05 3.301441749028186602e-07
1.702564102564102555e+01 -3.761492330551962824e-05 2.641442529167397357e-07
1.723076923076922995e+01 -3.067458479416999601e-05 1.944028873258565502e-07
1.743589743589743435e+01 -2.674260809310182862e-05 1.441996822547141814e-07
1.764102564102563875e+01 -2.475173886401042111e-05 1.145579483055727034e-07
1.784615384615384670e+01 -2.087208224343387451e-05 1.001939184078265356e-07
1.805128205128205110e+01 -2.182636022349441923e-05 1.026935076201308115e-07
1.825641025641025550e+01 -2.067607786706797057e-05 1.025292619820442005e-07
1.846153846153845990e+01 -1.872326736074585415e-05 8.982556932817076385e-08
1.866666666666666430e+01 -2.004126654550467574e-05 8.685689726918133172e-08
1.887179487179487225e+01 -1.808648907840338922e-05 8.615695861192749299e-08
1.907692307692307665e+01 -1.872608449242641187e-05 8.575888737278156339e-08
1.928205128205128105e+01 -1.876225232991947215e-05 8.293476365276969460e-08
1.948717948717948545e+01 -1.678511940722246496e-05 7.745759400819213285e-08
1.969230769230769340e+01 -1.846765757341797641e-05 7.701133181357610883e-08
1.989743589743589780e+01 -1.749202715122141728e-05 7.901599457382415328e-08
2.010256410256410220e+01 -1.749202715121742606e-05 7.901599457383216039e-08
2.030769230769230660e+01 -1.846765757347744490e-05 7.701133181358659086e-08
2.051282051282051100e+01 -1.678511940724791322e-05 7.745759400818957852e-08
2.071794871794871895e+01 -1.876225232992575714e-05 8.293476365273887054e-08
2.092307692307692335e+01 -1.872608449247850100e-05 8.575888737273873529e-08
2.112820512820512775e+01 -1.808648907847036581e-05 8.615695861184723662e-08
2.133333333333333215e+01 -2.004126654549562942e-05 8.685689726906303828e-08
2.153846153846153655e+01 -1.872326736082837888e-05 8.982556932796448486e-08
2.174358974358974450e+01 -2.067607786714113389e-05 1.025292619817215338e-07
2.194871794871794890e+01 -2.182636022353546645e-05 1.026935076198435614e-07
2.215384615384615330e+01 -2.087208224350020058e-05 1.001939184074512206e-07
2.235897435897435770e+01 -2.475173886403147835e-05 1.145579483052984236e-07
2.256410256410256210e+01 -2.674260809317934230e-05 1.441996822544797385e-07
2.276923076923077005e+01 -3.067458479427945977e-05 1.944028873255955052e-07
2.297435897435897445e+01 -3.761492330567377468e-05 2.641442529166098221e-07
2.317948717948717885e+01 -4.235011834603269367e-05 3.301441749025651327e-07
2.338461538461538325e+01 -4.520775882314104416e-05 3.253670788242915911e-07
2.358974358974358765e+01 -4.596867924238104782e-05 3.352984272459139963e-07
2.379487179487179560e+01 -4.696955524226002396e-05 3.738279981274187925e-07
2.400000000000000000e+01 -5.098280195151380255e-05 3.573443590462099673e-07
2.420512820512820440e+01 -5.459816018911634722e-05 3.413743723914631814e-07
2.441025641025640880e+01 -6.447721904534583961e-05 3.997496181385218162e-07
2.461538461538461320e+01 -7.489902300608387029e-05 4.830824055957824322e-07
2.482051282051282115e+01 -7.757492017045320668e-05 4.752204291495933348e-07
2.502564102564102555e+01 -8.977794429008317031e-05 5.459825535312812653e-07
2.523076923076922995e+01 -9.803743252190232364e-05 6.288812373051631451e-07
2.543589743589743435e+01 -1.131135246866299041e-04 8.046835093143701374e-07
2.564102564102563875e+01 -1.349224484798986650e-04 1.052908547990485487e-06
2.584615384615384670e+01 -1.529099055322756648e-04 1.288468579882420796e-06
2.605128205128205110e+01 -1.509736065329215907e-04 1.078306376312915314e-06
2.625641025641025550e+01 -1.598470296382956048e-04 1.080878053937499884e-06
2.646153846153845990e+01 -1.784090678130988649e-04 1.200553864527458985e-06
2.666666666666666430e+01 -2.119330513119471282e-04 1.526394956007684101e-06
2.687179487179487225e+01 -2.314519971646877394e-04 1.645126825947756109e-06
2.707692307692307665e+01 -2.568107994467261606e-04 1.784446069672860476e-06
2.728205128205128105e+01 -2.549903867912829995e-04 1.481299370014506869e-06
2.748717948717948545e+01 -2.815901771774974110e-04 1.575530363902026687e-06
2.769230769230768985e+01 -3.239614694574944687e-04 1.954493696358755816e-06
2.789743589743589780e+01 -3.747826992094429937e-04 2.572307696936359655e-06
2.810256410256410220e+01 -4.371627082911869861e-04 3.340767520167909644e-06
2.830769230769230660e+01 -5.518086797025042274e-04 4.928511402061946883e-06
2.851282051282051100e+01 -7.055959188036122366e-04 7.168711560205058287e-06
2.871794871794871540e+01 -8.619170969876946984e-04 9.338154447749634582e-06
2.892307692307692335e+01 -7.974217811652087795e-04 7.907272022697343618e-06
2.912820512820512775e+01 -8.061580679127977427e-04 7.611785669133811844e-06
2.933333333333333215e+01 -9.768435080914203081e-04 9.923244541795672071e-06
2.953846153846153655e+01 -1.249614912344113905e-03 1.407162779703445901e-05
2.974358974358974095e+01 -1.420159087662015715e-03 1.721062033133560480e-05
2.994871794871794890e+01 -1.391853410828299518e-03 1.608859148119177283e-05
3.015384615384615330e+01 -1.564658465658924419e-03 1.815790344548390308e-05
3.035897435897435770e+01 -1.506517656428825762e-03 1.578845044085575941e-05
3.056410256410256210e+01 -1.535458580763118547e-03 1.485195373896013637e-05
3.076923076923076650e+01 -1.545855942302378546e-03 1.348658040289068863e-05
3.097435897435897445e+01 -1.496382821735271719e-03 1.134558568622701437e-05
3.117948717948717885e+01 -1.494434413353157038e-03 1.044915222075877524e-05
3.138461538461538325e+01 -1.720626968051537425e-03 1.281552053772648556e-05
3.158974358974358765e+01 -2.015787705020125834e-03 1.697878666556496355e-05
3.179487179487179205e+01 -2.405064802419793531e-03 2.285744497325442528e-05
3.200000000000000000e+01 -2.653081706008822427e-03 2.600107336790409546e-05
3.220512820512820440e+01 -3.071357581887426517e-03 2.919410632928620493e-05
3.241025641025640880e+01 -3.105045424493222544e-03 2.591030280555054922e-05
3.261538461538461320e+01 -3.173820197437490342e-03 1.986567470976938868e-05
3.282051282051281760e+01 -3.738007684839766715e-03 2.265360590893136024e-05
3.302564102564102200e+01 -4.074427233403468684e-03 2.550053387027241880e-05
3.323076923076922640e+01 -4.671586964929966800e-03 3.134409395171036764e-05
3.343589743589743790e+01 -4.834448362869456575e-03 2.933589318583080797e-05
3.364102564102564230e+01 -5.255301317288656703e-03 3.083774393653622404e-05
3.384615384615384670e+01 -5.371181456112683258e-03 2.535542424483295252e-05
3.405128205128205110e+01 -5.759661330445650131e-03 2.237389386046578549e-05
3.425641025641025550e+01 -6.316392330427110686e-03 2.156584164675649437e-05
3.446153846153845990e+01 -7.210114495108225358e-03 2.437085516163549343e-05
3.466666666666666430e+01 -8.245520464699786570e-03 2.673468203164421319e-05
3.487179487179486870e+01 -9.589229142337063472e-03 3.240049965257205139e-05
3.507692307692307310e+01 -1.060957575580358248e-02 3.486973498897707064e-05
3.528205128205127750e+01 -1.166315337437533531e-02 3.456635902367841584e-05
3.548717948717948900e+01 -1.287997827048521088e-02 3.535511903194118045e-05
3.569230769230769340e+01 -1.418290598598209371e-02 3.378429337352752517e-05
3.589743589743589780e+01 -1.526277732996432317e-02 3.077040900527703286e-05
3.610256410256410220e+01 -1.668266461940829185e-02 2.986809149209212035e-05
3.630769230769230660e+01 -1.857637867244325489e-02 2.949091009681335172e-05
3.651282051282051100e+01 -2.078484544215324775e-02 3.015605084117895082e-05
3.671794871794871540e+01 -2.364779907843925222e-02 3.296711031383064571e-05
3.692307692307691980e+01 -2.711697457951244700e-02 3.510531169248791769e-05
3.712820512820512420e+01 -3.114138328366976641e-02 3.581286608367261582e-05
3.733333333333332860e+01 -3.600305664193283878e-02 3.619806371500147691e-05
3.753846153846154010e+01 -4.120436758148016826e-02 3.714542026754100764e-05
3.774358974358974450e+01 -4.795938346641341610e-02 4.095003127191412784e-05
3.794871794871794890e+01 -5.673295640231799941e-02 4.342431256838999020e-05
3.815384615384615330e+01 -6.718881212249119828e-02 5.162301615197903632e-05
3.835897435897435770e+01 -8.065678357454293679e-02 4.949532063935482238e-05
3.856410256410256210e+01 -9.715087556482322750e-02 5.801822863275274389e-05
3.876923076923076650e+01 -1.186321927388324649e-01 6.271514071731731346e-05
3.897435897435897090e+01 -1.479632501034178205e-01 6.001191916730840665e-05
3.917948717948717530e+01 -1.839642004563530331e-01 6.063657371324782114e-05
3.938461538461538680e+01 -2.330911952659015796e-01 5.313088116463737841e-05
3.958974358974359120e+01 -2.968202019559962879e-01 4.767400092427230074e-05
3.979487179487179560e+01 -3.826882853385774053e-01 5.839127966587376924e-05
4.000000000000000000e+01 -4.999999999999995004e-01 8.417984741638839851e-05
