0.000000000000000000e+00 -5.000000000000002220e-01 6.761161698826412280e-05
2.051282051282051211e-01 -3.851024158464262936e-01 4.344940964895930939e-05
4.102564102564102422e-01 -2.995719312029956893e-01 3.249254172160844856e-05
6.153846153846154188e-01 -2.361288346138775140e-01 2.913792135493214992e-05
8.205128205128204844e-01 -1.878827719857543987e-01 2.912575151504306345e-05
1.025641025641025550e+00 -1.513166821342185053e-01 2.948685297501172706e-05
1.230769230769230838e+00 -1.228083824940145313e-01 3.105550231590939431e-05
1.435897435897435903e+00 -1.007825071167920417e-01 3.153947321467109974e-05
1.641025641025640969e+00 -8.382668006794882776e-02 3.218191908296033431e-05
1.846153846153846034e+00 -7.040041425221454929e-02 3.371761095870573499e-05
2.051282051282051100e+00 -5.950205202933125936e-02 3.384933659541713443e-05
2.256410256410256387e+00 -5.067365947840526963e-02 3.319176383215501178e-05
2.461538461538461675e+00 -4.366769615553261347e-02 3.445732052327193104e-05
2.666666666666666519e+00 -3.814668164383749893e-02 3.542006751815112087e-05
2.871794871794871806e+00 -3.308355369340266333e-02 3.581550143873940290e-05
3.076923076923076650e+00 -2.877522964729352026e-02 3.507432791701881866e-05
3.282051282051281937e+00 -2.531020642292846484e-02 3.417616882015947748e-05
3.487179487179487225e+00 -2.240796644226607237e-02 3.216025546464193707e-05
3.692307692307692069e+00 -2.024633816383238083e-02 3.247221380980849141e-05
3.897435897435897356e+00 -1.828704074278157329e-02 3.249661549682106732e-05
4.102564102564102200e+00 -1.682189453728097014e-02 3.347899624653357921e-05
4.307692307692307487e+00 -1.592230676646991944e-02 3.680210920494890762e-05
4.512820512820512775e+00 -1.517001393635282643e-02 4.127626759552713331e-05
4.717948717948718063e+00 -1.436769818868626272e-02 4.335934984479697417e-05
4.923076923076923350e+00 -1.325223706074524568e-02 4.281655200102245146e-05
5.128205128205127750e+00 -1.208251279051178462e-02 3.979118418338276422e-05
5.333333333333333037e+00 -1.075786912231270140e-02 3.598204459194858463e-05
5.538461538461538325e+00 -1.002222905778824003e-02 3.786940763226304699e-05
5.743589743589743613e+00 -9.220637374388636689e-03 3.899470682195573483e-05
5.948717948717948900e+00 -8.670633648187790407e-03 4.258476751092104011e-05
6.153846153846153300e+00 -7.346816950481619563e-03 3.578884596275477321e-05
6.358974358974358587e+00 -6.575678567923910756e-03 3.269834839511094891e-05
6.564102564102563875e+00 -6.008171145263352213e-03 3.271984801379575707e-05
6.769230769230769162e+00 -5.028900040451203361e-03 2.502649373896477641e-05
6.974358974358974450e+00 -4.123630796186966707e-03 1.789966184851619416e-05
7.179487179487178850e+00 -3.678628610680368879e-03 1.635680188027301553e-05
7.384615384615384137e+00 -3.014122992149566652e-03 1.332480683594785042e-05
7.589743589743589425e+00 -2.477658872963276956e-03 1.190305542707278025e-05
7.794871794871794712e+00 -2.114407938504101695e-03 8.976529072241988790e-06
8.000000000000000000e+00 -1.854863665592294819e-03 8.884788315916588018e-06
8.205128205128204399e+00 -1.692645836834728032e-03 7.764019847389631989e-06
8.410256410256410575e+00 -1.552387993463905883e-03 6.549519221114824514e-06
8.615384615384614975e+00 -1.421739258137850927e-03 5.303665399231583139e-06
8.820512820512819374e+00 -1.296440229698719946e-03 4.519974956141080245e-06
9.025641025641025550e+00 -1.202175649902425701e-03 4.267710014991745914e-06
9.230769230769229949e+00 -1.115073722232879901e-03 4.463437997217014914e-06
9.435897435897436125e+00 -1.007438128526986620e-03 4.003637775468923797e-06
9.641025641025640525e+00 -8.793889228006358631e-04 3.493183341356114984e-06
9.846153846153846700e+00 -7.934354061253628271e-04 3.231177073881612885e-06
1.005128205128205110e+01 -7.001973611551397074e-04 2.761321089283669944e-06
1.025641025641025550e+01 -6.669984282402436401e-04 3.223454911545596953e-06
1.046153846153846168e+01 -6.683141996478614332e-04 4.245360733444196582e-06
1.066666666666666607e+01 -5.908463021039136228e-04 3.516459525950643871e-06
1.087179487179487225e+01 -5.189004331683972921e-04 2.744689656804617685e-06
1.107692307692307665e+01 -4.977556392921315010e-04 2.836451007647883343e-06
1.128205128205128105e+01 -5.186976029076407341e-04 3.641243771645384930e-06
1.148717948717948723e+01 -4.492237593557018584e-04 2.930832798528096804e-06
1.169230769230769162e+01 -3.881491378875613000e-04 2.251139285228534174e-06
1.189743589743589780e+01 -3.393975675627319095e-04 1.817569355898721947e-06
1.210256410256410220e+01 -3.125398670637055806e-04 1.728513487410971447e-06
1.230769230769230660e+01 -2.814067959969096034e-04 1.436918771535459680e-06
1.251282051282051277e+01 -2.491175292885595754e-04 1.199267007583884759e-06
1.271794871794871717e+01 -2.285736921741110322e-04 1.207184856159169958e-06
1.292307692307692335e+01 -2.244685402758785260e-04 1.495478851997533294e-06
1.312820512820512775e+01 -2.047954902672127525e-04 1.439589627078045098e-06
1.333333333333333215e+01 -1.891307973198582760e-04 1.352761750901149399e-06
1.353846153846153832e+01 -1.608846824484903241e-04 1.054343925088610023e-06
1.374358974358974272e+01 -1.462451436852155878e-04 9.586826178734755915e-07
1.394871794871794890e+01 -1.412705514739549155e-04 9.913229446886561537e-07
1.415384615384615330e+01 -1.437732006816278712e-04 1.210581165626268919e-06
1.435897435897435770e+01 -1.273141735762571623e-04 9.767889664233744980e-07
1.456410256410256387e+01 -1.094833721278986813e-04 7.548588809606980831e-07
1.476923076923076827e+01 -9.610079765750267607e-05 6.024481276354965602e-07
1.497435897435897445e+01 -8.346128808130725554e-05 4.572609951184589498e-07
1.517948717948717885e+01 -7.117509258867742942e-05 3.669509561045555374e-07
1.538461538461538325e+01 -6.800213063886690202e-05 3.523781726498177590e-07
1.558974358974358942e+01 -6.027140174721423070e-05 2.959271726471082789e-07
1.579487179487179382e+01 -5.323201616897901232e-05 2.587323242511365878e-07
1.600000000000000000e+01 -5.260173757699862962e-05 2.762679928324687915e-07
1.620512820512820440e+01 -4.851889724193570905e-05 2.946362074125578809e-07
1.641025641025640880e+01 -4.404645953107461499e-05 2.521224648837389099e-07
1.661538461538461320e+01 -4.297361380820116926e-05 2.727425043093602252e-07
1.682051282051282115e+01 -4.016543933493008854e-05 2.939797190860664643e-07
1.702564102564102555e+01 -3.714186913212669022e-05 2.353718703707784320e-07
1.723076923076922995e+01 -3.138549764025591273e-05 1.707371230618206451e-07
1.743589743589743435e+01 -2.736885455966083037e-05 1.208563279754932779e-07
1.764102564102563875e+01 -2.528346642180447749e-05 8.935740271103468700e-08
1.784615384615384670e+01 -2.155667329090278221e-05 7.327610745340277868e-08
1.805128205128205110e+01 -2.225390213265161671e-05 7.735999747826462179e-08
1.825641025641025550e+01 -2.121355491857024355e-05 7.938946899923856138e-08
1.846153846153845990e+01 -1.937461190862456437e-05 7.131819699070466411e-08
1.866666666666666430e+01 -2.034029440353234667e-05 6.920909638216442973e-08
1.887179487179487225e+01 -1.812290525516707201e-05 6.810624106919485128e-08
1.907692307692307665e+01 -1.869541469650841175e-05 6.790954838332709505e-08
1.928205128205128105e+01 -1.876611407413742412e-05 6.713867831360256651e-08
1.948717948717948545e+01 -1.659413118886182736e-05 5.979896442679406109e-08
1.969230769230769340e+01 -1.802573953723733758e-05 5.815126820193218656e-08
1.989743589743589780e+01 -1.686217056459415512e-05 5.674446551799507889e-08
2.010256410256410220e+01 -1.686217056456026364e-05 5.674446551799927435e-08
2.030769230769230660e+01 -1.802573953728688901e-05 5.815126820197218239e-08
2.051282051282051100e+01 -1.659413118888504622e-05 5.979896442682080880e-08
2.071794871794871895e+01 -1.876611407407133183e-05 6.713867831363090241e-08
2.092307692307692335e+01 -1.869541469654368898e-05 6.790954838335286338e-08
2.112820512820512775e+01 -1.812290525519138864e-05 6.810624106920714650e-08
2.133333333333333215e+01 -2.034029440353056451e-05 6.920909638216616350e-08
2.153846153846153655e+01 -1.937461190861268219e-05 7.131819699070334062e-08
2.174358974358974450e+01 -2.121355491853633174e-05 7.938946899923883931e-08
2.194871794871794890e+01 -2.225390213267770532e-05 7.735999747825797787e-08
2.215384615384615330e+01 -2.155667329090844378e-05 7.327610745339948319e-08
2.235897435897435770e+01 -2.528346642177870397e-05 8.935740271102830778e-08
2.256410256410256210e+01 -2.736885455968126080e-05 1.208563279754859722e-07
2.276923076923077005e+01 -3.138549764024689353e-05 1.707371230618055043e-07
2.297435897435897445e+01 -3.714186913215125418e-05 2.353718703707561444e-07
2.317948717948717885e+01 -4.016543933487162971e-05 2.939797190860435415e-07
2.338461538461538325e+01 -4.297361380816102668e-05 2.727425043093281968e-07
2.358974358974358765e+01 -4.404645953107407967e-05 2.521224648837073050e-07
2.379487179487179560e+01 -4.851889724197057293e-05 2.946362074125184938e-07
2.400000000000000000e+01 -5.260173757694811935e-05 2.762679928324180754e-07
2.420512820512820440e+01 -5.323201616895949668e-05 2.587323242510955596e-07
2.441025641025640880e+01 -6.027140174721954329e-05 2.959271726470613216e-07
2.461538461538461320e+01 -6.800213063890596041e-05 3.523781726497578315e-07
2.482051282051282115e+01 -7.117509258863945524e-05 3.669509561044922217e-07
2.502564102564102555e+01 -8.346128808131968320e-05 4.572609951183827169e-07
2.523076923076922995e+01 -9.610079765748402779e-05 6.024481276354071982e-07
2.543589743589743435e+01 -1.094833721278577797e-04 7.548588809606236501e-07
2.564102564102563875e+01 -1.273141735762445856e-04 9.767889664233033472e-07
2.584615384615384670e+01 -1.437732006815385600e-04 1.210581165626174899e-06
2.605128205128205110e+01 -1.412705514739573550e-04 9.913229446885407455e-07
2.625641025641025550e+01 -1.462451436851947169e-04 9.586826178733485365e-07
2.646153846153845990e+01 -1.608846824485103276e-04 1.054343925088461157e-06
2.666666666666666430e+01 -1.891307973198426905e-04 1.352761750900965805e-06
2.687179487179487225e+01 -2.047954902671641261e-04 1.439589627077878868e-06
2.707692307692307665e+01 -2.244685402758036618e-04 1.495478851997382099e-06
2.728205128205128105e+01 -2.285736921741134988e-04 1.207184856159025963e-06
2.748717948717948545e+01 -2.491175292884721887e-04 1.199267007583743728e-06
2.769230769230768985e+01 -2.814067959968520323e-04 1.436918771535298956e-06
2.789743589743589780e+01 -3.125398670636681214e-04 1.728513487410775147e-06
2.810256410256410220e+01 -3.393975675626770489e-04 1.817569355898514847e-06
2.830769230769230660e+01 -3.881491378875025905e-04 2.251139285228328345e-06
2.851282051282051100e+01 -4.492237593555973955e-04 2.930832798527853706e-06
2.871794871794871540e+01 -5.186976029075953060e-04 3.641243771645073645e-06
2.892307692307692335e+01 -4.977556392920508364e-04 2.836451007647544106e-06
2.912820512820512775e+01 -5.189004331682945097e-04 2.744689656804279719e-06
2.933333333333333215e+01 -5.908463021037929511e-04 3.516459525950252119e-06
2.953846153846153655e+01 -6.683141996477769738e-04 4.245360733443718856e-06
2.974358974358974095e+01 -6.669984282401284978e-04 3.223454911545162848e-06
2.994871794871794890e+01 -7.001973611549585372e-04 2.761321089283314613e-06
3.015384615384615330e+01 -7.934354061253150138e-04 3.231177073881226214e-06
3.035897435897435770e+01 -8.793889228004555603e-04 3.493183341355651657e-06
3.056410256410256210e+01 -1.007438128526835048e-03 4.003637775468483340e-06
3.076923076923076650e+01 -1.115073722232708380e-03 4.463437997216557516e-06
3.097435897435897445e+01 -1.202175649902218835e-03 4.267710014991193649e-06
3.117948717948717885e+01 -1.296440229698527392e-03 4.519974956140556779e-06
3.138461538461538325e+01 -1.421739258137628883e-03 5.303665399231086778e-06
3.158974358974358765e+01 -1.552387993463723304e-03 6.549519221114324764e-06
3.179487179487179205e+01 -1.692645836834458066e-03 7.764019847389228802e-06
3.200000000000000000e+01 -1.854863665591996663e-03 8.884788315916230571e-06
3.220512820512820440e+01 -2.114407938503761689e-03 8.976529072241280671e-06
3.241025641025640880e+01 -2.477658872962918302e-03 1.190305542707166894e-05
3.261538461538461320e+01 -3.014122992149146849e-03 1.332480683594589716e-05
3.282051282051281760e+01 -3.678628610679865376e-03 1.635680188027029147e-05
3.302564102564102200e+01 -4.123630796186466239e-03 1.789966184851301948e-05
3.323076923076922640e+01 -5.028900040450490390e-03 2.502649373896006352e-05
3.343589743589743790e+01 -6.008171145262498729e-03 3.271984801378928574e-05
3.364102564102564230e+01 -6.575678567922988750e-03 3.269834839510405745e-05
3.384615384615384670e+01 -7.346816950480603882e-03 3.578884596274757682e-05
3.405128205128205110e+01 -8.670633648186676715e-03 4.258476751091268498e-05
3.425641025641025550e+01 -9.220637374387540344e-03 3.899470682194895179e-05
3.446153846153845990e+01 -1.002222905778712113e-02 3.786940763225686026e-05
3.466666666666666430e+01 -1.075786912231162760e-02 3.598204459194365829e-05
3.487179487179486870e+01 -1.208251279051070909e-02 3.979118418337826478e-05
3.507692307692307310e+01 -1.325223706074420485e-02 4.281655200101911753e-05
3.528205128205127750e+01 -1.436769818868527740e-02 4.335934984479407393e-05
3.548717948717948900e+01 -1.517001393635191223e-02 4.127626759552503266e-05
3.569230769230769340e+01 -1.592230676646904167e-02 3.680210920494734230e-05
3.589743589743589780e+01 -1.682189453728015482e-02 3.347899624653234593e-05
3.610256410256410220e+01 -1.828704074278077879e-02 3.249661549681983404e-05
3.630769230769230660e+01 -2.024633816383163490e-02 3.247221380980729879e-05
3.651282051282051100e+01 -2.240796644226525011e-02 3.216025546464077833e-05
3.671794871794871540e+01 -2.531020642292762177e-02 3.417616882015840006e-05
3.692307692307691980e+01 -2.877522964729269106e-02 3.507432791701793775e-05
3.712820512820512420e+01 -3.308355369340190005e-02 3.581550143873855587e-05
3.733333333333332860e+01 -3.814668164383668708e-02 3.542006751815020608e-05
3.753846153846154010e+01 -4.366769615553190570e-02 3.445732052327119243e-05
3.774358974358974450e+01 -5.067365947840452023e-02 3.319176383215437481e-05
3.794871794871794890e+01 -5.950205202933058629e-02 3.384933659541657200e-05
3.815384615384615330e+01 -7.040041425221382765e-02 3.371761095870528776e-05
3.835897435897435770e+01 -8.382668006794813387e-02 3.218191908295995484e-05
3.856410256410256210e+01 -1.007825071167915004e-01 3.153947321467081514e-05
3.876923076923076650e+01 -1.228083824940138929e-01 3.105550231590921813e-05
3.897435897435897090e+01 -1.513166821342178947e-01 2.948685297501182193e-05
3.917948717948717530e+01 -1.878827719857539547e-01 2.912575151504292453e-05
3.938461538461538680e+01 -2.361288346138771255e-01 2.913792135493185176e-05
3.958974358974359120e+01 -2.995719312029954118e-01 3.249254172160817751e-05
3.979487179487179560e+01 -3.851024158464260161e-01 4.344940964895913321e-05
4.000000000000000000e+01 -4.999999999999997224e-01 6.761161698826412280e-05
