0.000000000000000000e+00 -5.000000000000004441e-01 1.263295429036195412e-05
2.051282051282051211e-01 -3.931933357464403866e-01 1.404424277123689688e-05
4.102564102564102422e-01 -3.130525068034539227e-01 1.865478982553795775e-05
6.153846153846154188e-01 -2.523983486228551509e-01 2.241439749192145704e-05
8.205128205128204844e-01 -2.060479478481375970e-01 2.551199024059105707e-05
1.025641025641025550e+00 -1.700474381708140803e-01 2.769797105473854074e-05
1.230769230769230838e+00 -1.418391082964341465e-01 2.978658031951991544e-05
1.435897435897435903e+00 -1.196355512560464129e-01 3.100922353508158607e-05
1.641025641025640969e+00 -1.013130730750410463e-01 3.136449936645084574e-05
1.846153846153846034e+00 -8.687350929801111732e-02 3.205252648544510861e-05
2.051282051282051100e+00 -7.495112596665771953e-02 3.187548603811709083e-05
2.256410256410256387e+00 -6.502316674098920779e-02 3.134151313290065553e-05
2.461538461538461675e+00 -5.716289263104815110e-02 3.141028638570855645e-05
2.666666666666666519e+00 -5.057276940983566893e-02 3.200460210045009865e-05
2.871794871794871806e+00 -4.518291095464653517e-02 3.256363536797841739e-05
3.076923076923076650e+00 -4.006782612097442575e-02 3.179959283317220620e-05
3.282051282051281937e+00 -3.603220728166115633e-02 3.130815789019564753e-05
3.487179487179487225e+00 -3.303612515072154587e-02 3.219662994149093295e-05
3.692307692307692069e+00 -3.040479704447909479e-02 3.301964543548115404e-05
3.897435897435897356e+00 -2.790604205572879207e-02 3.321381105712488499e-05
4.102564102564102200e+00 -2.600282836870386818e-02 3.431238856682126254e-05
4.307692307692307487e+00 -2.417030814976836584e-02 3.495234936909784052e-05
4.512820512820512775e+00 -2.233701363995380107e-02 3.481021396259131759e-05
4.717948717948718063e+00 -2.076032981283268061e-02 3.511631070851590304e-05
4.923076923076923350e+00 -1.968332256074311476e-02 3.710711765862793974e-05
5.128205128205127750e+00 -1.867807093874444477e-02 3.835263775002710604e-05
5.333333333333333037e+00 -1.736238799368193531e-02 3.721410958322633625e-05
5.538461538461538325e+00 -1.670102018228221061e-02 3.737023475505770842e-05
5.743589743589743613e+00 -1.588553809144159154e-02 3.958034032672612775e-05
5.948717948717948900e+00 -1.451693917962654581e-02 3.676785454775427725e-05
6.153846153846153300e+00 -1.294457344529939546e-02 3.339982036326802264e-05
6.358974358974358587e+00 -1.171094177215946039e-02 3.176421391314212606e-05
6.564102564102563875e+00 -1.082818875808171620e-02 3.239795113802165023e-05
6.769230769230769162e+00 -9.772685435182872082e-03 2.835344565336409350e-05
6.974358974358974450e+00 -8.927244729501069773e-03 2.577133532863839295e-05
7.179487179487178850e+00 -8.238357140361573031e-03 2.410833169224836810e-05
7.384615384615384137e+00 -7.618425541843544709e-03 2.437985023782157277e-05
7.589743589743589425e+00 -6.938332231846896028e-03 2.231867044761162166e-05
7.794871794871794712e+00 -6.520523897328028146e-03 2.156830959115435607e-05
8.000000000000000000e+00 -6.184483183598959988e-03 2.072318574045808347e-05
8.205128205128204399e+00 -6.001066171611733717e-03 2.219963191062659003e-05
8.410256410256410575e+00 -5.971962360203084304e-03 2.479801378245998444e-05
8.615384615384614975e+00 -5.731872382935127019e-03 2.437200409027387877e-05
8.820512820512819374e+00 -5.772117753402157721e-03 2.720878989172832396e-05
9.025641025641025550e+00 -5.835921071990800464e-03 2.979046878302123215e-05
9.230769230769229949e+00 -5.875987376890655020e-03 3.368638985725953497e-05
9.435897435897436125e+00 -6.138288092858964866e-03 4.144350622813635775e-05
9.641025641025640525e+00 -6.569203528962975006e-03 4.929730215233719362e-05
9.846153846153846700e+00 -7.061993577059141707e-03 5.912085686984115050e-05
1.005128205128205110e+01 -7.082261378715165416e-03 6.118802338322238505e-05
1.025641025641025550e+01 -6.486437838502770101e-03 5.355779624179556313e-05
1.046153846153846168e+01 -5.414335173580197245e-03 4.151425470181163273e-05
1.066666666666666607e+01 -4.525652193209488139e-03 3.168280669682217493e-05
1.087179487179487225e+01 -3.910755698848417637e-03 2.543989772431247802e-05
1.107692307692307665e+01 -3.629984184920525235e-03 2.249573197835284957e-05
1.128205128205128105e+01 -3.527162497459216534e-03 2.331593210433338055e-05
1.148717948717948723e+01 -3.172128783523514919e-03 2.021507743955143688e-05
1.169230769230769162e+01 -2.781105460293178434e-03 1.648974918196145382e-05
1.189743589743589780e+01 -2.454498278576654202e-03 1.341122209330743994e-05
1.210256410256410220e+01 -2.298034064560304165e-03 1.278771738729328690e-05
1.230769230769230660e+01 -2.092011911082513210e-03 1.110344322900990464e-05
1.251282051282051277e+01 -1.838075376756412738e-03 8.637169725684812848e-06
1.271794871794871717e+01 -1.752012102327374496e-03 8.134965925279938453e-06
1.292307692307692335e+01 -1.678745277816307870e-03 8.550225311510291522e-06
1.312820512820512775e+01 -1.552132656247192126e-03 7.923360851992484381e-06
1.333333333333333215e+01 -1.448724774490070576e-03 7.434758970727737231e-06
1.353846153846153832e+01 -1.310832868758784586e-03 5.974232113928429673e-06
1.374358974358974272e+01 -1.189537135304609807e-03 5.064437141185819657e-06
1.394871794871794890e+01 -1.158225750975525829e-03 5.431296297882845927e-06
1.415384615384615330e+01 -1.188302258380724606e-03 7.033588299305989696e-06
1.435897435897435770e+01 -1.098623391786712842e-03 6.124821716338790097e-06
1.456410256410256387e+01 -9.543458720291909340e-04 4.614499473805196007e-06
1.476923076923076827e+01 -8.444766475249726977e-04 3.533627022670049133e-06
1.497435897435897445e+01 -7.729922195019735785e-04 2.918703026530576219e-06
1.517948717948717885e+01 -7.170574709990635382e-04 2.545450433876918495e-06
1.538461538461538325e+01 -6.752808116979258863e-04 2.329157128440036571e-06
1.558974358974358942e+01 -6.414945069203041757e-04 2.204968343525534923e-06
1.579487179487179382e+01 -6.220966346850859965e-04 2.195248713649112857e-06
1.600000000000000000e+01 -6.100786406514396767e-04 2.310123416729609980e-06
1.620512820512820440e+01 -5.952897338956319138e-04 2.390422822190586655e-06
1.641025641025640880e+01 -5.603698710674161285e-04 2.091019527729211694e-06
1.661538461538461320e+01 -5.553226278973675840e-04 2.122597372051908307e-06
1.682051282051282115e+01 -5.580961101675684316e-04 2.337739989834530510e-06
1.702564102564102555e+01 -5.332383160472835108e-04 2.099825951902718170e-06
1.723076923076922995e+01 -4.939827476015061069e-04 1.749196320224749086e-06
1.743589743589743435e+01 -4.701131586825048293e-04 1.576326102111664859e-06
1.764102564102563875e+01 -4.406043531762841555e-04 1.350726370450923694e-06
1.784615384615384670e+01 -4.216728897050599483e-04 1.270357125889653053e-06
1.805128205128205110e+01 -4.170493197989241698e-04 1.331621279936944319e-06
1.825641025641025550e+01 -4.129098348666542569e-04 1.441381101506443359e-06
1.846153846153845990e+01 -4.040633856161399010e-04 1.519504598723549067e-06
1.866666666666666430e+01 -3.911295325318909144e-04 1.358185808324390062e-06
1.887179487179487225e+01 -3.732921373582749852e-04 1.185699037713353503e-06
1.907692307692307665e+01 -3.636664786802045347e-04 1.074002921885186398e-06
1.928205128205128105e+01 -3.539559202967978969e-04 9.602707601082674993e-07
1.948717948717948545e+01 -3.446589565339069515e-04 8.970788302147794189e-07
1.969230769230769340e+01 -3.427616464326019123e-04 8.845323321336651167e-07
1.989743589743589780e+01 -3.433946451301248437e-04 9.117284088877596885e-07
2.010256410256410220e+01 -3.433946451300818551e-04 9.117284088877540769e-07
2.030769230769230660e+01 -3.427616464326282584e-04 8.845323321336784575e-07
2.051282051282051100e+01 -3.446589565338221669e-04 8.970788302148136179e-07
2.071794871794871895e+01 -3.539559202967129496e-04 9.602707601083018041e-07
2.092307692307692335e+01 -3.636664786802224782e-04 1.074002921885188516e-06
2.112820512820512775e+01 -3.732921373583015482e-04 1.185699037713356891e-06
2.133333333333333215e+01 -3.911295325319224647e-04 1.358185808324400015e-06
2.153846153846153655e+01 -4.040633856161028213e-04 1.519504598723569819e-06
2.174358974358974450e+01 -4.129098348666640148e-04 1.441381101506495239e-06
2.194871794871794890e+01 -4.170493197988812896e-04 1.331621279936994718e-06
2.215384615384615330e+01 -4.216728897051235910e-04 1.270357125889654747e-06
2.235897435897435770e+01 -4.406043531763080079e-04 1.350726370450886001e-06
2.256410256410256210e+01 -4.701131586825381143e-04 1.576326102111589896e-06
2.276923076923077005e+01 -4.939827476014767250e-04 1.749196320224663113e-06
2.297435897435897445e+01 -5.332383160472095682e-04 2.099825951902606785e-06
2.317948717948717885e+01 -5.580961101675993314e-04 2.337739989834487311e-06
2.338461538461538325e+01 -5.553226278972767278e-04 2.122597372051912966e-06
2.358974358974358765e+01 -5.603698710675510033e-04 2.091019527729208306e-06
2.379487179487179560e+01 -5.952897338955541766e-04 2.390422822190528633e-06
2.400000000000000000e+01 -6.100786406514701428e-04 2.310123416729548147e-06
2.420512820512820440e+01 -6.220966346850650714e-04 2.195248713649170455e-06
2.441025641025640880e+01 -6.414945069203570847e-04 2.204968343525764469e-06
2.461538461538461320e+01 -6.752808116979263199e-04 2.329157128440232236e-06
2.482051282051282115e+01 -7.170574709991114600e-04 2.545450433877067996e-06
2.502564102564102555e+01 -7.729922195019961299e-04 2.918703026530659651e-06
2.523076923076922995e+01 -8.444766475249990438e-04 3.533627022670063533e-06
2.543589743589743435e+01 -9.543458720291642626e-04 4.614499473805163819e-06
2.564102564102563875e+01 -1.098623391786676846e-03 6.124821716338674053e-06
2.584615384615384670e+01 -1.188302258380717884e-03 7.033588299305795725e-06
2.605128205128205110e+01 -1.158225750975598036e-03 5.431296297882601982e-06
2.625641025641025550e+01 -1.189537135304649922e-03 5.064437141185599428e-06
2.646153846153845990e+01 -1.310832868758768106e-03 5.974232113928132365e-06
2.666666666666666430e+01 -1.448724774490006391e-03 7.434758970727243411e-06
2.687179487179487225e+01 -1.552132656247143336e-03 7.923360851992045618e-06
2.707692307692307665e+01 -1.678745277816326084e-03 8.550225311509930686e-06
2.728205128205128105e+01 -1.752012102327416996e-03 8.134965925279633522e-06
2.748717948717948545e+01 -1.838075376756406667e-03 8.637169725684514692e-06
2.769230769230768985e+01 -2.092011911082515812e-03 1.110344322900955736e-05
2.789743589743589780e+01 -2.298034064560313706e-03 1.278771738729288372e-05
2.810256410256410220e+01 -2.454498278576694101e-03 1.341122209330707910e-05
2.830769230769230660e+01 -2.781105460293242185e-03 1.648974918196131152e-05
2.851282051282051100e+01 -3.172128783523520557e-03 2.021507743955115906e-05
2.871794871794871540e+01 -3.527162497459299800e-03 2.331593210433295025e-05
2.892307692307692335e+01 -3.629984184920636257e-03 2.249573197835251414e-05
2.912820512820512775e+01 -3.910755698848463607e-03 2.543989772431228490e-05
2.933333333333333215e+01 -4.525652193209516762e-03 3.168280669682167349e-05
2.953846153846153655e+01 -5.414335173580409749e-03 4.151425470181128714e-05
2.974358974358974095e+01 -6.486437838502946175e-03 5.355779624179588162e-05
2.994871794871794890e+01 -7.082261378715529708e-03 6.118802338322292715e-05
3.015384615384615330e+01 -7.061993577059332526e-03 5.912085686984064228e-05
3.035897435897435770e+01 -6.569203528963066079e-03 4.929730215233744435e-05
3.056410256410256210e+01 -6.138288092859022112e-03 4.144350622813735386e-05
3.076923076923076650e+01 -5.875987376890657622e-03 3.368638985726029391e-05
3.097435897435897445e+01 -5.835921071990830822e-03 2.979046878302178103e-05
3.117948717948717885e+01 -5.772117753402200221e-03 2.720878989172809356e-05
3.138461538461538325e+01 -5.731872382935120080e-03 2.437200409027361788e-05
3.158974358974358765e+01 -5.971962360203080834e-03 2.479801378245972016e-05
3.179487179487179205e+01 -6.001066171611706829e-03 2.219963191062654598e-05
3.200000000000000000e+01 -6.184483183598968661e-03 2.072318574045812413e-05
3.220512820512820440e+01 -6.520523897327974369e-03 2.156830959115455258e-05
3.241025641025640880e+01 -6.938332231846937662e-03 2.231867044761149630e-05
3.261538461538461320e+01 -7.618425541843492667e-03 2.437985023782131527e-05
3.282051282051281760e+01 -8.238357140361527928e-03 2.410833169224797846e-05
3.302564102564102200e+01 -8.927244729501156509e-03 2.577133532863761029e-05
3.323076923076922640e+01 -9.772685435182840857e-03 2.835344565336341588e-05
3.343589743589743790e+01 -1.082818875808165895e-02 3.239795113802093195e-05
3.364102564102564230e+01 -1.171094177215941355e-02 3.176421391314168560e-05
3.384615384615384670e+01 -1.294457344529933995e-02 3.339982036326790744e-05
3.405128205128205110e+01 -1.451693917962646602e-02 3.676785454775435179e-05
3.425641025641025550e+01 -1.588553809144156378e-02 3.958034032672622262e-05
3.446153846153845990e+01 -1.670102018228210999e-02 3.737023475505748480e-05
3.466666666666666430e+01 -1.736238799368179306e-02 3.721410958322558408e-05
3.487179487179486870e+01 -1.867807093874434068e-02 3.835263775002657071e-05
3.507692307692307310e+01 -1.968332256074302802e-02 3.710711765862757382e-05
3.528205128205127750e+01 -2.076032981283269102e-02 3.511631070851561843e-05
3.548717948717948900e+01 -2.233701363995379413e-02 3.481021396259116173e-05
3.569230769230769340e+01 -2.417030814976826869e-02 3.495234936909777276e-05
3.589743589743589780e+01 -2.600282836870386471e-02 3.431238856682118123e-05
3.610256410256410220e+01 -2.790604205572871227e-02 3.321381105712479690e-05
3.630769230769230660e+01 -3.040479704447910519e-02 3.301964543548103885e-05
3.651282051282051100e+01 -3.303612515072142791e-02 3.219662994149084486e-05
3.671794871794871540e+01 -3.603220728166096898e-02 3.130815789019555267e-05
3.692307692307691980e+01 -4.006782612097433555e-02 3.179959283317207745e-05
3.712820512820512420e+01 -4.518291095464656987e-02 3.256363536797825476e-05
3.733333333333332860e+01 -5.057276940983565505e-02 3.200460210044992246e-05
3.753846153846154010e+01 -5.716289263104813029e-02 3.141028638570845480e-05
3.774358974358974450e+01 -6.502316674098923555e-02 3.134151313290057422e-05
3.794871794871794890e+01 -7.495112596665760851e-02 3.187548603811705695e-05
3.815384615384615330e+01 -8.687350929801108956e-02 3.205252648544514249e-05
3.835897435897435770e+01 -1.013130730750409630e-01 3.136449936645081186e-05
3.856410256410256210e+01 -1.196355512560464546e-01 3.100922353508156574e-05
3.876923076923076650e+01 -1.418391082964341465e-01 2.978658031951990527e-05
3.897435897435897090e+01 -1.700474381708140525e-01 2.769797105473847975e-05
3.917948717948717530e+01 -2.060479478481376803e-01 2.551199024059104352e-05
3.938461538461538680e+01 -2.523983486228552620e-01 2.241439749192147737e-05
3.958974358974359120e+01 -3.130525068034539227e-01 1.865478982553787305e-05
3.979487179487179560e+01 -3.931933357464403311e-01 1.404424277123825891e-05
4.000000000000000000e+01 -4.999999999999996114e-01 1.263295429036195412e-05
