0.000000000000000000e+00 -5.000000000000011102e-01 6.624781393534050450e-05
2.051282051282051211e-01 -3.338189462290633847e-01 4.556241364905634129e-05
4.102564102564102422e-01 -2.258032229728998697e-01 2.951590145367192651e-05
6.153846153846154188e-01 -1.544491159394163760e-01 2.610079860636493426e-05
8.205128205128204844e-01 -1.074377125311717085e-01 2.726174526809626160e-05
1.025641025641025550e+00 -7.638054435198288195e-02 2.861585055882522472e-05
1.230769230769230838e+00 -5.519160843465828470e-02 3.006604750514372588e-05
1.435897435897435903e+00 -4.100627886739240807e-02 3.394569469936960498e-05
1.641025641025640969e+00 -3.080725874265570832e-02 3.502177902433614416e-05
1.846153846153846034e+00 -2.414564264804001936e-02 3.855805365665641475e-05
2.051282051282051100e+00 -1.776751482028342960e-02 3.305650328926080204e-05
2.256410256410256387e+00 -1.236707484125085243e-02 2.549039496703163667e-05
2.461538461538461675e+00 -8.781918435561492792e-03 2.391968085141431258e-05
2.666666666666666519e+00 -6.614373708013080236e-03 3.014345942402215042e-05
2.871794871794871806e+00 -5.690007125232772467e-03 4.342129795435171227e-05
3.076923076923076650e+00 -4.732502041607616200e-03 4.675652700075275396e-05
3.282051282051281937e+00 -5.406384858067076783e-03 7.480770079063041788e-05
3.487179487179487225e+00 -5.707116445770407491e-03 9.111735303575246197e-05
3.692307692307692069e+00 -4.686344370392612688e-03 7.648180391010925977e-05
3.897435897435897356e+00 -5.137411885788701650e-03 9.178376876155507763e-05
4.102564102564102200e+00 -4.265725619870792441e-03 7.645946877944621769e-05
4.307692307692307487e+00 -2.939020954322358638e-03 5.204060305575548904e-05
4.512820512820512775e+00 -3.198239519487888760e-03 5.952612676006370756e-05
4.717948717948718063e+00 -2.095017249000953770e-03 3.827169913453758925e-05
4.923076923076923350e+00 -1.960821862069400418e-03 3.668258448813743337e-05
5.128205128205127750e+00 -1.255656256720353052e-03 2.283934466022664465e-05
5.333333333333333037e+00 -7.367092870107140199e-04 1.263906149199972843e-05
5.538461538461538325e+00 -4.444328643918023063e-04 7.094508493202056961e-06
5.743589743589743613e+00 -2.642771144405171120e-04 3.832639258536123841e-06
5.948717948717948900e+00 -1.706889825367223956e-04 2.140823187301425828e-06
6.153846153846153300e+00 -1.220827829161052927e-04 1.467992576403458024e-06
6.358974358974358587e+00 -1.042660774391464116e-04 1.124405141447926796e-06
6.564102564102563875e+00 -8.296639134381148754e-05 9.074924652518880937e-07
6.769230769230769162e+00 -6.310427496848879873e-05 7.297530649242098021e-07
6.974358974358974450e+00 -4.545602343880704064e-05 4.940673824756350550e-07
7.179487179487178850e+00 -2.945089083991858083e-05 3.475305116524436876e-07
7.384615384615384137e+00 -2.312659841565178049e-05 2.327491037285303297e-07
7.589743589743589425e+00 -1.591208119506732149e-05 1.544817520301766276e-07
7.794871794871794712e+00 -1.108462639664156665e-05 1.227146684731472681e-07
8.000000000000000000e+00 -1.035656658593418278e-05 8.717541407419662297e-08
8.205128205128204399e+00 -5.588184318207309827e-06 7.699529511376260656e-08
8.410256410256410575e+00 -4.933908057338381404e-06 6.597345948071396351e-08
8.615384615384614975e+00 -4.413572606874832911e-06 5.196973559941156017e-08
8.820512820512819374e+00 -1.150840266069982086e-06 4.181528810575737731e-08
9.025641025641025550e+00 -3.062321221155943104e-06 2.794035711546823483e-08
9.230769230769229949e+00 -1.044715185061992704e-06 1.938000068963674120e-08
9.435897435897436125e+00 -7.818617462707515623e-07 1.310591387452352275e-08
9.641025641025640525e+00 -2.270975461847701861e-06 1.219047643410715139e-08
9.846153846153846700e+00 3.851444376251244711e-07 8.609608986174266772e-09
1.005128205128205110e+01 -1.427826855625897018e-06 7.907226943907700286e-09
1.025641025641025550e+01 -6.910256267083997297e-07 6.992591357844044312e-09
1.046153846153846168e+01 4.613253504269680095e-07 5.614264256306850696e-09
1.066666666666666607e+01 -1.524173474352143649e-06 4.239572889687583729e-09
1.087179487179487225e+01 6.028690819687176469e-07 3.940047527930063044e-09
1.107692307692307665e+01 -3.854314642335475186e-07 3.150563008715440925e-09
1.128205128205128105e+01 -8.526963819132963414e-07 3.122803946467739877e-09
1.148717948717948723e+01 9.285435256944061901e-07 3.175379220439940650e-09
1.169230769230769162e+01 -1.174284019891586534e-06 3.709206477205419817e-09
1.189743589743589780e+01 2.721314236819021430e-07 2.913424367606865037e-09
1.210256410256410220e+01 2.470868409477415610e-07 2.835120096810480954e-09
1.230769230769230660e+01 -1.042812206598820967e-06 2.033828747141403815e-09
1.251282051282051277e+01 1.009380451105051512e-06 1.117253330724674520e-09
1.271794871794871717e+01 -6.432763796286805797e-07 9.095469662004572911e-10
1.292307692307692335e+01 -1.408921375979422189e-07 6.528528615856134135e-10
1.312820512820512775e+01 7.638198635226264745e-07 5.878325820492550174e-10
1.333333333333333215e+01 -1.044668383686605232e-06 6.411740817919677322e-10
1.353846153846153832e+01 7.657885959639834901e-07 4.610902333964822786e-10
1.374358974358974272e+01 -1.336591479106819376e-07 4.296333312232019550e-10
1.394871794871794890e+01 -5.528309230431564023e-07 4.438125558866809015e-10
1.415384615384615330e+01 9.947332701516106036e-07 4.754690346931943221e-10
1.435897435897435770e+01 -8.471012954434292067e-07 4.153298881501015788e-10
1.456410256410256387e+01 3.841845568604579955e-07 5.248212534813666645e-10
1.476923076923076827e+01 3.542302089840634258e-07 3.708692666692617628e-10
1.497435897435897445e+01 -8.442299191437297457e-07 4.011770128365141680e-10
1.517948717948717885e+01 9.435793495653091574e-07 6.648202619694838539e-10
1.538461538461538325e+01 -5.514321671534854747e-07 1.314206735190938708e-09
1.558974358974358942e+01 -8.535449365868198899e-08 1.392746907164120727e-09
1.579487179487179382e+01 7.455778874380706649e-07 1.227365018058507651e-09
1.600000000000000000e+01 -9.047415536552209160e-07 1.348157470780121196e-09
1.620512820512820440e+01 7.354171389341275197e-07 1.032136507073043198e-09
1.641025641025640880e+01 -1.241480538963159592e-07 8.500868877331565186e-10
1.661538461538461320e+01 -5.381619354049383685e-07 5.388256848780927054e-10
1.682051282051282115e+01 8.937384904152609559e-07 4.348611470397372472e-10
1.702564102564102555e+01 -8.318094219261691172e-07 4.994860455934114714e-10
1.723076923076922995e+01 3.223606019146909669e-07 4.225535190291956754e-10
1.743589743589743435e+01 3.201799944253658944e-07 5.162768047995821351e-10
1.764102564102563875e+01 -8.131533712832881026e-07 4.330485996150067100e-10
1.784615384615384670e+01 8.849785466206043055e-07 5.338983965597901538e-10
1.805128205128205110e+01 -5.039554089467673574e-07 5.083481550909672837e-10
1.825641025641025550e+01 -9.563218456832360971e-08 3.782176255373431750e-10
1.846153846153845990e+01 6.917230483194254897e-07 5.389985887386211430e-10
1.866666666666666430e+01 -8.852570500438727795e-07 3.166630196029827551e-10
1.887179487179487225e+01 7.135011050722236553e-07 7.613466419855552293e-10
1.907692307692307665e+01 -5.579357617387118797e-08 8.671980493790556380e-10
1.928205128205128105e+01 -4.554492882088736429e-07 7.096586547498031074e-10
1.948717948717948545e+01 9.241743105572212204e-07 8.082937192191827929e-10
1.969230769230769340e+01 -7.459751635724872717e-07 5.453129373157599502e-10
1.989743589743589780e+01 3.813765926213997450e-07 7.717140491964710292e-10
2.010256410256410220e+01 3.813765926125120400e-07 7.717140491656285660e-10
2.030769230769230660e+01 -7.459751635540859045e-07 5.453129373334241854e-10
2.051282051282051100e+01 9.241743105976346446e-07 8.082937192384141218e-10
2.071794871794871895e+01 -4.554492882503368057e-07 7.096586547671107243e-10
2.092307692307692335e+01 -5.579357616059679864e-08 8.671980494255106182e-10
2.112820512820512775e+01 7.135011050628097311e-07 7.613466419736349363e-10
2.133333333333333215e+01 -8.852570500640552453e-07 3.166630196155070451e-10
2.153846153846153655e+01 6.917230483505687735e-07 5.389985887563924981e-10
2.174358974358974450e+01 -9.563218460817375702e-08 3.782176254912862238e-10
2.194871794871794890e+01 -5.039554089530971287e-07 5.083481549906745296e-10
2.215384615384615330e+01 8.849785466083730438e-07 5.338983965319868556e-10
2.235897435897435770e+01 -8.131533712940488092e-07 4.330485996298313376e-10
2.256410256410256210e+01 3.201799943869046694e-07 5.162768048783816350e-10
2.276923076923077005e+01 3.223606019456008932e-07 4.225535191186057829e-10
2.297435897435897445e+01 -8.318094219364078397e-07 4.994860456813898843e-10
2.317948717948717885e+01 8.937384904035318789e-07 4.348611471095835509e-10
2.338461538461538325e+01 -5.381619354278892556e-07 5.388256849159442834e-10
2.358974358974358765e+01 -1.241480538680706662e-07 8.500868877423428763e-10
2.379487179487179560e+01 7.354171389068717994e-07 1.032136507035667869e-09
2.400000000000000000e+01 -9.047415536822467728e-07 1.348157470805810531e-09
2.420512820512820440e+01 7.455778874018626534e-07 1.227365018058480561e-09
2.441025641025640880e+01 -8.535449362699972745e-08 1.392746907253734993e-09
2.461538461538461320e+01 -5.514321671920125565e-07 1.314206735449604910e-09
2.482051282051282115e+01 9.435793495272643549e-07 6.648202621181788748e-10
2.502564102564102555e+01 -8.442299191526104626e-07 4.011770129147115838e-10
2.523076923076922995e+01 3.542302089595044996e-07 3.708692667671279826e-10
2.543589743589743435e+01 3.841845569214346268e-07 5.248212535300386955e-10
2.564102564102563875e+01 -8.471012954440867160e-07 4.153298881955263573e-10
2.584615384615384670e+01 9.947332701540864809e-07 4.754690347127956075e-10
2.605128205128205110e+01 -5.528309230670370140e-07 4.438125558604165212e-10
2.625641025641025550e+01 -1.336591479198266641e-07 4.296333311940338088e-10
2.646153846153845990e+01 7.657885959718708491e-07 4.610902334378995221e-10
2.666666666666666430e+01 -1.044668383723727933e-06 6.411740818135872349e-10
2.687179487179487225e+01 7.638198635210859333e-07 5.878325820309483731e-10
2.707692307692307665e+01 -1.408921375830387536e-07 6.528528615917029103e-10
2.728205128205128105e+01 -6.432763796279678015e-07 9.095469662293023198e-10
2.748717948717948545e+01 1.009380451127652045e-06 1.117253330692475274e-09
2.769230769230768985e+01 -1.042812206628700054e-06 2.033828747155486151e-09
2.789743589743589780e+01 2.470868409525017274e-07 2.835120096791964929e-09
2.810256410256410220e+01 2.721314236606946614e-07 2.913424367640628068e-09
2.830769230769230660e+01 -1.174284019876394363e-06 3.709206477198269668e-09
2.851282051282051100e+01 9.285435257000924282e-07 3.175379220463000377e-09
2.871794871794871540e+01 -8.526963819205268264e-07 3.122803946477231774e-09
2.892307692307692335e+01 -3.854314642146504783e-07 3.150563008712224847e-09
2.912820512820512775e+01 6.028690819702696230e-07 3.940047527961136910e-09
2.933333333333333215e+01 -1.524173474327373865e-06 4.239572889704851951e-09
2.953846153846153655e+01 4.613253504196029522e-07 5.614264256305801004e-09
2.974358974358974095e+01 -6.910256267015906436e-07 6.992591357881469272e-09
2.994871794871794890e+01 -1.427826855591199584e-06 7.907226943865821786e-09
3.015384615384615330e+01 3.851444376636918399e-07 8.609608986119184815e-09
3.035897435897435770e+01 -2.270975461846839582e-06 1.219047643404426085e-08
3.056410256410256210e+01 -7.818617462889699704e-07 1.310591387447393161e-08
3.076923076923076650e+01 -1.044715185071832686e-06 1.938000068956616615e-08
3.097435897435897445e+01 -3.062321221145994702e-06 2.794035711537892911e-08
3.117948717948717885e+01 -1.150840266007901559e-06 4.181528810565190186e-08
3.138461538461538325e+01 -4.413572606886244986e-06 5.196973559928748308e-08
3.158974358974358765e+01 -4.933908057311996327e-06 6.597345948062663971e-08
3.179487179487179205e+01 -5.588184318240522836e-06 7.699529511368585743e-08
3.200000000000000000e+01 -1.035656658590746228e-05 8.717541407408386171e-08
3.220512820512820440e+01 -1.108462639661772775e-05 1.227146684730592561e-07
3.241025641025640880e+01 -1.591208119508292384e-05 1.544817520300596576e-07
3.261538461538461320e+01 -2.312659841560761619e-05 2.327491037283451471e-07
3.282051282051281760e+01 -2.945089083989349849e-05 3.475305116521621021e-07
3.302564102564102200e+01 -4.545602343876844304e-05 4.940673824751488581e-07
3.323076923076922640e+01 -6.310427496841900321e-05 7.297530649234277790e-07
3.343589743589743790e+01 -8.296639134369802578e-05 9.074924652509568869e-07
3.364102564102564230e+01 -1.042660774390674681e-04 1.124405141446849158e-06
3.384615384615384670e+01 -1.220827829159879820e-04 1.467992576401865390e-06
3.405128205128205110e+01 -1.706889825365460773e-04 2.140823187299054136e-06
3.425641025641025550e+01 -2.642771144401970013e-04 3.832639258531707411e-06
3.446153846153845990e+01 -4.444328643913364246e-04 7.094508493193812789e-06
3.466666666666666430e+01 -7.367092870098995673e-04 1.263906149198523569e-05
3.487179487179486870e+01 -1.255656256718900871e-03 2.283934466020047472e-05
3.507692307692307310e+01 -1.960821862067217269e-03 3.668258448809539343e-05
3.528205128205127750e+01 -2.095017248998669139e-03 3.827169913449384169e-05
3.548717948717948900e+01 -3.198239519484373343e-03 5.952612675999595848e-05
3.569230769230769340e+01 -2.939020954319287310e-03 5.204060305569701666e-05
3.589743589743589780e+01 -4.265725619866342876e-03 7.645946877935902073e-05
3.610256410256410220e+01 -5.137411885783366508e-03 9.178376876145121106e-05
3.630769230769230660e+01 -4.686344370388235113e-03 7.648180391002279465e-05
3.651282051282051100e+01 -5.707116445765135666e-03 9.111735303564961184e-05
3.671794871794871540e+01 -5.406384858062761659e-03 7.480770079054641932e-05
3.692307692307691980e+01 -4.732502041605031462e-03 4.675652700070387000e-05
3.712820512820512420e+01 -5.690007125230561562e-03 4.342129795430954358e-05
3.733333333333332860e+01 -6.614373708011729754e-03 3.014345942399887735e-05
3.753846153846154010e+01 -8.781918435560852679e-03 2.391968085140610653e-05
3.774358974358974450e+01 -1.236707484125060957e-02 2.549039496703107085e-05
3.794871794871794890e+01 -1.776751482028342266e-02 3.305650328926259775e-05
3.815384615384615330e+01 -2.414564264804009222e-02 3.855805365665863736e-05
3.835897435897435770e+01 -3.080725874265567710e-02 3.502177902433687600e-05
3.856410256410256210e+01 -4.100627886739236644e-02 3.394569469936977438e-05
3.876923076923076650e+01 -5.519160843465818062e-02 3.006604750514370216e-05
3.897435897435897090e+01 -7.638054435198284031e-02 2.861585055882521456e-05
3.917948717948717530e+01 -1.074377125311715697e-01 2.726174526809626160e-05
3.938461538461538680e+01 -1.544491159394164037e-01 2.610079860636486650e-05
3.958974358974359120e+01 -2.258032229728998419e-01 2.951590145367196717e-05
3.979487179487179560e+01 -3.338189462290635512e-01 4.556241364905617866e-05
4.000000000000000000e+01 -4.999999999999988343e-01 6.624781393534050450e-05
