0.000000000000000000e+00 -4.999999999999991673e-01 4.647005063590993641e-04
2.051282051282051211e-01 -3.866745922626831367e-01 3.579090770515114435e-04
4.102564102564102422e-01 -3.029264477279463574e-01 3.367739003162972182e-04
6.153846153846154188e-01 -2.402309214481282151e-01 3.027679545189660478e-04
8.205128205128204844e-01 -1.917302753693058692e-01 2.640554491760239769e-04
1.025641025641025550e+00 -1.555971449535345219e-01 2.662912404687394190e-04
1.230769230769230838e+00 -1.266836862044031509e-01 2.271129974870722871e-04
1.435897435897435903e+00 -1.052833818807753508e-01 2.082597913168799959e-04
1.641025641025640969e+00 -8.823186077380693049e-02 1.671415803976291725e-04
1.846153846153846034e+00 -7.441091939073614381e-02 1.474752221928644696e-04
2.051282051282051100e+00 -6.337393410102659663e-02 1.314280158975277089e-04
2.256410256410256387e+00 -5.423472699383800194e-02 1.198441153444197249e-04
2.461538461538461675e+00 -4.760164639365088018e-02 1.084007232500503771e-04
2.666666666666666519e+00 -4.216272429732659949e-02 1.053364612492851406e-04
2.871794871794871806e+00 -3.749039614773793522e-02 1.016922909978156756e-04
3.076923076923076650e+00 -3.332075834959245114e-02 9.548036841699182012e-05
3.282051282051281937e+00 -2.953201892974255047e-02 8.073217338025578927e-05
3.487179487179487225e+00 -2.668645942096604592e-02 7.632496927810597563e-05
3.692307692307692069e+00 -2.420114816304965930e-02 8.377131917103973068e-05
3.897435897435897356e+00 -2.153210194666527882e-02 9.078489130911542536e-05
4.102564102564102200e+00 -1.960646047841243036e-02 8.621564228254881539e-05
4.307692307692307487e+00 -1.790018808353239024e-02 8.636651831169010968e-05
4.512820512820512775e+00 -1.664833764750220033e-02 7.520413887031793493e-05
4.717948717948718063e+00 -1.559369826849878356e-02 7.068160621768799676e-05
4.923076923076923350e+00 -1.471426168064222245e-02 7.124033529934661250e-05
5.128205128205127750e+00 -1.388640009281417835e-02 6.013638590760394945e-05
5.333333333333333037e+00 -1.264190073601386549e-02 5.791806777854564435e-05
5.538461538461538325e+00 -1.171281630129815052e-02 5.231088259834037915e-05
5.743589743589743613e+00 -1.055078897298833418e-02 4.629637376277211434e-05
5.948717948717948900e+00 -9.541236052702840170e-03 4.482673315293598555e-05
6.153846153846153300e+00 -8.574720876675431119e-03 4.673978401200076842e-05
6.358974358974358587e+00 -7.736560292697865909e-03 4.840224227598959603e-05
6.564102564102563875e+00 -7.989485572872004338e-03 5.540246832291307894e-05
6.769230769230769162e+00 -8.390405972967918125e-03 6.957415152257663939e-05
6.974358974358974450e+00 -7.505561015313697362e-03 6.446003996727004272e-05
7.179487179487178850e+00 -7.235119617075640511e-03 6.682110381748361115e-05
7.384615384615384137e+00 -5.924237860055317495e-03 5.120884214072115963e-05
7.589743589743589425e+00 -4.805781262233825221e-03 3.896095528139553141e-05
7.794871794871794712e+00 -4.190993459574562929e-03 3.344562517783683612e-05
8.000000000000000000e+00 -3.927665393833070645e-03 3.489065017656840659e-05
8.205128205128204399e+00 -4.015823724769829184e-03 4.086254440035167856e-05
8.410256410256410575e+00 -3.580492391686846375e-03 3.478600406690925985e-05
8.615384615384614975e+00 -3.059886741282403892e-03 2.693609311205614549e-05
8.820512820512819374e+00 -2.739180068566477930e-03 2.345970081257245707e-05
9.025641025641025550e+00 -2.730774394898648118e-03 2.532450746705248009e-05
9.230769230769229949e+00 -2.629041275145718205e-03 2.547281656666353897e-05
9.435897435897436125e+00 -2.493150473111171734e-03 2.512709723214155325e-05
9.641025641025640525e+00 -2.420770566051957950e-03 2.619956381673943169e-05
9.846153846153846700e+00 -2.469292761678256592e-03 2.912846869704941604e-05
1.005128205128205110e+01 -2.129035907906085424e-03 2.437456345745041682e-05
1.025641025641025550e+01 -2.023072159059092177e-03 2.410392274507413949e-05
1.046153846153846168e+01 -1.762198443768347132e-03 2.036728347460221394e-05
1.066666666666666607e+01 -1.552278641132480907e-03 1.740238145104298033e-05
1.087179487179487225e+01 -1.488073246402645163e-03 1.708863222718720473e-05
1.107692307692307665e+01 -1.541748261894573639e-03 1.908124218304641293e-05
1.128205128205128105e+01 -1.447277497656955861e-03 1.802694548249744949e-05
1.148717948717948723e+01 -1.156404229306485674e-03 1.308634379981287097e-05
1.169230769230769162e+01 -9.636665290419947410e-04 9.961946500737781771e-06
1.189743589743589780e+01 -8.249433011785766183e-04 7.937125219018285638e-06
1.210256410256410220e+01 -7.930590647717561392e-04 7.914213174633902628e-06
1.230769230769230660e+01 -7.351950582750448483e-04 7.206355735722168635e-06
1.251282051282051277e+01 -6.242144101456691607e-04 5.501897424605413172e-06
1.271794871794871717e+01 -5.913131841481027943e-04 5.384961763366398080e-06
1.292307692307692335e+01 -5.831143996357385922e-04 5.675349108489006045e-06
1.312820512820512775e+01 -5.595812445508532764e-04 5.666888658404538753e-06
1.333333333333333215e+01 -5.281959819037047952e-04 5.531850259536003733e-06
1.353846153846153832e+01 -4.873801120858578875e-04 5.223697388364797514e-06
1.374358974358974272e+01 -4.851914548574873384e-04 5.587489341706674141e-06
1.394871794871794890e+01 -4.478148836243311406e-04 5.133398061002000172e-06
1.415384615384615330e+01 -4.288503090432017710e-04 5.044141564546087347e-06
1.435897435897435770e+01 -3.592617884642915660e-04 3.858049380712453105e-06
1.456410256410256387e+01 -2.912285943490144869e-04 2.762542675220982984e-06
1.476923076923076827e+01 -2.454830878882400961e-04 2.079039541612749659e-06
1.497435897435897445e+01 -2.127437949917893240e-04 1.634015115410204747e-06
1.517948717948717885e+01 -1.820019663086917491e-04 1.289033337597591886e-06
1.538461538461538325e+01 -1.669098409384190491e-04 1.140576817512656323e-06
1.558974358974358942e+01 -1.500596529729133913e-04 9.661647387298685429e-07
1.579487179487179382e+01 -1.370976524754182911e-04 8.839519557248736657e-07
1.600000000000000000e+01 -1.384715221154296223e-04 1.021712488111111116e-06
1.620512820512820440e+01 -1.342871762111908450e-04 1.109293180965173659e-06
1.641025641025640880e+01 -1.266119106243199796e-04 9.697450402155509512e-07
1.661538461538461320e+01 -1.286722486783606768e-04 1.014362059792616258e-06
1.682051282051282115e+01 -1.269370907997468254e-04 1.069890245118680535e-06
1.702564102564102555e+01 -1.147280368475677250e-04 8.588916980961571939e-07
1.723076923076922995e+01 -9.852068730051982692e-05 6.273250462395050466e-07
1.743589743589743435e+01 -8.600799895591190573e-05 4.516380384935444622e-07
1.764102564102563875e+01 -7.733929953640010448e-05 3.399611156075145849e-07
1.784615384615384670e+01 -6.890595195587046026e-05 2.753309542117144930e-07
1.805128205128205110e+01 -6.934603564975040072e-05 2.951314691928064617e-07
1.825641025641025550e+01 -6.695948857307325460e-05 2.959943752009113782e-07
1.846153846153845990e+01 -6.302659028804285407e-05 2.520635300455337802e-07
1.866666666666666430e+01 -6.412723516222560739e-05 2.472478426053863596e-07
1.887179487179487225e+01 -6.228824374819538518e-05 2.479693473519394135e-07
1.907692307692307665e+01 -6.221475898940635599e-05 2.381869790849021263e-07
1.928205128205128105e+01 -6.226284483232626989e-05 2.353326326114677333e-07
1.948717948717948545e+01 -5.858312315428548041e-05 2.039346318534691710e-07
1.969230769230769340e+01 -5.969459117814560935e-05 1.854283993935152045e-07
1.989743589743589780e+01 -5.791880301887476724e-05 1.748556734744068409e-07
2.010256410256410220e+01 -5.791880301890362735e-05 1.748556734744098850e-07
2.030769230769230660e+01 -5.969459117812895329e-05 1.854283993936475799e-07
2.051282051282051100e+01 -5.858312315431938206e-05 2.039346318535550654e-07
2.071794871794871895e+01 -6.226284483228212931e-05 2.353326326115331930e-07
2.092307692307692335e+01 -6.221475898941626289e-05 2.381869790850499601e-07
2.112820512820512775e+01 -6.228824374825413538e-05 2.479693473520208345e-07
2.133333333333333215e+01 -6.412723516221156697e-05 2.472478426055745068e-07
2.153846153846153655e+01 -6.302659028805831750e-05 2.520635300457742846e-07
2.174358974358974450e+01 -6.695948857312224699e-05 2.959943752010971961e-07
2.194871794871794890e+01 -6.934603564979238645e-05 2.951314691931220344e-07
2.215384615384615330e+01 -6.890595195585414302e-05 2.753309542120723115e-07
2.235897435897435770e+01 -7.733929953643008267e-05 3.399611156077880177e-07
2.256410256410256210e+01 -8.600799895594365930e-05 4.516380384938618878e-07
2.276923076923077005e+01 -9.852068730048575587e-05 6.273250462396744531e-07
2.297435897435897445e+01 -1.147280368475641201e-04 8.588916980963511645e-07
2.317948717948717885e+01 -1.269370907998145881e-04 1.069890245118903516e-06
2.338461538461538325e+01 -1.286722486783845292e-04 1.014362059792866557e-06
2.358974358974358765e+01 -1.266119106244144408e-04 9.697450402156381956e-07
2.379487179487179560e+01 -1.342871762112258648e-04 1.109293180965074344e-06
2.400000000000000000e+01 -1.384715221154058783e-04 1.021712488111066435e-06
2.420512820512820440e+01 -1.370976524754472393e-04 8.839519557248948415e-07
2.441025641025640880e+01 -1.500596529729322293e-04 9.661647387299242353e-07
2.461538461538461320e+01 -1.669098409383869839e-04 1.140576817512781260e-06
2.482051282051282115e+01 -1.820019663087017779e-04 1.289033337597701577e-06
2.502564102564102555e+01 -2.127437949918410676e-04 1.634015115410383682e-06
2.523076923076922995e+01 -2.454830878882873673e-04 2.079039541612895772e-06
2.543589743589743435e+01 -2.912285943489839124e-04 2.762542675221063028e-06
2.564102564102563875e+01 -3.592617884643264773e-04 3.858049380712655546e-06
2.584615384615384670e+01 -4.288503090431717386e-04 5.044141564546377032e-06
2.605128205128205110e+01 -4.478148836243639919e-04 5.133398061002446558e-06
2.625641025641025550e+01 -4.851914548575726109e-04 5.587489341707195066e-06
2.646153846153845990e+01 -4.873801120858878657e-04 5.223697388365397213e-06
2.666666666666666430e+01 -5.281959819037869777e-04 5.531850259536442496e-06
2.687179487179487225e+01 -5.595812445508824414e-04 5.666888658404895353e-06
2.707692307692307665e+01 -5.831143996357188598e-04 5.675349108489326223e-06
2.728205128205128105e+01 -5.913131841481222015e-04 5.384961763366752139e-06
2.748717948717948545e+01 -6.242144101457308518e-04 5.501897424605569026e-06
2.769230769230768985e+01 -7.351950582751075151e-04 7.206355735722445615e-06
2.789743589743589780e+01 -7.930590647717605845e-04 7.914213174634048318e-06
2.810256410256410220e+01 -8.249433011786246484e-04 7.937125219018388976e-06
2.830769230769230660e+01 -9.636665290420265081e-04 9.961946500737888497e-06
2.851282051282051100e+01 -1.156404229306458352e-03 1.308634379981292179e-05
2.871794871794871540e+01 -1.447277497656967787e-03 1.802694548249766295e-05
2.892307692307692335e+01 -1.541748261894572555e-03 1.908124218304657556e-05
2.912820512820512775e+01 -1.488073246402699373e-03 1.708863222718731654e-05
2.933333333333333215e+01 -1.552278641132531648e-03 1.740238145104318701e-05
2.953846153846153655e+01 -1.762198443768419340e-03 2.036728347460257647e-05
2.974358974358974095e+01 -2.023072159059163301e-03 2.410392274507457318e-05
2.994871794871794890e+01 -2.129035907906102337e-03 2.437456345745088777e-05
3.015384615384615330e+01 -2.469292761678302996e-03 2.912846869704995137e-05
3.035897435897435770e+01 -2.420770566051950578e-03 2.619956381674004494e-05
3.056410256410256210e+01 -2.493150473111271914e-03 2.512709723214218344e-05
3.076923076923076650e+01 -2.629041275145765043e-03 2.547281656666441988e-05
3.097435897435897445e+01 -2.730774394898730084e-03 2.532450746705330001e-05
3.117948717948717885e+01 -2.739180068566585049e-03 2.345970081257320585e-05
3.138461538461538325e+01 -3.059886741282513180e-03 2.693609311205687394e-05
3.158974358974358765e+01 -3.580492391686953060e-03 3.478600406691024241e-05
3.179487179487179205e+01 -4.015823724769928063e-03 4.086254440035281020e-05
3.200000000000000000e+01 -3.927665393833233709e-03 3.489065017656993803e-05
3.220512820512820440e+01 -4.190993459574581144e-03 3.344562517783844209e-05
3.241025641025640880e+01 -4.805781262233903284e-03 3.896095528139719837e-05
3.261538461538461320e+01 -5.924237860055387751e-03 5.120884214072271139e-05
3.282051282051281760e+01 -7.235119617075833065e-03 6.682110381748556272e-05
3.302564102564102200e+01 -7.505561015313966244e-03 6.446003996727263125e-05
3.323076923076922640e+01 -8.390405972968216497e-03 6.957415152257909240e-05
3.343589743589743790e+01 -7.989485572872176075e-03 5.540246832291591820e-05
3.364102564102564230e+01 -7.736560292698109638e-03 4.840224227599288929e-05
3.384615384615384670e+01 -8.574720876675746839e-03 4.673978401200347893e-05
3.405128205128205110e+01 -9.541236052703242626e-03 4.482673315293830981e-05
3.425641025641025550e+01 -1.055078897298870541e-02 4.629637376277441827e-05
3.446153846153845990e+01 -1.171281630129860848e-02 5.231088259834252723e-05
3.466666666666666430e+01 -1.264190073601419335e-02 5.791806777854715545e-05
3.487179487179486870e+01 -1.388640009281455825e-02 6.013638590760486425e-05
3.507692307692307310e+01 -1.471426168064272899e-02 7.124033529934674803e-05
3.528205128205127750e+01 -1.559369826849927622e-02 7.068160621768788834e-05
3.548717948717948900e+01 -1.664833764750268605e-02 7.520413887031766388e-05
3.569230769230769340e+01 -1.790018808353285168e-02 8.636651831168962179e-05
3.589743589743589780e+01 -1.960646047841297160e-02 8.621564228254827329e-05
3.610256410256410220e+01 -2.153210194666585128e-02 9.078489130911486971e-05
3.630769230769230660e+01 -2.420114816305016237e-02 8.377131917103916147e-05
3.651282051282051100e+01 -2.668645942096649695e-02 7.632496927810548774e-05
3.671794871794871540e+01 -2.953201892974297374e-02 8.073217338025531493e-05
3.692307692307691980e+01 -3.332075834959298544e-02 9.548036841699133223e-05
3.712820512820512420e+01 -3.749039614773862911e-02 1.016922909978151606e-04
3.733333333333332860e+01 -4.216272429732724480e-02 1.053364612492847612e-04
3.753846153846154010e+01 -4.760164639365154632e-02 1.084007232500500519e-04
3.774358974358974450e+01 -5.423472699383868195e-02 1.198441153444195623e-04
3.794871794871794890e+01 -6.337393410102723501e-02 1.314280158975276547e-04
3.815384615384615330e+01 -7.441091939073690709e-02 1.474752221928644696e-04
3.835897435897435770e+01 -8.823186077380770764e-02 1.671415803976289286e-04
3.856410256410256210e+01 -1.052833818807762528e-01 2.082597913168795622e-04
3.876923076923076650e+01 -1.266836862044040946e-01 2.271129974870718534e-04
3.897435897435897090e+01 -1.555971449535354656e-01 2.662912404687390938e-04
3.917948717948717530e+01 -1.917302753693068962e-01 2.640554491760237600e-04
3.938461538461538680e+01 -2.402309214481292698e-01 3.027679545189659394e-04
3.958974358974359120e+01 -3.029264477279475787e-01 3.367739003162970556e-04
3.979487179487179560e+01 -3.866745922626843024e-01 3.579090770515116603e-04
4.000000000000000000e+01 -5.000000000000008882e-01 4.647005063590993641e-04
