0.000000000000000000e+00 -4.999999999999997224e-01 1.030917170169058026e-04
2.051282051282051211e-01 -3.873194276715149487e-01 7.808788577448789623e-05
4.102564102564102422e-01 -3.041950294197529048e-01 6.628261330676946529e-05
6.153846153846154188e-01 -2.411137128268086571e-01 6.088332782710566455e-05
8.205128205128204844e-01 -1.926687002459396836e-01 6.293180407749565121e-05
1.025641025641025550e+00 -1.567706669412969878e-01 6.068497055537953774e-05
1.230769230769230838e+00 -1.278756361277768316e-01 6.453634442217752573e-05
1.435897435897435903e+00 -1.065409964085892724e-01 5.933477487465416519e-05
1.641025641025640969e+00 -8.931664447729537049e-02 5.095566238936589422e-05
1.846153846153846034e+00 -7.548386384646252334e-02 5.093434473684257165e-05
2.051282051282051100e+00 -6.464102807015416341e-02 4.367753543284294901e-05
2.256410256410256387e+00 -5.544335932425202562e-02 4.040558903167429031e-05
2.461538461538461675e+00 -4.833891409194805699e-02 3.773935983905521256e-05
2.666666666666666519e+00 -4.256152120466323574e-02 3.599321413886364307e-05
2.871794871794871806e+00 -3.785977075569717243e-02 3.663309795008628763e-05
3.076923076923076650e+00 -3.400207147769672422e-02 3.666628828200054336e-05
3.282051282051281937e+00 -3.076147160140692977e-02 3.626175118751505437e-05
3.487179487179487225e+00 -2.802118690365947712e-02 3.600605545018284377e-05
3.692307692307692069e+00 -2.555784175714852571e-02 3.674964703570667376e-05
3.897435897435897356e+00 -2.287991612270909650e-02 3.518912941410183549e-05
4.102564102564102200e+00 -2.055106845892081327e-02 3.333768739239903993e-05
4.307692307692307487e+00 -1.839271758693265119e-02 3.183740917565714280e-05
4.512820512820512775e+00 -1.700225493419493458e-02 3.333207638237377260e-05
4.717948717948718063e+00 -1.617963023216528740e-02 3.467376325830609090e-05
4.923076923076923350e+00 -1.523620802083955686e-02 3.353669855019955620e-05
5.128205128205127750e+00 -1.446598955820892381e-02 3.458280077610174788e-05
5.333333333333333037e+00 -1.353058426618065045e-02 3.737111060992679486e-05
5.538461538461538325e+00 -1.268509907817103738e-02 3.947619505171900462e-05
5.743589743589743613e+00 -1.169800112663568759e-02 3.805890726719823891e-05
5.948717948717948900e+00 -1.060452727111035366e-02 3.553506004308465806e-05
6.153846153846153300e+00 -1.002226937773299971e-02 3.890110594919987224e-05
6.358974358974358587e+00 -9.565792603662449933e-03 4.398258929276490823e-05
6.564102564102563875e+00 -8.884844042339763021e-03 4.033277085814101093e-05
6.769230769230769162e+00 -7.824790418070350778e-03 3.315704150185668067e-05
6.974358974358974450e+00 -7.278257823249648789e-03 3.176396993362170818e-05
7.179487179487178850e+00 -6.997121661057365341e-03 3.389082571380891434e-05
7.384615384615384137e+00 -6.249908819506702282e-03 3.064779013605851017e-05
7.589743589743589425e+00 -5.405053102189510267e-03 2.669747245053706504e-05
7.794871794871794712e+00 -4.531097820753567963e-03 2.034558118252549182e-05
8.000000000000000000e+00 -3.832287549782955900e-03 1.592365228656086840e-05
8.205128205128204399e+00 -3.455902674958622692e-03 1.432945749208712935e-05
8.410256410256410575e+00 -3.203287525074487337e-03 1.372589992422617420e-05
8.615384615384614975e+00 -2.851055266395634193e-03 1.125619798847550886e-05
8.820512820512819374e+00 -2.606407979476674935e-03 9.883556865074153742e-06
9.025641025641025550e+00 -2.550859646193214328e-03 1.084153089644942185e-05
9.230769230769229949e+00 -2.584368201788652276e-03 1.327512488527389797e-05
9.435897435897436125e+00 -2.272182149063514331e-03 1.088604312050529515e-05
9.641025641025640525e+00 -1.969204997411210922e-03 8.640529541427163814e-06
9.846153846153846700e+00 -1.817315115185262923e-03 8.644207020879406356e-06
1.005128205128205110e+01 -1.583218103957675102e-03 7.322463228595666392e-06
1.025641025641025550e+01 -1.395557032889742973e-03 6.205935694018079329e-06
1.046153846153846168e+01 -1.315411148663689920e-03 6.548599779149648290e-06
1.066666666666666607e+01 -1.178737227538136567e-03 5.476144802730275029e-06
1.087179487179487225e+01 -1.062979494800874889e-03 4.232444261853348278e-06
1.107692307692307665e+01 -1.020387527429729869e-03 4.325413357532844054e-06
1.128205128205128105e+01 -1.029353276411950182e-03 5.188440854423650647e-06
1.148717948717948723e+01 -9.377665602888168948e-04 4.370278648591278920e-06
1.169230769230769162e+01 -8.594813477998283725e-04 3.707995274120144337e-06
1.189743589743589780e+01 -7.817069686922722971e-04 3.110937071836907144e-06
1.210256410256410220e+01 -7.225283446260710122e-04 2.746835252271638470e-06
1.230769230769230660e+01 -6.707548367222289061e-04 2.306257203512553743e-06
1.251282051282051277e+01 -6.176460818805764447e-04 1.895799283155805532e-06
1.271794871794871717e+01 -5.776639219012080035e-04 1.791277143340966227e-06
1.292307692307692335e+01 -5.590754365601884133e-04 2.087178313020368708e-06
1.312820512820512775e+01 -5.249854744039375229e-04 2.041561295274206969e-06
1.333333333333333215e+01 -4.927084895750109697e-04 1.976300314679255317e-06
1.353846153846153832e+01 -4.394957216047887597e-04 1.573372246427253326e-06
1.374358974358974272e+01 -4.080208330386384365e-04 1.436542742543804223e-06
1.394871794871794890e+01 -3.882191143444757055e-04 1.490017666051058142e-06
1.415384615384615330e+01 -3.809101626062218735e-04 1.776462577692051479e-06
1.435897435897435770e+01 -3.490032784149686164e-04 1.442861434793780255e-06
1.456410256410256387e+01 -3.142365223820515877e-04 1.118210108938291192e-06
1.476923076923076827e+01 -2.865384711960379982e-04 8.872119565834817325e-07
1.497435897435897445e+01 -2.632892678500112606e-04 7.300527057267375079e-07
1.517948717948717885e+01 -2.383801953702251023e-04 6.496809609097545390e-07
1.538461538461538325e+01 -2.215702931789042033e-04 6.167878462130865179e-07
1.558974358974358942e+01 -2.038922523553214866e-04 5.626249775465446142e-07
1.579487179487179382e+01 -1.887172871795614923e-04 5.730392390763664726e-07
1.600000000000000000e+01 -1.804578902878036808e-04 6.750168608585325415e-07
1.620512820512820440e+01 -1.690224685658124886e-04 7.217401580971495905e-07
1.641025641025640880e+01 -1.638002878321973097e-04 6.324760572333907701e-07
1.661538461538461320e+01 -1.649411048657476960e-04 6.210620638731215585e-07
1.682051282051282115e+01 -1.604426126276265049e-04 6.347049333106871718e-07
1.702564102564102555e+01 -1.525553681030277333e-04 5.535684184445290103e-07
1.723076923076922995e+01 -1.395748630051229058e-04 4.332547087777320172e-07
1.743589743589743435e+01 -1.303759954139741320e-04 3.504379980406783309e-07
1.764102564102563875e+01 -1.244324786063450707e-04 3.109250351130905794e-07
1.784615384615384670e+01 -1.173908187850452570e-04 2.961232892833723846e-07
1.805128205128205110e+01 -1.144646135185974913e-04 2.803790979263733918e-07
1.825641025641025550e+01 -1.102501028254117559e-04 2.782093172355333516e-07
1.846153846153845990e+01 -1.061795512244082283e-04 2.566067336180042649e-07
1.866666666666666430e+01 -1.062982606767394760e-04 2.500208121389497122e-07
1.887179487179487225e+01 -1.034283684206267154e-04 2.478690461039887417e-07
1.907692307692307665e+01 -1.046121577848278811e-04 2.605324010703837183e-07
1.928205128205128105e+01 -1.030054544404492950e-04 2.393248187950735198e-07
1.948717948717948545e+01 -9.882070781632395053e-05 2.117349927345617756e-07
1.969230769230769340e+01 -1.002822540893287193e-04 2.098871845440320941e-07
1.989743589743589780e+01 -9.821945884178989684e-05 1.977376291371910919e-07
2.010256410256410220e+01 -9.821945884179950558e-05 1.977376291371902979e-07
2.030769230769230660e+01 -1.002822540893411063e-04 2.098871845440437938e-07
2.051282051282051100e+01 -9.882070781628676239e-05 2.117349927345594462e-07
2.071794871794871895e+01 -1.030054544404069162e-04 2.393248187950613967e-07
2.092307692307692335e+01 -1.046121577847809758e-04 2.605324010703916063e-07
2.112820512820512775e+01 -1.034283684206408236e-04 2.478690461039961533e-07
2.133333333333333215e+01 -1.062982606766886540e-04 2.500208121390052458e-07
2.153846153846153655e+01 -1.061795512244633328e-04 2.566067336181241730e-07
2.174358974358974450e+01 -1.102501028254096281e-04 2.782093172357298632e-07
2.194871794871794890e+01 -1.144646135185405165e-04 2.803790979265351222e-07
2.215384615384615330e+01 -1.173908187849761662e-04 2.961232892835420029e-07
2.235897435897435770e+01 -1.244324786063150654e-04 3.109250351132020701e-07
2.256410256410256210e+01 -1.303759954139935393e-04 3.504379980407704987e-07
2.276923076923077005e+01 -1.395748630051509595e-04 4.332547087778596016e-07
2.297435897435897445e+01 -1.525553681029953698e-04 5.535684184447181104e-07
2.317948717948717885e+01 -1.604426126276657801e-04 6.347049333107260295e-07
2.338461538461538325e+01 -1.649411048658268428e-04 6.210620638724058157e-07
2.358974358974358765e+01 -1.638002878322173132e-04 6.324760572317547260e-07
2.379487179487179560e+01 -1.690224685659674211e-04 7.217401580948136854e-07
2.400000000000000000e+01 -1.804578902878197812e-04 6.750168608568150763e-07
2.420512820512820440e+01 -1.887172871796474966e-04 5.730392390752550595e-07
2.441025641025640880e+01 -2.038922523553283171e-04 5.626249775459520088e-07
2.461538461538461320e+01 -2.215702931789541579e-04 6.167878462126463784e-07
2.482051282051282115e+01 -2.383801953702077551e-04 6.496809609095414044e-07
2.502564102564102555e+01 -2.632892678500280657e-04 7.300527057266518517e-07
2.523076923076922995e+01 -2.865384711960085621e-04 8.872119565834493335e-07
2.543589743589743435e+01 -3.142365223820470883e-04 1.118210108938297756e-06
2.564102564102563875e+01 -3.490032784150778498e-04 1.442861434793809901e-06
2.584615384615384670e+01 -3.809101626062117905e-04 1.776462577692103783e-06
2.605128205128205110e+01 -3.882191143444642129e-04 1.490017666051132257e-06
2.625641025641025550e+01 -4.080208330385973452e-04 1.436542742543877280e-06
2.646153846153845990e+01 -4.394957216048095221e-04 1.573372246427355817e-06
2.666666666666666430e+01 -4.927084895750233296e-04 1.976300314679391689e-06
2.687179487179487225e+01 -5.249854744039455460e-04 2.041561295274320895e-06
2.707692307692307665e+01 -5.590754365602021827e-04 2.087178313020467811e-06
2.728205128205128105e+01 -5.776639219012095214e-04 1.791277143341064906e-06
2.748717948717948545e+01 -6.176460818805837088e-04 1.895799283155897223e-06
2.769230769230768985e+01 -6.707548367222862604e-04 2.306257203512657504e-06
2.789743589743589780e+01 -7.225283446260803363e-04 2.746835252271761290e-06
2.810256410256410220e+01 -7.817069686923323619e-04 3.110937071837033351e-06
2.830769230769230660e+01 -8.594813477997825107e-04 3.707995274120261651e-06
2.851282051282051100e+01 -9.377665602888363020e-04 4.370278648591411904e-06
2.871794871794871540e+01 -1.029353276411887732e-03 5.188440854423800572e-06
2.892307692307692335e+01 -1.020387527429838723e-03 4.325413357532975344e-06
2.912820512820512775e+01 -1.062979494800832606e-03 4.232444261853466862e-06
2.933333333333333215e+01 -1.178737227538096451e-03 5.476144802730415636e-06
2.953846153846153655e+01 -1.315411148663767548e-03 6.548599779149820237e-06
2.974358974358974095e+01 -1.395557032889758586e-03 6.205935694018247889e-06
2.994871794871794890e+01 -1.583218103957744058e-03 7.322463228595856128e-06
3.015384615384615330e+01 -1.817315115185317567e-03 8.644207020879650301e-06
3.035897435897435770e+01 -1.969204997411210488e-03 8.640529541427439947e-06
3.056410256410256210e+01 -2.272182149063572878e-03 1.088604312050558483e-05
3.076923076923076650e+01 -2.584368201788660516e-03 1.327512488527426897e-05
3.097435897435897445e+01 -2.550859646193282416e-03 1.084153089644978268e-05
3.117948717948717885e+01 -2.606407979476749095e-03 9.883556865074346866e-06
3.138461538461538325e+01 -2.851055266395657178e-03 1.125619798847561558e-05
3.158974358974358765e+01 -3.203287525074584481e-03 1.372589992422628431e-05
3.179487179487179205e+01 -3.455902674958650014e-03 1.432945749208729198e-05
3.200000000000000000e+01 -3.832287549783042636e-03 1.592365228656110219e-05
3.220512820512820440e+01 -4.531097820753604392e-03 2.034558118252555620e-05
3.241025641025640880e+01 -5.405053102189504195e-03 2.669747245053725139e-05
3.261538461538461320e+01 -6.249908819506720496e-03 3.064779013605901161e-05
3.282051282051281760e+01 -6.997121661057467690e-03 3.389082571380970716e-05
3.302564102564102200e+01 -7.278257823249762413e-03 3.176396993362174884e-05
3.323076923076922640e+01 -7.824790418070350778e-03 3.315704150185567778e-05
3.343589743589743790e+01 -8.884844042339716183e-03 4.033277085813929654e-05
3.364102564102564230e+01 -9.565792603662444729e-03 4.398258929276369528e-05
3.384615384615384670e+01 -1.002226937773313502e-02 3.890110594919944534e-05
3.405128205128205110e+01 -1.060452727111055662e-02 3.553506004308482747e-05
3.425641025641025550e+01 -1.169800112663592004e-02 3.805890726719899107e-05
3.446153846153845990e+01 -1.268509907817120218e-02 3.947619505172016336e-05
3.466666666666666430e+01 -1.353058426618083780e-02 3.737111060992764867e-05
3.487179487179486870e+01 -1.446598955820903656e-02 3.458280077610244584e-05
3.507692307692307310e+01 -1.523620802083978758e-02 3.353669855020013896e-05
3.528205128205127750e+01 -1.617963023216558230e-02 3.467376325830668043e-05
3.548717948717948900e+01 -1.700225493419525030e-02 3.333207638237449088e-05
3.569230769230769340e+01 -1.839271758693292527e-02 3.183740917565788142e-05
3.589743589743589780e+01 -2.055106845892110470e-02 3.333768739239989374e-05
3.610256410256410220e+01 -2.287991612270948161e-02 3.518912941410256732e-05
3.630769230769230660e+01 -2.555784175714884490e-02 3.674964703570733106e-05
3.651282051282051100e+01 -2.802118690365980325e-02 3.600605545018337910e-05
3.671794871794871540e+01 -3.076147160140715181e-02 3.626175118751547450e-05
3.692307692307691980e+01 -3.400207147769698790e-02 3.666628828200092284e-05
3.712820512820512420e+01 -3.785977075569756795e-02 3.663309795008655190e-05
3.733333333333332860e+01 -4.256152120466347860e-02 3.599321413886380570e-05
3.753846153846154010e+01 -4.833891409194841782e-02 3.773935983905542263e-05
3.774358974358974450e+01 -5.544335932425238644e-02 4.040558903167462235e-05
3.794871794871794890e+01 -6.464102807015437158e-02 4.367753543284334881e-05
3.815384615384615330e+01 -7.548386384646284253e-02 5.093434473684311375e-05
3.835897435897435770e+01 -8.931664447729559253e-02 5.095566238936638211e-05
3.856410256410256210e+01 -1.065409964085896333e-01 5.933477487465491735e-05
3.876923076923076650e+01 -1.278756361277769704e-01 6.453634442217837954e-05
3.897435897435897090e+01 -1.567706669412971821e-01 6.068497055538003241e-05
3.917948717948717530e+01 -1.926687002459399056e-01 6.293180407749623397e-05
3.938461538461538680e+01 -2.411137128268089624e-01 6.088332782710577297e-05
3.958974358974359120e+01 -3.041950294197529603e-01 6.628261330676949240e-05
3.979487179487179560e+01 -3.873194276715150597e-01 7.808788577448784202e-05
4.000000000000000000e+01 -5.000000000000002220e-01 1.030917170169058026e-04
