0.000000000000000000e+00 -5.000000000000064393e-01 3.409417547055872643e-05
2.051282051282051211e-01 -3.867500614340564358e-01 3.076238344781611646e-05
4.102564102564102422e-01 -3.030174505986351075e-01 3.967410703912947235e-05
6.153846153846154188e-01 -2.398741001574915821e-01 3.576297335277803740e-05
8.205128205128204844e-01 -1.917432826670747992e-01 3.196284120397125674e-05
1.025641025641025550e+00 -1.549641223451889982e-01 3.027362130983984612e-05
1.230769230769230838e+00 -1.269172320519594277e-01 3.216340760292327319e-05
1.435897435897435903e+00 -1.050508596810063033e-01 3.290235807931605376e-05
1.641025641025640969e+00 -8.742766061745810280e-02 3.250597598666670309e-05
1.846153846153846034e+00 -7.350546435428485792e-02 3.270733904092718638e-05
2.051282051282051100e+00 -6.212783966922398593e-02 3.229628751245696821e-05
2.256410256410256387e+00 -5.330651488035106911e-02 3.241167691500101332e-05
2.461538461538461675e+00 -4.644582432767090791e-02 3.391564513019124837e-05
2.666666666666666519e+00 -4.114028427093133211e-02 3.621335579610425595e-05
2.871794871794871806e+00 -3.668006878370642931e-02 3.775316547450965335e-05
3.076923076923076650e+00 -3.210553932560276935e-02 3.624451267922832869e-05
3.282051282051281937e+00 -2.815460239518681462e-02 3.425556000431818248e-05
3.487179487179487225e+00 -2.484458262684434079e-02 3.209683246564110423e-05
3.692307692307692069e+00 -2.220132078861656102e-02 3.148987363882277998e-05
3.897435897435897356e+00 -1.997241340695613335e-02 3.124560041872633746e-05
4.102564102564102200e+00 -1.792449281905570194e-02 3.082945234059855720e-05
4.307692307692307487e+00 -1.655341906412828579e-02 3.267778456368099579e-05
4.512820512820512775e+00 -1.562396959205576870e-02 3.615559222923438458e-05
4.717948717948718063e+00 -1.484136997014495578e-02 3.757144820323168682e-05
4.923076923076923350e+00 -1.405050255422629450e-02 3.848770950568884621e-05
5.128205128205127750e+00 -1.312389380338665687e-02 3.847790860320853831e-05
5.333333333333333037e+00 -1.173760409269547673e-02 3.670482344822994489e-05
5.538461538461538325e+00 -1.065846236251131660e-02 3.790470517662119273e-05
5.743589743589743613e+00 -9.264955887720985328e-03 3.277824260920534591e-05
5.948717948717948900e+00 -8.028223423358548869e-03 2.847801244372084225e-05
6.153846153846153300e+00 -6.602798903536740219e-03 2.142809559960175391e-05
6.358974358974358587e+00 -5.594271389619884585e-03 1.624074219894136464e-05
6.564102564102563875e+00 -4.822134979399443112e-03 1.327916047624149507e-05
6.769230769230769162e+00 -4.227743550277964640e-03 1.117326362049542278e-05
6.974358974358974450e+00 -3.781730184494832246e-03 9.793570381972238552e-06
7.179487179487178850e+00 -3.473395803391619071e-03 1.023516089422340799e-05
7.384615384615384137e+00 -2.989683905279967233e-03 8.717204815149594854e-06
7.589743589743589425e+00 -2.717545014838190168e-03 9.193310154727672367e-06
7.794871794871794712e+00 -2.411381684054068365e-03 7.325333166417490059e-06
8.000000000000000000e+00 -2.270097274918016304e-03 7.000262004864427134e-06
8.205128205128204399e+00 -2.068207849552958656e-03 5.900266727191459276e-06
8.410256410256410575e+00 -1.858649454422130328e-03 5.092860843917138819e-06
8.615384615384614975e+00 -1.673381618669910267e-03 4.636286730409697888e-06
8.820512820512819374e+00 -1.538023467883508320e-03 4.904103193712735260e-06
9.025641025641025550e+00 -1.450870827816511241e-03 5.520190538449492730e-06
9.230769230769229949e+00 -1.341682467424579368e-03 5.193146482645096204e-06
9.435897435897436125e+00 -1.236281129256813251e-03 5.156444056515278118e-06
9.641025641025640525e+00 -1.150129513384483531e-03 5.022686616212976209e-06
9.846153846153846700e+00 -1.105061791898700975e-03 5.923156879916969343e-06
1.005128205128205110e+01 -9.820413607865047419e-04 5.163415207835383895e-06
1.025641025641025550e+01 -9.659902888817048115e-04 6.203040579727974499e-06
1.046153846153846168e+01 -8.683644399787460860e-04 5.293089017759030941e-06
1.066666666666666607e+01 -7.479477849690966676e-04 3.861662542810987123e-06
1.087179487179487225e+01 -6.521367544318226695e-04 2.810524652653339895e-06
1.107692307692307665e+01 -6.090984456051241717e-04 2.744931239435939586e-06
1.128205128205128105e+01 -6.097991869187580939e-04 3.445064484597085144e-06
1.148717948717948723e+01 -5.416720304379631177e-04 2.820292472209659850e-06
1.169230769230769162e+01 -4.885003934049076107e-04 2.370186835903688417e-06
1.189743589743589780e+01 -4.410683834212633528e-04 2.046629507136863175e-06
1.210256410256410220e+01 -4.163842303584689569e-04 2.072516885849452717e-06
1.230769230769230660e+01 -3.937847146961942035e-04 1.959871148516810398e-06
1.251282051282051277e+01 -3.494100613642510053e-04 1.532855797327855355e-06
1.271794871794871717e+01 -3.298230621100548682e-04 1.578875138615315708e-06
1.292307692307692335e+01 -3.145653151577974772e-04 1.686082361349112791e-06
1.312820512820512775e+01 -2.903632587773763429e-04 1.556700558738691473e-06
1.333333333333333215e+01 -2.644980844655910436e-04 1.418142318868649873e-06
1.353846153846153832e+01 -2.286161804765200214e-04 1.108770635088502207e-06
1.374358974358974272e+01 -2.094755525762997494e-04 1.031282431598114619e-06
1.394871794871794890e+01 -2.016300550908618641e-04 1.095864374954999901e-06
1.415384615384615330e+01 -2.023175452559389589e-04 1.338851208632642809e-06
1.435897435897435770e+01 -1.818380413368556265e-04 1.102255927428295559e-06
1.456410256410256387e+01 -1.531810410628727838e-04 8.102340331968119053e-07
1.476923076923076827e+01 -1.326895908172896939e-04 5.867005303814583724e-07
1.497435897435897445e+01 -1.174811237946772770e-04 4.456103079997871136e-07
1.517948717948717885e+01 -1.036474570137113177e-04 3.646943531717336866e-07
1.538461538461538325e+01 -9.768150405855673688e-05 3.495510167214380613e-07
1.558974358974358942e+01 -8.822320008104336624e-05 3.041855602139089728e-07
1.579487179487179382e+01 -8.098167380348681777e-05 2.845508548472985098e-07
1.600000000000000000e+01 -7.912853550800526790e-05 3.136832366594544037e-07
1.620512820512820440e+01 -7.476513958936751030e-05 3.387568591257016865e-07
1.641025641025640880e+01 -6.982169274171375908e-05 2.940429169564531342e-07
1.661538461538461320e+01 -6.785561881653816589e-05 3.203857162305960343e-07
1.682051282051282115e+01 -6.471391124034389858e-05 3.559071285858927158e-07
1.702564102564102555e+01 -6.054180931392500793e-05 2.893632378414614106e-07
1.723076923076922995e+01 -5.367546687567526301e-05 2.159461268099676332e-07
1.743589743589743435e+01 -4.871297189536628706e-05 1.621434652847116931e-07
1.764102564102563875e+01 -4.564775363754195847e-05 1.268264820031105714e-07
1.784615384615384670e+01 -4.090267993694634142e-05 1.070980138110252769e-07
1.805128205128205110e+01 -4.126745630259557186e-05 1.133092296208114865e-07
1.825641025641025550e+01 -3.984810943652923089e-05 1.133324435908846560e-07
1.846153846153845990e+01 -3.735320932153182098e-05 1.028588713320997711e-07
1.866666666666666430e+01 -3.815833422286928626e-05 1.031142431405621935e-07
1.887179487179487225e+01 -3.542280940910684436e-05 9.940814490338727222e-08
1.907692307692307665e+01 -3.547745903767141246e-05 9.825364790303693024e-08
1.928205128205128105e+01 -3.517354415038110286e-05 9.478411536829069691e-08
1.948717948717948545e+01 -3.301692960284617428e-05 8.746864120514174017e-08
1.969230769230769340e+01 -3.436463189771752627e-05 8.502684633718070307e-08
1.989743589743589780e+01 -3.295838127343818071e-05 8.239003906119733082e-08
2.010256410256410220e+01 -3.295838127339561222e-05 8.239003906119022369e-08
2.030769230769230660e+01 -3.436463189773438561e-05 8.502684633715657586e-08
2.051282051282051100e+01 -3.301692960287198506e-05 8.746864120512998759e-08
2.071794871794871895e+01 -3.517354415030377892e-05 9.478411536827785907e-08
2.092307692307692335e+01 -3.547745903765128696e-05 9.825364790306046187e-08
2.112820512820512775e+01 -3.542280940915293650e-05 9.940814490340038799e-08
2.133333333333333215e+01 -3.815833422286338413e-05 1.031142431406134654e-07
2.153846153846153655e+01 -3.735320932157546689e-05 1.028588713321071033e-07
2.174358974358974450e+01 -3.984810943647061621e-05 1.133324435908785547e-07
2.194871794871794890e+01 -4.126745630261905839e-05 1.133092296207820388e-07
2.215384615384615330e+01 -4.090267993696436628e-05 1.070980138109796827e-07
2.235897435897435770e+01 -4.564775363749858360e-05 1.268264820030326179e-07
2.256410256410256210e+01 -4.871297189533215502e-05 1.621434652845900380e-07
2.276923076923077005e+01 -5.367546687566061950e-05 2.159461268098045793e-07
2.297435897435897445e+01 -6.054180931389511783e-05 2.893632378412483288e-07
2.317948717948717885e+01 -6.471391124025706754e-05 3.559071285856118714e-07
2.338461538461538325e+01 -6.785561881649870093e-05 3.203857162302273632e-07
2.358974358974358765e+01 -6.982169274166804640e-05 2.940429169560804927e-07
2.379487179487179560e+01 -7.476513958930877364e-05 3.387568591252457180e-07
2.400000000000000000e+01 -7.912853550794600270e-05 3.136832366589418959e-07
2.420512820512820440e+01 -8.098167380342253814e-05 2.845508548468734581e-07
2.441025641025640880e+01 -8.822320008098014370e-05 3.041855602135259022e-07
2.461538461538461320e+01 -9.768150405849297224e-05 3.495510167210367794e-07
2.482051282051282115e+01 -1.036474570136392047e-04 3.646943531713803150e-07
2.502564102564102555e+01 -1.174811237946207223e-04 4.456103079994249012e-07
2.523076923076922995e+01 -1.326895908172159952e-04 5.867005303810370793e-07
2.543589743589743435e+01 -1.531810410626856234e-04 8.102340331962780628e-07
2.564102564102563875e+01 -1.818380413367573977e-04 1.102255927427580028e-06
2.584615384615384670e+01 -2.023175452558195070e-04 1.338851208631678674e-06
2.605128205128205110e+01 -2.016300550907045193e-04 1.095864374953735916e-06
2.625641025641025550e+01 -2.094755525761394501e-04 1.031282431596757248e-06
2.646153846153845990e+01 -2.286161804763372791e-04 1.108770635086903644e-06
2.666666666666666430e+01 -2.644980844654374122e-04 1.418142318866691956e-06
2.687179487179487225e+01 -2.903632587771075692e-04 1.556700558736930068e-06
2.707692307692307665e+01 -3.145653151575798778e-04 1.686082361347514652e-06
2.728205128205128105e+01 -3.298230621098148258e-04 1.578875138613668653e-06
2.748717948717948545e+01 -3.494100613639929110e-04 1.532855797326297238e-06
2.769230769230768985e+01 -3.937847146958875369e-04 1.959871148514945231e-06
2.789743589743589780e+01 -4.163842303581322037e-04 2.072516885847436779e-06
2.810256410256410220e+01 -4.410683834209055661e-04 2.046629507134935752e-06
2.830769230769230660e+01 -4.885003934046210560e-04 2.370186835901943953e-06
2.851282051282051100e+01 -5.416720304376421938e-04 2.820292472207764613e-06
2.871794871794871540e+01 -6.097991869183200762e-04 3.445064484594702864e-06
2.892307692307692335e+01 -6.090984456046009358e-04 2.744931239433323948e-06
2.912820512820512775e+01 -6.521367544313674131e-04 2.810524652650637013e-06
2.933333333333333215e+01 -7.479477849685028500e-04 3.861662542807705718e-06
2.953846153846153655e+01 -8.683644399780867827e-04 5.293089017754867774e-06
2.974358974358974095e+01 -9.659902888810888762e-04 6.203040579723810485e-06
2.994871794871794890e+01 -9.820413607857291036e-04 5.163415207831047933e-06
3.015384615384615330e+01 -1.105061791897946153e-03 5.923156879912565619e-06
3.035897435897435770e+01 -1.150129513383490619e-03 5.022686616207256196e-06
3.056410256410256210e+01 -1.236281129255749648e-03 5.156444056509530153e-06
3.076923076923076650e+01 -1.341682467423463507e-03 5.193146482639315205e-06
3.097435897435897445e+01 -1.450870827815262457e-03 5.520190538444234350e-06
3.117948717948717885e+01 -1.538023467882205760e-03 4.904103193708369653e-06
3.138461538461538325e+01 -1.673381618668511647e-03 4.636286730405653306e-06
3.158974358974358765e+01 -1.858649454420629142e-03 5.092860843912633451e-06
3.179487179487179205e+01 -2.068207849551324112e-03 5.900266727185995066e-06
3.200000000000000000e+01 -2.270097274916233875e-03 7.000262004857693222e-06
3.220512820512820440e+01 -2.411381684052164073e-03 7.325333166410585046e-06
3.241025641025640880e+01 -2.717545014836043014e-03 9.193310154718863225e-06
3.261538461538461320e+01 -2.989683905277618417e-03 8.717204815141802151e-06
3.282051282051281760e+01 -3.473395803389053415e-03 1.023516089421451584e-05
3.302564102564102200e+01 -3.781730184492250978e-03 9.793570381965064183e-06
3.323076923076922640e+01 -4.227743550275074591e-03 1.117326362048846356e-05
3.343589743589743790e+01 -4.822134979396209588e-03 1.327916047623489838e-05
3.364102564102564230e+01 -5.594271389616275493e-03 1.624074219893441220e-05
3.384615384615384670e+01 -6.602798903532709589e-03 2.142809559959373420e-05
3.405128205128205110e+01 -8.028223423353958790e-03 2.847801244371118946e-05
3.425641025641025550e+01 -9.264955887715685748e-03 3.277824260919608954e-05
3.446153846153845990e+01 -1.065846236250547578e-02 3.790470517661234293e-05
3.466666666666666430e+01 -1.173760409268908081e-02 3.670482344822022773e-05
3.487179487179486870e+01 -1.312389380337959308e-02 3.847790860319708642e-05
3.507692307692307310e+01 -1.405050255421865305e-02 3.848770950567710972e-05
3.528205128205127750e+01 -1.484136997013674533e-02 3.757144820322085157e-05
3.548717948717948900e+01 -1.562396959204713498e-02 3.615559222922487071e-05
3.569230769230769340e+01 -1.655341906411899808e-02 3.267778456367149547e-05
3.589743589743589780e+01 -1.792449281904579667e-02 3.082945234058908398e-05
3.610256410256410220e+01 -1.997241340694522888e-02 3.124560041871632892e-05
3.630769230769230660e+01 -2.220132078860483082e-02 3.148987363881261558e-05
3.651282051282051100e+01 -2.484458262683140323e-02 3.209683246563066201e-05
3.671794871794871540e+01 -2.815460239517275642e-02 3.425556000430713717e-05
3.692307692307691980e+01 -3.210553932558753848e-02 3.624451267921632793e-05
3.712820512820512420e+01 -3.668006878368977597e-02 3.775316547449625667e-05
3.733333333333332860e+01 -4.114028427091368650e-02 3.621335579609145558e-05
3.753846153846154010e+01 -4.644582432765279045e-02 3.391564513017990490e-05
3.774358974358974450e+01 -5.330651488033195246e-02 3.241167691499090991e-05
3.794871794871794890e+01 -6.212783966920380763e-02 3.229628751244739335e-05
3.815384615384615330e+01 -7.350546435426408287e-02 3.270733904091832980e-05
3.835897435897435770e+01 -8.742766061743618977e-02 3.250597598665819888e-05
3.856410256410256210e+01 -1.050508596809842654e-01 3.290235807930717686e-05
3.876923076923076650e+01 -1.269172320519370845e-01 3.216340760291547371e-05
3.897435897435897090e+01 -1.549641223451667660e-01 3.027362130983368650e-05
3.917948717948717530e+01 -1.917432826670535106e-01 3.196284120396399259e-05
3.938461538461538680e+01 -2.398741001574726528e-01 3.576297335276368527e-05
3.958974358974359120e+01 -3.030174505986171218e-01 3.967410703911397504e-05
3.979487179487179560e+01 -3.867500614340421694e-01 3.076238344781100716e-05
4.000000000000000000e+01 -4.999999999999935607e-01 3.409417547055872643e-05
