0.000000000000000000e+00 -5.000000000000004441e-01 1.181216487805966588e-04
2.051282051282051211e-01 -3.755000052467565852e-01 6.831718977427541273e-05
4.102564102564102422e-01 -2.839831625769395074e-01 4.183491395132920887e-05
6.153846153846154188e-01 -2.170621839599434777e-01 3.148809396713180589e-05
8.205128205128204844e-01 -1.675780178506433293e-01 2.882126454629567084e-05
1.025641025641025550e+00 -1.314028529545868407e-01 2.908654962631937411e-05
1.230769230769230838e+00 -1.039907399843883612e-01 3.089562161809669954e-05
1.435897435897435903e+00 -8.289285313888641871e-02 3.183037648505977377e-05
1.641025641025640969e+00 -6.681582237482135145e-02 3.228978857670238646e-05
1.846153846153846034e+00 -5.436942729463082463e-02 3.273461970063224217e-05
2.051282051282051100e+00 -4.402745079330767225e-02 3.065439123695157622e-05
2.256410256410256387e+00 -3.568834826580767616e-02 2.861169984355921747e-05
2.461538461538461675e+00 -2.946762874359470930e-02 2.878321352146688393e-05
2.666666666666666519e+00 -2.507228237938769963e-02 3.124135830270649593e-05
2.871794871794871806e+00 -2.138582121130280095e-02 3.274428283896481780e-05
3.076923076923076650e+00 -1.879051175432922688e-02 3.343052517836879391e-05
3.282051282051281937e+00 -1.641439017940354156e-02 3.380668750982079667e-05
3.487179487179487225e+00 -1.421008300484994692e-02 3.159404539762781876e-05
3.692307692307692069e+00 -1.291708654059995146e-02 3.246777480998717859e-05
3.897435897435897356e+00 -1.129056766670829930e-02 3.065317968576762760e-05
4.102564102564102200e+00 -9.967150921720716386e-03 2.923469863820839652e-05
4.307692307692307487e+00 -9.576971818593670374e-03 3.393095861771595732e-05
4.512820512820512775e+00 -9.421477510966020513e-03 3.978301556641420083e-05
4.717948717948718063e+00 -8.491142470210351692e-03 3.670570652567126915e-05
4.923076923076923350e+00 -7.935479840883385982e-03 3.732369918633797885e-05
5.128205128205127750e+00 -7.296555793508386310e-03 3.511783506169663323e-05
5.333333333333333037e+00 -6.296074232277028802e-03 3.048462609561180238e-05
5.538461538461538325e+00 -5.650155252060607217e-03 2.833702926322459150e-05
5.743589743589743613e+00 -5.381142684724239331e-03 3.149672906649067571e-05
5.948717948717948900e+00 -5.118016766784778439e-03 3.465102908396771448e-05
6.153846153846153300e+00 -4.541373377994724521e-03 3.236146335621420080e-05
6.358974358974358587e+00 -4.766778868561256932e-03 4.030853347739143402e-05
6.564102564102563875e+00 -4.094103115122454950e-03 3.173756046231539013e-05
6.769230769230769162e+00 -3.890991943745419381e-03 3.317009300810010522e-05
6.974358974358974450e+00 -3.093906610284707318e-03 3.239438449264071042e-05
7.179487179487178850e+00 -3.099940929415534365e-03 3.038068192979177286e-05
7.384615384615384137e+00 -2.324964287734650886e-03 3.012441175216102457e-05
7.589743589743589425e+00 -1.938631977732075762e-03 2.674622258060960453e-05
7.794871794871794712e+00 -1.770173191364438721e-03 2.315726208707241071e-05
8.000000000000000000e+00 -1.281143360311294034e-03 1.788764472269630839e-05
8.205128205128204399e+00 -1.046776222380343220e-03 1.272418781949405149e-05
8.410256410256410575e+00 -8.743126247876746408e-04 8.815549318564640729e-06
8.615384615384614975e+00 -8.060674299885354924e-04 6.691233897816382237e-06
8.820512820512819374e+00 -7.283014514087800305e-04 4.916974596440232945e-06
9.025641025641025550e+00 -6.872600286454827716e-04 4.148940570576358265e-06
9.230769230769229949e+00 -6.460362156812451137e-04 4.047674296089532388e-06
9.435897435897436125e+00 -6.382542736813370246e-04 4.517777982633158119e-06
9.641025641025640525e+00 -6.344158648381499231e-04 5.016667289693410818e-06
9.846153846153846700e+00 -6.378955251669503768e-04 5.877167552436819402e-06
1.005128205128205110e+01 -5.603852266998524080e-04 5.221025022549271215e-06
1.025641025641025550e+01 -5.535292546300105230e-04 5.582414798919933485e-06
1.046153846153846168e+01 -4.603871226269017243e-04 4.252617235890936890e-06
1.066666666666666607e+01 -3.637881165827897348e-04 2.850577513457795398e-06
1.087179487179487225e+01 -3.085568196415553973e-04 2.185785568957920204e-06
1.107692307692307665e+01 -2.967704050274988102e-04 2.245224423747613184e-06
1.128205128205128105e+01 -2.975051594963274326e-04 2.533241762837400731e-06
1.148717948717948723e+01 -2.488876321995794612e-04 1.894615272105648046e-06
1.169230769230769162e+01 -2.062313875115411098e-04 1.295704169633781945e-06
1.189743589743589780e+01 -1.685422197391353756e-04 8.808435559784386970e-07
1.210256410256410220e+01 -1.427269927390162926e-04 6.267983763919439686e-07
1.230769230769230660e+01 -1.268709355720686657e-04 4.766892165114125834e-07
1.251282051282051277e+01 -1.138254406552388084e-04 4.167108797229474805e-07
1.271794871794871717e+01 -1.048253175411488117e-04 3.929931438807224584e-07
1.292307692307692335e+01 -1.012144554485071795e-04 4.732578781331776362e-07
1.312820512820512775e+01 -9.368093503005431658e-05 4.927102652374342716e-07
1.333333333333333215e+01 -8.297175550611468912e-05 4.007164192059139585e-07
1.353846153846153832e+01 -6.728894090282643307e-05 2.905439160215981463e-07
1.374358974358974272e+01 -5.845539851504536036e-05 2.165665960447526415e-07
1.394871794871794890e+01 -5.359326849639013988e-05 1.912348935685782646e-07
1.415384615384615330e+01 -4.766412457202719622e-05 1.862167756203158805e-07
1.435897435897435770e+01 -4.634821027548542319e-05 1.976957277785675003e-07
1.456410256410256387e+01 -4.300148439365430108e-05 2.079542968448577920e-07
1.476923076923076827e+01 -4.197648675145812226e-05 2.323616828237103295e-07
1.497435897435897445e+01 -4.015285520140644723e-05 2.242122611492708859e-07
1.517948717948717885e+01 -3.273500018592477969e-05 1.746229533233361164e-07
1.538461538461538325e+01 -3.162085144422499268e-05 1.764320492396605545e-07
1.558974358974358942e+01 -2.637247105661010127e-05 1.383196916267082969e-07
1.579487179487179382e+01 -2.066467595149737882e-05 1.128420922625729097e-07
1.600000000000000000e+01 -1.987170307529790157e-05 1.059177842992928383e-07
1.620512820512820440e+01 -1.651440127952224314e-05 9.264622654666174372e-08
1.641025641025640880e+01 -1.678803608823881127e-05 9.448804572735731309e-08
1.661538461538461320e+01 -1.527668910838715131e-05 7.814167582660895613e-08
1.682051282051282115e+01 -1.238179660014809961e-05 6.201650746194056527e-08
1.702564102564102555e+01 -1.233894482512172288e-05 4.564547091034740973e-08
1.723076923076922995e+01 -1.045801120738460480e-05 3.867249312945961448e-08
1.743589743589743435e+01 -9.707075978530552309e-06 3.454706433567143325e-08
1.764102564102563875e+01 -1.013215134333474102e-05 3.172031298387989033e-08
1.784615384615384670e+01 -7.854209363334967110e-06 2.867551915614314242e-08
1.805128205128205110e+01 -8.779899600902787014e-06 2.809713412047774425e-08
1.825641025641025550e+01 -7.880666916790548179e-06 2.697182073183853813e-08
1.846153846153845990e+01 -6.408351692536859663e-06 2.437643231847328882e-08
1.866666666666666430e+01 -7.666412293522719705e-06 2.380144141881223872e-08
1.887179487179487225e+01 -5.798458331439346868e-06 2.360479661218739124e-08
1.907692307692307665e+01 -6.568140288737630472e-06 2.521610118033572459e-08
1.928205128205128105e+01 -6.846710377185315430e-06 2.440829995844035385e-08
1.948717948717948545e+01 -5.408188768013679656e-06 2.445800730173497201e-08
1.969230769230769340e+01 -7.174404835277132389e-06 2.568892434732908424e-08
1.989743589743589780e+01 -6.072037446926406017e-06 2.651652176440607239e-08
2.010256410256410220e+01 -6.072037446933792145e-06 2.651652176440724699e-08
2.030769230769230660e+01 -7.174404835234358072e-06 2.568892434736575812e-08
2.051282051282051100e+01 -5.408188768030619468e-06 2.445800730178071510e-08
2.071794871794871895e+01 -6.846710377142021882e-06 2.440829995847590938e-08
2.092307692307692335e+01 -6.568140288742716058e-06 2.521610118037050588e-08
2.112820512820512775e+01 -5.798458331477406599e-06 2.360479661219920007e-08
2.133333333333333215e+01 -7.666412293552919818e-06 2.380144141883016207e-08
2.153846153846153655e+01 -6.408351692541171908e-06 2.437643231847298442e-08
2.174358974358974450e+01 -7.880666916831607254e-06 2.697182073183214899e-08
2.194871794871794890e+01 -8.779899600892580267e-06 2.809713412047276132e-08
2.215384615384615330e+01 -7.854209363306073122e-06 2.867551915612145043e-08
2.235897435897435770e+01 -1.013215134334401264e-05 3.172031298386604001e-08
2.256410256410256210e+01 -9.707075978540147498e-06 3.454706433565230884e-08
2.276923076923077005e+01 -1.045801120741262635e-05 3.867249312950270066e-08
2.297435897435897445e+01 -1.233894482512192447e-05 4.564547091037186781e-08
2.317948717948717885e+01 -1.238179660013064226e-05 6.201650746185205033e-08
2.338461538461538325e+01 -1.527668910842093437e-05 7.814167582653432458e-08
2.358974358974358765e+01 -1.678803608825661252e-05 9.448804572728139776e-08
2.379487179487179560e+01 -1.651440127951559224e-05 9.264622654664558392e-08
2.400000000000000000e+01 -1.987170307525824349e-05 1.059177842993011895e-07
2.420512820512820440e+01 -2.066467595155080627e-05 1.128420922625406696e-07
2.441025641025640880e+01 -2.637247105659474964e-05 1.383196916266816948e-07
2.461538461538461320e+01 -3.162085144427172179e-05 1.764320492396295055e-07
2.482051282051282115e+01 -3.273500018589308710e-05 1.746229533232818004e-07
2.502564102564102555e+01 -4.015285520135548295e-05 2.242122611491641068e-07
2.523076923076922995e+01 -4.197648675148599304e-05 2.323616828236273996e-07
2.543589743589743435e+01 -4.300148439366811111e-05 2.079542968446826680e-07
2.564102564102563875e+01 -4.634821027548466425e-05 1.976957277784286399e-07
2.584615384615384670e+01 -4.766412457202590195e-05 1.862167756202098161e-07
2.605128205128205110e+01 -5.359326849642162918e-05 1.912348935685042551e-07
2.625641025641025550e+01 -5.845539851499987130e-05 2.165665960447087546e-07
2.646153846153845990e+01 -6.728894090282274679e-05 2.905439160215658002e-07
2.666666666666666430e+01 -8.297175550614966819e-05 4.007164192058851065e-07
2.687179487179487225e+01 -9.368093503001451280e-05 4.927102652373909671e-07
2.707692307692307665e+01 -1.012144554485005794e-04 4.732578781331270789e-07
2.728205128205128105e+01 -1.048253175411139953e-04 3.929931438806849772e-07
2.748717948717948545e+01 -1.138254406552437279e-04 4.167108797229194754e-07
2.769230769230768985e+01 -1.268709355720607510e-04 4.766892165114142775e-07
2.789743589743589780e+01 -1.427269927389656062e-04 6.267983763919894966e-07
2.810256410256410220e+01 -1.685422197391091108e-04 8.808435559785458467e-07
2.830769230769230660e+01 -2.062313875115568849e-04 1.295704169633982903e-06
2.851282051282051100e+01 -2.488876321995690528e-04 1.894615272105987495e-06
2.871794871794871540e+01 -2.975051594963445088e-04 2.533241762837870410e-06
2.892307692307692335e+01 -2.967704050274736025e-04 2.245224423748001125e-06
2.912820512820512775e+01 -3.085568196414963083e-04 2.185785568958290358e-06
2.933333333333333215e+01 -3.637881165827674544e-04 2.850577513458318017e-06
2.953846153846153655e+01 -4.603871226269317567e-04 4.252617235891732254e-06
2.974358974358974095e+01 -5.535292546300241839e-04 5.582414798921032086e-06
2.994871794871794890e+01 -5.603852266998519743e-04 5.221025022550307136e-06
3.015384615384615330e+01 -6.378955251669405106e-04 5.877167552437961203e-06
3.035897435897435770e+01 -6.344158648381256370e-04 5.016667289694363730e-06
3.056410256410256210e+01 -6.382542736812982101e-04 4.517777982633989905e-06
3.076923076923076650e+01 -6.460362156812482579e-04 4.047674296090269307e-06
3.097435897435897445e+01 -6.872600286454463425e-04 4.148940570577034197e-06
3.117948717948717885e+01 -7.283014514088042082e-04 4.916974596440988499e-06
3.138461538461538325e+01 -8.060674299885212894e-04 6.691233897817365642e-06
3.158974358974358765e+01 -8.743126247877260320e-04 8.815549318565750342e-06
3.179487179487179205e+01 -1.046776222380425619e-03 1.272418781949553380e-05
3.200000000000000000e+01 -1.281143360311405273e-03 1.788764472269843952e-05
3.220512820512820440e+01 -1.770173191364611109e-03 2.315726208707600213e-05
3.241025641025640880e+01 -1.938631977732269834e-03 2.674622258061307736e-05
3.261538461538461320e+01 -2.324964287734802675e-03 3.012441175216546641e-05
3.282051282051281760e+01 -3.099940929415726486e-03 3.038068192979667209e-05
3.302564102564102200e+01 -3.093906610284918954e-03 3.239438449264627374e-05
3.323076923076922640e+01 -3.890991943745682625e-03 3.317009300810713220e-05
3.343589743589743790e+01 -4.094103115122682199e-03 3.173756046232190212e-05
3.364102564102564230e+01 -4.766778868561608214e-03 4.030853347739899633e-05
3.384615384615384670e+01 -4.541373377995044577e-03 3.236146335621936432e-05
3.405128205128205110e+01 -5.118016766784968391e-03 3.465102908397180734e-05
3.425641025641025550e+01 -5.381142684724381578e-03 3.149672906649252563e-05
3.446153846153845990e+01 -5.650155252060603747e-03 2.833702926322530639e-05
3.466666666666666430e+01 -6.296074232276963750e-03 3.048462609561195145e-05
3.487179487179486870e+01 -7.296555793508231053e-03 3.511783506169565745e-05
3.507692307692307310e+01 -7.935479840883264552e-03 3.732369918633654906e-05
3.528205128205127750e+01 -8.491142470210251078e-03 3.670570652567000199e-05
3.548717948717948900e+01 -9.421477510965866123e-03 3.978301556641285913e-05
3.569230769230769340e+01 -9.576971818593489963e-03 3.393095861771504930e-05
3.589743589743589780e+01 -9.967150921720650467e-03 2.923469863820791879e-05
3.610256410256410220e+01 -1.129056766670817613e-02 3.065317968576734299e-05
3.630769230769230660e+01 -1.291708654059992023e-02 3.246777480998702952e-05
3.651282051282051100e+01 -1.421008300484984457e-02 3.159404539762775100e-05
3.671794871794871540e+01 -1.641439017940342013e-02 3.380668750982078989e-05
3.692307692307691980e+01 -1.879051175432918178e-02 3.343052517836887522e-05
3.712820512820512420e+01 -2.138582121130287728e-02 3.274428283896513628e-05
3.733333333333332860e+01 -2.507228237938775861e-02 3.124135830270675343e-05
3.753846153846154010e+01 -2.946762874359477868e-02 2.878321352146700929e-05
3.774358974358974450e+01 -3.568834826580770392e-02 2.861169984355927507e-05
3.794871794871794890e+01 -4.402745079330764449e-02 3.065439123695163043e-05
3.815384615384615330e+01 -5.436942729463083157e-02 3.273461970063225573e-05
3.835897435897435770e+01 -6.681582237482133757e-02 3.228978857670243389e-05
3.856410256410256210e+01 -8.289285313888640483e-02 3.183037648505983476e-05
3.876923076923076650e+01 -1.039907399843883473e-01 3.089562161809673342e-05
3.897435897435897090e+01 -1.314028529545867019e-01 2.908654962631939783e-05
3.917948717948717530e+01 -1.675780178506433571e-01 2.882126454629560985e-05
3.938461538461538680e+01 -2.170621839599435055e-01 3.148809396713175168e-05
3.958974358974359120e+01 -2.839831625769393963e-01 4.183491395132931729e-05
3.979487179487179560e+01 -3.755000052467565297e-01 6.831718977427557536e-05
4.000000000000000000e+01 -4.999999999999995004e-01 1.181216487805966588e-04
