0.000000000000000000e+00 -5.000000000000002220e-01 1.318098402932569441e-04
2.051282051282051211e-01 -4.126985156523959031e-01 1.070603514101852881e-04
4.102564102564102422e-01 -3.458436747666633337e-01 8.853900620014880688e-05
6.153846153846154188e-01 -2.944167053067288653e-01 7.478351652728262118e-05
8.205128205128204844e-01 -2.546321276201478634e-01 6.482844819167520305e-05
1.025641025641025550e+00 -2.233310712130228415e-01 5.736733175754726410e-05
1.230769230769230838e+00 -1.981147235955273422e-01 5.168352787060416108e-05
1.435897435897435903e+00 -1.785415221523820595e-01 4.763051675489040731e-05
1.641025641025640969e+00 -1.625781974553836828e-01 4.470943920511592903e-05
1.846153846153846034e+00 -1.496738467299195685e-01 4.264775720952404601e-05
2.051282051282051100e+00 -1.387347471551005351e-01 4.095070308212630437e-05
2.256410256410256387e+00 -1.293936317657168600e-01 3.920015946859341802e-05
2.461538461538461675e+00 -1.214779801673264159e-01 3.770352301935768306e-05
2.666666666666666519e+00 -1.148338807565964098e-01 3.654343765405038938e-05
2.871794871794871806e+00 -1.086210350900869148e-01 3.542406378448915657e-05
3.076923076923076650e+00 -1.034976574093063595e-01 3.468767691328458226e-05
3.282051282051281937e+00 -9.910008572045460318e-02 3.421789047972739176e-05
3.487179487179487225e+00 -9.509849311517820647e-02 3.364180656170010397e-05
3.692307692307692069e+00 -9.182591785642185700e-02 3.314730558629158853e-05
3.897435897435897356e+00 -8.913677162757702166e-02 3.275287199136325177e-05
4.102564102564102200e+00 -8.646372071804891979e-02 3.228467327190350417e-05
4.307692307692307487e+00 -8.375300524088893916e-02 3.179621172952385203e-05
4.512820512820512775e+00 -8.153283784490772401e-02 3.127306433216669296e-05
4.717948717948718063e+00 -7.947561658249485683e-02 3.067773353171844401e-05
4.923076923076923350e+00 -7.775925907661891678e-02 3.070226585872773130e-05
5.128205128205127750e+00 -7.621360735055847380e-02 3.064758370422792348e-05
5.333333333333333037e+00 -7.437828802238413695e-02 3.017357384896542723e-05
5.538461538461538325e+00 -7.260165768891105320e-02 2.950888546928053243e-05
5.743589743589743613e+00 -7.086444525112196857e-02 2.891062465677231140e-05
5.948717948717948900e+00 -6.954862494848212950e-02 2.860088223127125009e-05
6.153846153846153300e+00 -6.849114628320443487e-02 2.835382338781594825e-05
6.358974358974358587e+00 -6.749695578094289106e-02 2.825948074201367030e-05
6.564102564102563875e+00 -6.656578549768958630e-02 2.839895510535252199e-05
6.769230769230769162e+00 -6.568377288684848492e-02 2.850548787696025895e-05
6.974358974358974450e+00 -6.496503282094043263e-02 2.861596303188711831e-05
7.179487179487178850e+00 -6.414698425779964686e-02 2.865916916679424515e-05
7.384615384615384137e+00 -6.320060206633693056e-02 2.835108589395858537e-05
7.589743589743589425e+00 -6.207785123400501315e-02 2.778852161982450840e-05
7.794871794871794712e+00 -6.125472282792470552e-02 2.753475240338167519e-05
8.000000000000000000e+00 -6.041498131064125532e-02 2.736937368915465447e-05
8.205128205128204399e+00 -5.978451149234129125e-02 2.746645643765506119e-05
8.410256410256410575e+00 -5.893112843088929576e-02 2.747585033444294175e-05
8.615384615384614975e+00 -5.819574307921526746e-02 2.732326391755435772e-05
8.820512820512819374e+00 -5.741962265756389572e-02 2.708328183510643543e-05
9.025641025641025550e+00 -5.659133335565234152e-02 2.668853334786651501e-05
9.230769230769229949e+00 -5.560985909548148837e-02 2.611674802544885907e-05
9.435897435897436125e+00 -5.481681456902320893e-02 2.554501389515371140e-05
9.641025641025640525e+00 -5.428679258378757422e-02 2.549553338063262567e-05
9.846153846153846700e+00 -5.372180828608947439e-02 2.561260110259024070e-05
1.005128205128205110e+01 -5.320749235969698260e-02 2.567381867586270033e-05
1.025641025641025550e+01 -5.251102223120899387e-02 2.534098271976707115e-05
1.046153846153846168e+01 -5.218066374941418561e-02 2.572954279697502102e-05
1.066666666666666607e+01 -5.155656048781950135e-02 2.539873256082516168e-05
1.087179487179487225e+01 -5.103252692329986184e-02 2.531750914264221253e-05
1.107692307692307665e+01 -5.066431867950815099e-02 2.548568842752828539e-05
1.128205128205128105e+01 -5.024248875240232282e-02 2.536411555911985958e-05
1.148717948717948723e+01 -4.976749070354876542e-02 2.506504853070088611e-05
1.169230769230769162e+01 -4.947196754176799716e-02 2.487778512633343929e-05
1.189743589743589780e+01 -4.895086833407581717e-02 2.462519144387638573e-05
1.210256410256410220e+01 -4.834585156000498207e-02 2.447378812106098107e-05
1.230769230769230660e+01 -4.804592819440027529e-02 2.465426243364539336e-05
1.251282051282051277e+01 -4.776658866507070555e-02 2.510883366195555320e-05
1.271794871794871717e+01 -4.730826522604417161e-02 2.489308680768173346e-05
1.292307692307692335e+01 -4.678454537617025150e-02 2.460417277479463080e-05
1.312820512820512775e+01 -4.640995489449682709e-02 2.433996286475762679e-05
1.333333333333333215e+01 -4.593793875847063113e-02 2.380886336744002664e-05
1.353846153846153832e+01 -4.566467483994784970e-02 2.355670040439478374e-05
1.374358974358974272e+01 -4.565556009840850832e-02 2.378057587214102881e-05
1.394871794871794890e+01 -4.543282020314970415e-02 2.358634935548876280e-05
1.415384615384615330e+01 -4.536638760549523836e-02 2.365682703076293637e-05
1.435897435897435770e+01 -4.530590895384924155e-02 2.392749880809337093e-05
1.456410256410256387e+01 -4.513375230742259353e-02 2.423524188542293018e-05
1.476923076923076827e+01 -4.486791642237092370e-02 2.454610538543621252e-05
1.497435897435897445e+01 -4.473940044679824979e-02 2.458410404696910001e-05
1.517948717948717885e+01 -4.461300162357405286e-02 2.447574130009398045e-05
1.538461538461538325e+01 -4.436394988594104249e-02 2.445251742794675063e-05
1.558974358974358942e+01 -4.421522436930824806e-02 2.469915288162188085e-05
1.579487179487179382e+01 -4.372681946986757551e-02 2.417232465252506965e-05
1.600000000000000000e+01 -4.360878778479689716e-02 2.423951347831112933e-05
1.620512820512820440e+01 -4.322695197761027008e-02 2.368363091553267799e-05
1.641025641025640880e+01 -4.296714471831422633e-02 2.361421248663959265e-05
1.661538461538461320e+01 -4.271585994478681314e-02 2.338283626778021087e-05
1.682051282051282115e+01 -4.235410317756142795e-02 2.289918944371113074e-05
1.702564102564102555e+01 -4.237183933248102330e-02 2.306548583402077320e-05
1.723076923076922995e+01 -4.215300689900914471e-02 2.319357354689883719e-05
1.743589743589743435e+01 -4.195084449119249048e-02 2.306375276253950970e-05
1.764102564102563875e+01 -4.191779293160277642e-02 2.331121009903711359e-05
1.784615384615384670e+01 -4.183016967271825648e-02 2.336217130330977805e-05
1.805128205128205110e+01 -4.184199581742069352e-02 2.368606450223483171e-05
1.825641025641025550e+01 -4.197939671819804486e-02 2.383693485304535831e-05
1.846153846153845990e+01 -4.176120665394349174e-02 2.358620267951624423e-05
1.866666666666666430e+01 -4.156711727596121980e-02 2.359028555330922177e-05
1.887179487179487225e+01 -4.126342881263150852e-02 2.308542695228502279e-05
1.907692307692307665e+01 -4.109410663852112316e-02 2.250392884311363406e-05
1.928205128205128105e+01 -4.108294582651546289e-02 2.272525902841943796e-05
1.948717948717948545e+01 -4.116218644168097990e-02 2.311894060800885804e-05
1.969230769230769340e+01 -4.109205621616875137e-02 2.265313106938618768e-05
1.989743589743589780e+01 -4.104750468792281448e-02 2.284482707335104313e-05
2.010256410256410220e+01 -4.104750468792280754e-02 2.284482707335104313e-05
2.030769230769230660e+01 -4.109205621616890403e-02 2.265313106938619106e-05
2.051282051282051100e+01 -4.116218644168093133e-02 2.311894060800884448e-05
2.071794871794871895e+01 -4.108294582651550453e-02 2.272525902841943796e-05
2.092307692307692335e+01 -4.109410663852116480e-02 2.250392884311364761e-05
2.112820512820512775e+01 -4.126342881263142526e-02 2.308542695228502279e-05
2.133333333333333215e+01 -4.156711727596118511e-02 2.359028555330922177e-05
2.153846153846153655e+01 -4.176120665394340847e-02 2.358620267951626456e-05
2.174358974358974450e+01 -4.197939671819811425e-02 2.383693485304537186e-05
2.194871794871794890e+01 -4.184199581742070045e-02 2.368606450223483510e-05
2.215384615384615330e+01 -4.183016967271815240e-02 2.336217130330976789e-05
2.235897435897435770e+01 -4.191779293160278336e-02 2.331121009903710004e-05
2.256410256410256210e+01 -4.195084449119257375e-02 2.306375276253952664e-05
2.276923076923077005e+01 -4.215300689900913778e-02 2.319357354689884058e-05
2.297435897435897445e+01 -4.237183933248100942e-02 2.306548583402078675e-05
2.317948717948717885e+01 -4.235410317756155285e-02 2.289918944371115107e-05
2.338461538461538325e+01 -4.271585994478670906e-02 2.338283626778023798e-05
2.358974358974358765e+01 -4.296714471831412918e-02 2.361421248663961298e-05
2.379487179487179560e+01 -4.322695197761029090e-02 2.368363091553268477e-05
2.400000000000000000e+01 -4.360878778479686246e-02 2.423951347831113611e-05
2.420512820512820440e+01 -4.372681946986765184e-02 2.417232465252507642e-05
2.441025641025640880e+01 -4.421522436930820643e-02 2.469915288162187407e-05
2.461538461538461320e+01 -4.436394988594108413e-02 2.445251742794672352e-05
2.482051282051282115e+01 -4.461300162357408061e-02 2.447574130009396690e-05
2.502564102564102555e+01 -4.473940044679823591e-02 2.458410404696907968e-05
2.523076923076922995e+01 -4.486791642237099309e-02 2.454610538543619558e-05
2.543589743589743435e+01 -4.513375230742257271e-02 2.423524188542293018e-05
2.564102564102563875e+01 -4.530590895384918604e-02 2.392749880809337093e-05
2.584615384615384670e+01 -4.536638760549531468e-02 2.365682703076294315e-05
2.605128205128205110e+01 -4.543282020314972497e-02 2.358634935548875941e-05
2.625641025641025550e+01 -4.565556009840844587e-02 2.378057587214104236e-05
2.646153846153845990e+01 -4.566467483994783583e-02 2.355670040439477697e-05
2.666666666666666430e+01 -4.593793875847067276e-02 2.380886336744001647e-05
2.687179487179487225e+01 -4.640995489449679934e-02 2.433996286475763018e-05
2.707692307692307665e+01 -4.678454537617034170e-02 2.460417277479463419e-05
2.728205128205128105e+01 -4.730826522604401896e-02 2.489308680768175040e-05
2.748717948717948545e+01 -4.776658866507059453e-02 2.510883366195556675e-05
2.769230769230768985e+01 -4.804592819440035856e-02 2.465426243364541030e-05
2.789743589743589780e+01 -4.834585156000494044e-02 2.447378812106101157e-05
2.810256410256410220e+01 -4.895086833407584492e-02 2.462519144387637557e-05
2.830769230769230660e+01 -4.947196754176794165e-02 2.487778512633344606e-05
2.851282051282051100e+01 -4.976749070354874460e-02 2.506504853070088949e-05
2.871794871794871540e+01 -5.024248875240233669e-02 2.536411555911982570e-05
2.892307692307692335e+01 -5.066431867950831058e-02 2.548568842752826506e-05
2.912820512820512775e+01 -5.103252692329977164e-02 2.531750914264219220e-05
2.933333333333333215e+01 -5.155656048781940420e-02 2.539873256082516168e-05
2.953846153846153655e+01 -5.218066374941417174e-02 2.572954279697499053e-05
2.974358974358974095e+01 -5.251102223120904244e-02 2.534098271976705760e-05
2.994871794871794890e+01 -5.320749235969701729e-02 2.567381867586271727e-05
3.015384615384615330e+01 -5.372180828608945358e-02 2.561260110259024070e-05
3.035897435897435770e+01 -5.428679258378744932e-02 2.549553338063263584e-05
3.056410256410256210e+01 -5.481681456902322280e-02 2.554501389515373172e-05
3.076923076923076650e+01 -5.560985909548143286e-02 2.611674802544884552e-05
3.097435897435897445e+01 -5.659133335565237621e-02 2.668853334786650485e-05
3.117948717948717885e+01 -5.741962265756399286e-02 2.708328183510642865e-05
3.138461538461538325e+01 -5.819574307921515643e-02 2.732326391755438821e-05
3.158974358974358765e+01 -5.893112843088933739e-02 2.747585033444292481e-05
3.179487179487179205e+01 -5.978451149234131901e-02 2.746645643765505780e-05
3.200000000000000000e+01 -6.041498131064133165e-02 2.736937368915468157e-05
3.220512820512820440e+01 -6.125472282792457368e-02 2.753475240338168874e-05
3.241025641025640880e+01 -6.207785123400509641e-02 2.778852161982451517e-05
3.261538461538461320e+01 -6.320060206633676403e-02 2.835108589395859215e-05
3.282051282051281760e+01 -6.414698425779956359e-02 2.865916916679425193e-05
3.302564102564102200e+01 -6.496503282094054366e-02 2.861596303188710137e-05
3.323076923076922640e+01 -6.568377288684848492e-02 2.850548787696024201e-05
3.343589743589743790e+01 -6.656578549768955855e-02 2.839895510535250843e-05
3.364102564102564230e+01 -6.749695578094301596e-02 2.825948074201366014e-05
3.384615384615384670e+01 -6.849114628320439324e-02 2.835382338781595503e-05
3.405128205128205110e+01 -6.954862494848232379e-02 2.860088223127124331e-05
3.425641025641025550e+01 -7.086444525112187143e-02 2.891062465677235883e-05
3.446153846153845990e+01 -7.260165768891083116e-02 2.950888546928053582e-05
3.466666666666666430e+01 -7.437828802238408143e-02 3.017357384896545433e-05
3.487179487179486870e+01 -7.621360735055834890e-02 3.064758370422795058e-05
3.507692307692307310e+01 -7.775925907661904168e-02 3.070226585872769742e-05
3.528205128205127750e+01 -7.947561658249492622e-02 3.067773353171844401e-05
3.548717948717948900e+01 -8.153283784490780728e-02 3.127306433216663875e-05
3.569230769230769340e+01 -8.375300524088891141e-02 3.179621172952381137e-05
3.589743589743589780e+01 -8.646372071804896142e-02 3.228467327190347028e-05
3.610256410256410220e+01 -8.913677162757699390e-02 3.275287199136324499e-05
3.630769230769230660e+01 -9.182591785642188476e-02 3.314730558629160886e-05
3.651282051282051100e+01 -9.509849311517822035e-02 3.364180656170014463e-05
3.671794871794871540e+01 -9.910008572045436726e-02 3.421789047972739176e-05
3.692307692307691980e+01 -1.034976574093062207e-01 3.468767691328455516e-05
3.712820512820512420e+01 -1.086210350900870814e-01 3.542406378448918368e-05
3.733333333333332860e+01 -1.148338807565964237e-01 3.654343765405040971e-05
3.753846153846154010e+01 -1.214779801673266796e-01 3.770352301935773727e-05
3.774358974358974450e+01 -1.293936317657169432e-01 3.920015946859339091e-05
3.794871794871794890e+01 -1.387347471551004241e-01 4.095070308212637891e-05
3.815384615384615330e+01 -1.496738467299196795e-01 4.264775720952408667e-05
3.835897435897435770e+01 -1.625781974553835996e-01 4.470943920511596969e-05
3.856410256410256210e+01 -1.785415221523821150e-01 4.763051675489044119e-05
3.876923076923076650e+01 -1.981147235955272867e-01 5.168352787060421529e-05
3.897435897435897090e+01 -2.233310712130226194e-01 5.736733175754728443e-05
3.917948717948717530e+01 -2.546321276201479744e-01 6.482844819167521660e-05
3.938461538461538680e+01 -2.944167053067290873e-01 7.478351652728264828e-05
3.958974358974359120e+01 -3.458436747666632227e-01 8.853900620014886109e-05
3.979487179487179560e+01 -4.126985156523959586e-01 1.070603514101852610e-04
4.000000000000000000e+01 -4.999999999999997780e-01 1.318098402932569441e-04
