0.000000000000000000e+00 -4.999999999999999445e-01 8.801422213413861279e-05
2.051282051282051211e-01 -4.321747130554871585e-01 7.420357227996834883e-05
4.102564102564102422e-01 -3.784908033767587776e-01 6.368824306615681935e-05
6.153846153846154188e-01 -3.354149497134458757e-01 5.576541364255666825e-05
8.205128205128204844e-01 -3.006429533288402789e-01 4.955484010655323266e-05
1.025641025641025550e+00 -2.720695779339319942e-01 4.471630009250502800e-05
1.230769230769230838e+00 -2.482796756732774113e-01 4.081704210988049586e-05
1.435897435897435903e+00 -2.287112733739393999e-01 3.792178996740077761e-05
1.641025641025640969e+00 -2.122555187567921886e-01 3.553567486363915846e-05
1.846153846153846034e+00 -1.981215363469673030e-01 3.356048731916447031e-05
2.051282051282051100e+00 -1.858431891194774477e-01 3.184308807714660949e-05
2.256410256410256387e+00 -1.752627673473171888e-01 3.061466201702624267e-05
2.461538461538461675e+00 -1.660146977021558778e-01 2.945171162889658422e-05
2.666666666666666519e+00 -1.578980459598453012e-01 2.842125361526765318e-05
2.871794871794871806e+00 -1.506046251329527241e-01 2.722998781457713799e-05
3.076923076923076650e+00 -1.439540173825535341e-01 2.616130066979656453e-05
3.282051282051281937e+00 -1.381253829712400794e-01 2.532332835982289455e-05
3.487179487179487225e+00 -1.328902963676730775e-01 2.458509356060654063e-05
3.692307692307692069e+00 -1.283353233350225941e-01 2.400264043338772339e-05
3.897435897435897356e+00 -1.240654653114710293e-01 2.346596706987909162e-05
4.102564102564102200e+00 -1.200381924197845146e-01 2.289071902678089772e-05
4.307692307692307487e+00 -1.160732918296642074e-01 2.213420547211170515e-05
4.512820512820512775e+00 -1.124560799104479397e-01 2.151654807950536630e-05
4.717948717948718063e+00 -1.090492893973443733e-01 2.098207357096099263e-05
4.923076923076923350e+00 -1.059887845761720293e-01 2.057209431107373014e-05
5.128205128205127750e+00 -1.031980234121419593e-01 2.019284735780131580e-05
5.333333333333333037e+00 -1.005036341078614226e-01 1.976317620463502358e-05
5.538461538461538325e+00 -9.797001313113773424e-02 1.941548381351749088e-05
5.743589743589743613e+00 -9.551519179686307481e-02 1.903178648302793582e-05
5.948717948717948900e+00 -9.318623791941407775e-02 1.871367125321145064e-05
6.153846153846153300e+00 -9.112455727325494137e-02 1.849196487160657923e-05
6.358974358974358587e+00 -8.931864080687013097e-02 1.836126015268210054e-05
6.564102564102563875e+00 -8.757444197006333808e-02 1.817101293267158201e-05
6.769230769230769162e+00 -8.587791772239124211e-02 1.794069643421760150e-05
6.974358974358974450e+00 -8.439435287368818317e-02 1.773172421848319118e-05
7.179487179487178850e+00 -8.292217564619536185e-02 1.755909820494285439e-05
7.384615384615384137e+00 -8.127215037172280665e-02 1.733607988552773933e-05
7.589743589743589425e+00 -7.977101977047622305e-02 1.726736997035069722e-05
7.794871794871794712e+00 -7.827365467037811220e-02 1.704179412021473799e-05
8.000000000000000000e+00 -7.675971488856100922e-02 1.680444927933430032e-05
8.205128205128204399e+00 -7.526639863928891172e-02 1.653265707297620573e-05
8.410256410256410575e+00 -7.373005440325056115e-02 1.610687951853260704e-05
8.615384615384614975e+00 -7.232938113364748012e-02 1.576961711887458123e-05
8.820512820512819374e+00 -7.115350889970882553e-02 1.557044701762882690e-05
9.025641025641025550e+00 -7.005100680859541185e-02 1.551295207363216828e-05
9.230769230769229949e+00 -6.896612845028655958e-02 1.540193905612033298e-05
9.435897435897436125e+00 -6.786659249642996994e-02 1.517643340369867705e-05
9.641025641025640525e+00 -6.678184884920425335e-02 1.493270430191186614e-05
9.846153846153846700e+00 -6.576750140266707234e-02 1.488980897802780163e-05
1.005128205128205110e+01 -6.480313212491747854e-02 1.481184071092675556e-05
1.025641025641025550e+01 -6.384167651812980293e-02 1.467105017536105226e-05
1.046153846153846168e+01 -6.296953606475552689e-02 1.450704756644297721e-05
1.066666666666666607e+01 -6.206095087975438407e-02 1.437952836890765480e-05
1.087179487179487225e+01 -6.127919146159739594e-02 1.433054648464128855e-05
1.107692307692307665e+01 -6.044371893260790107e-02 1.408604671201120237e-05
1.128205128205128105e+01 -5.966174559033153579e-02 1.382575314637391244e-05
1.148717948717948723e+01 -5.899929691318858693e-02 1.360084763726343930e-05
1.169230769230769162e+01 -5.846250784917491478e-02 1.350307441789166840e-05
1.189743589743589780e+01 -5.798633231506550301e-02 1.343011245632295232e-05
1.210256410256410220e+01 -5.740154347345854946e-02 1.331623799533755148e-05
1.230769230769230660e+01 -5.683123023029369725e-02 1.321532483446056866e-05
1.251282051282051277e+01 -5.632706462650054202e-02 1.321048208842827025e-05
1.271794871794871717e+01 -5.589010790819416707e-02 1.333656090176183739e-05
1.292307692307692335e+01 -5.556147294198764131e-02 1.336077873737080762e-05
1.312820512820512775e+01 -5.508446705833175416e-02 1.331464521982990614e-05
1.333333333333333215e+01 -5.456794974273689036e-02 1.317285470196060611e-05
1.353846153846153832e+01 -5.400656262261510632e-02 1.299878121729503672e-05
1.374358974358974272e+01 -5.359315234091421853e-02 1.287918352295680208e-05
1.394871794871794890e+01 -5.321074000143800192e-02 1.275764861393251350e-05
1.415384615384615330e+01 -5.280771070337494238e-02 1.263206635330483272e-05
1.435897435897435770e+01 -5.235040216855690876e-02 1.246085072465965906e-05
1.456410256410256387e+01 -5.197209255472640121e-02 1.235366857781316161e-05
1.476923076923076827e+01 -5.150278801022854791e-02 1.220609516536398196e-05
1.497435897435897445e+01 -5.116600112650737664e-02 1.226141495892032701e-05
1.517948717948717885e+01 -5.093792989366183188e-02 1.235601595524168339e-05
1.538461538461538325e+01 -5.064568577978120767e-02 1.227062903418479290e-05
1.558974358974358942e+01 -5.049343753903056536e-02 1.234325473703261550e-05
1.579487179487179382e+01 -5.038513678703981924e-02 1.236401813555170723e-05
1.600000000000000000e+01 -5.025932117633685747e-02 1.240903576895784291e-05
1.620512820512820440e+01 -5.023841511378664137e-02 1.263347443793121167e-05
1.641025641025640880e+01 -5.012282904164809538e-02 1.279870172585022305e-05
1.661538461538461320e+01 -4.993644253878637418e-02 1.286072597575945509e-05
1.682051282051282115e+01 -4.966953117936076523e-02 1.274706365100455351e-05
1.702564102564102555e+01 -4.947672112991273463e-02 1.274306055818337955e-05
1.723076923076922995e+01 -4.938792937253883020e-02 1.278246438351804290e-05
1.743589743589743435e+01 -4.915592593183352316e-02 1.259783894995744247e-05
1.764102564102563875e+01 -4.905030771363144693e-02 1.249342260449856268e-05
1.784615384615384670e+01 -4.899190680310030327e-02 1.245023508691966882e-05
1.805128205128205110e+01 -4.886060821782941405e-02 1.239753880224933456e-05
1.825641025641025550e+01 -4.872249537718911783e-02 1.245399362906385038e-05
1.846153846153845990e+01 -4.861150746730746181e-02 1.261297043704920118e-05
1.866666666666666430e+01 -4.839220674879562284e-02 1.270387907122384077e-05
1.887179487179487225e+01 -4.843935719807848650e-02 1.299542535379750617e-05
1.907692307692307665e+01 -4.838815408165375587e-02 1.300495107426752792e-05
1.928205128205128105e+01 -4.830086672563696504e-02 1.304167410174419465e-05
1.948717948717948545e+01 -4.817166913661360961e-02 1.302693698088299167e-05
1.969230769230769340e+01 -4.802903164365208977e-02 1.293111187109870404e-05
1.989743589743589780e+01 -4.790892602694907243e-02 1.282922238704621404e-05
2.010256410256410220e+01 -4.790892602694923896e-02 1.282922238704621234e-05
2.030769230769230660e+01 -4.802903164365217303e-02 1.293111187109871759e-05
2.051282051282051100e+01 -4.817166913661360267e-02 1.302693698088299336e-05
2.071794871794871895e+01 -4.830086672563688871e-02 1.304167410174421159e-05
2.092307692307692335e+01 -4.838815408165385301e-02 1.300495107426753131e-05
2.112820512820512775e+01 -4.843935719807847956e-02 1.299542535379750278e-05
2.133333333333333215e+01 -4.839220674879556039e-02 1.270387907122385093e-05
2.153846153846153655e+01 -4.861150746730748262e-02 1.261297043704920457e-05
2.174358974358974450e+01 -4.872249537718914558e-02 1.245399362906383852e-05
2.194871794871794890e+01 -4.886060821782930996e-02 1.239753880224935827e-05
2.215384615384615330e+01 -4.899190680310035184e-02 1.245023508691965865e-05
2.235897435897435770e+01 -4.905030771363136366e-02 1.249342260449855591e-05
2.256410256410256210e+01 -4.915592593183352316e-02 1.259783894995744925e-05
2.276923076923077005e+01 -4.938792937253885795e-02 1.278246438351803612e-05
2.297435897435897445e+01 -4.947672112991274851e-02 1.274306055818337955e-05
2.317948717948717885e+01 -4.966953117936078604e-02 1.274706365100456367e-05
2.338461538461538325e+01 -4.993644253878624928e-02 1.286072597575945678e-05
2.358974358974358765e+01 -5.012282904164812314e-02 1.279870172585022136e-05
2.379487179487179560e+01 -5.023841511378654423e-02 1.263347443793123878e-05
2.400000000000000000e+01 -5.025932117633684360e-02 1.240903576895783275e-05
2.420512820512820440e+01 -5.038513678703956250e-02 1.236401813555171570e-05
2.441025641025640880e+01 -5.049343753903062781e-02 1.234325473703260195e-05
2.461538461538461320e+01 -5.064568577978124930e-02 1.227062903418478951e-05
2.482051282051282115e+01 -5.093792989366183188e-02 1.235601595524169017e-05
2.502564102564102555e+01 -5.116600112650743215e-02 1.226141495892032701e-05
2.523076923076922995e+01 -5.150278801022854791e-02 1.220609516536401923e-05
2.543589743589743435e+01 -5.197209255472626244e-02 1.235366857781317516e-05
2.564102564102563875e+01 -5.235040216855692263e-02 1.246085072465967261e-05
2.584615384615384670e+01 -5.280771070337487993e-02 1.263206635330484288e-05
2.605128205128205110e+01 -5.321074000143816152e-02 1.275764861393252027e-05
2.625641025641025550e+01 -5.359315234091421160e-02 1.287918352295679700e-05
2.646153846153845990e+01 -5.400656262261505774e-02 1.299878121729501640e-05
2.666666666666666430e+01 -5.456794974273694587e-02 1.317285470196060949e-05
2.687179487179487225e+01 -5.508446705833169865e-02 1.331464521982991123e-05
2.707692307692307665e+01 -5.556147294198761355e-02 1.336077873737079576e-05
2.728205128205128105e+01 -5.589010790819400054e-02 1.333656090176183400e-05
2.748717948717948545e+01 -5.632706462650051427e-02 1.321048208842824992e-05
2.769230769230768985e+01 -5.683123023029371113e-02 1.321532483446057036e-05
2.789743589743589780e+01 -5.740154347345861191e-02 1.331623799533755825e-05
2.810256410256410220e+01 -5.798633231506541974e-02 1.343011245632293876e-05
2.830769230769230660e+01 -5.846250784917482457e-02 1.350307441789166162e-05
2.851282051282051100e+01 -5.899929691318858693e-02 1.360084763726344099e-05
2.871794871794871540e+01 -5.966174559033153579e-02 1.382575314637390736e-05
2.892307692307692335e+01 -6.044371893260785944e-02 1.408604671201119052e-05
2.912820512820512775e+01 -6.127919146159743063e-02 1.433054648464127500e-05
2.933333333333333215e+01 -6.206095087975425917e-02 1.437952836890764125e-05
2.953846153846153655e+01 -6.296953606475561016e-02 1.450704756644299076e-05
2.974358974358974095e+01 -6.384167651812969191e-02 1.467105017536105056e-05
2.994871794871794890e+01 -6.480313212491742303e-02 1.481184071092676573e-05
3.015384615384615330e+01 -6.576750140266721112e-02 1.488980897802780502e-05
3.035897435897435770e+01 -6.678184884920421172e-02 1.493270430191185089e-05
3.056410256410256210e+01 -6.786659249643006708e-02 1.517643340369867027e-05
3.076923076923076650e+01 -6.896612845028665673e-02 1.540193905612032281e-05
3.097435897435897445e+01 -7.005100680859538409e-02 1.551295207363217506e-05
3.117948717948717885e+01 -7.115350889970886716e-02 1.557044701762880996e-05
3.138461538461538325e+01 -7.232938113364736910e-02 1.576961711887456768e-05
3.158974358974358765e+01 -7.373005440325058890e-02 1.610687951853260027e-05
3.179487179487179205e+01 -7.526639863928902274e-02 1.653265707297620911e-05
3.200000000000000000e+01 -7.675971488856099534e-02 1.680444927933430032e-05
3.220512820512820440e+01 -7.827365467037805669e-02 1.704179412021472782e-05
3.241025641025640880e+01 -7.977101977047620918e-02 1.726736997035068367e-05
3.261538461538461320e+01 -8.127215037172275114e-02 1.733607988552770884e-05
3.282051282051281760e+01 -8.292217564619525083e-02 1.755909820494286116e-05
3.302564102564102200e+01 -8.439435287368832195e-02 1.773172421848315730e-05
3.323076923076922640e+01 -8.587791772239125598e-02 1.794069643421758795e-05
3.343589743589743790e+01 -8.757444197006331033e-02 1.817101293267158878e-05
3.364102564102564230e+01 -8.931864080687018648e-02 1.836126015268206327e-05
3.384615384615384670e+01 -9.112455727325492749e-02 1.849196487160656568e-05
3.405128205128205110e+01 -9.318623791941404999e-02 1.871367125321146758e-05
3.425641025641025550e+01 -9.551519179686297767e-02 1.903178648302792565e-05
3.446153846153845990e+01 -9.797001313113752607e-02 1.941548381351747393e-05
3.466666666666666430e+01 -1.005036341078613948e-01 1.976317620463501681e-05
3.487179487179486870e+01 -1.031980234121417928e-01 2.019284735780130902e-05
3.507692307692307310e+01 -1.059887845761720848e-01 2.057209431107370981e-05
3.528205128205127750e+01 -1.090492893973445260e-01 2.098207357096097908e-05
3.548717948717948900e+01 -1.124560799104479814e-01 2.151654807950533919e-05
3.569230769230769340e+01 -1.160732918296641658e-01 2.213420547211168482e-05
3.589743589743589780e+01 -1.200381924197845285e-01 2.289071902678092483e-05
3.610256410256410220e+01 -1.240654653114708905e-01 2.346596706987908823e-05
3.630769230769230660e+01 -1.283353233350225941e-01 2.400264043338774372e-05
3.651282051282051100e+01 -1.328902963676729110e-01 2.458509356060653724e-05
3.671794871794871540e+01 -1.381253829712398296e-01 2.532332835982292844e-05
3.692307692307691980e+01 -1.439540173825534231e-01 2.616130066979655775e-05
3.712820512820512420e+01 -1.506046251329529184e-01 2.722998781457712443e-05
3.733333333333332860e+01 -1.578980459598453012e-01 2.842125361526765657e-05
3.753846153846154010e+01 -1.660146977021560999e-01 2.945171162889657066e-05
3.774358974358974450e+01 -1.752627673473172443e-01 3.061466201702617491e-05
3.794871794871794890e+01 -1.858431891194772811e-01 3.184308807714661627e-05
3.815384615384615330e+01 -1.981215363469674418e-01 3.356048731916444320e-05
3.835897435897435770e+01 -2.122555187567920498e-01 3.553567486363914490e-05
3.856410256410256210e+01 -2.287112733739392612e-01 3.792178996740077084e-05
3.876923076923076650e+01 -2.482796756732771892e-01 4.081704210988050264e-05
3.897435897435897090e+01 -2.720695779339316056e-01 4.471630009250500090e-05
3.917948717948717530e+01 -3.006429533288403344e-01 4.955484010655325977e-05
3.938461538461538680e+01 -3.354149497134460978e-01 5.576541364255657338e-05
3.958974358974359120e+01 -3.784908033767586666e-01 6.368824306615676514e-05
3.979487179487179560e+01 -4.321747130554871585e-01 7.420357227996832172e-05
4.000000000000000000e+01 -5.000000000000000000e-01 8.801422213413861279e-05
