0.000000000000000000e+00 -5.000000000000001110e-01 1.108450433689107305e-04
2.051282051282051211e-01 -4.212468939052174677e-01 9.131314913627568749e-05
4.102564102564102422e-01 -3.607397021453587205e-01 7.697935676414944172e-05
6.153846153846154188e-01 -3.133080662858320764e-01 6.664392664107232417e-05
8.205128205128204844e-01 -2.757864126892715095e-01 5.888246355321181009e-05
1.025641025641025550e+00 -2.458017001818684488e-01 5.281585232632196266e-05
1.230769230769230838e+00 -2.217013824730229288e-01 4.835741786347247308e-05
1.435897435897435903e+00 -2.023880289543518729e-01 4.498038979144078960e-05
1.641025641025640969e+00 -1.864095245073257301e-01 4.229027517134769309e-05
1.846153846153846034e+00 -1.732691808655777987e-01 3.991873781387797948e-05
2.051282051282051100e+00 -1.622883344132041161e-01 3.794294792989471861e-05
2.256410256410256387e+00 -1.527351639905056291e-01 3.643200867459175864e-05
2.461538461538461675e+00 -1.446227565371864809e-01 3.534015455586193442e-05
2.666666666666666519e+00 -1.376902198613031703e-01 3.460140162463317109e-05
2.871794871794871806e+00 -1.315731496427439140e-01 3.439748079205044202e-05
3.076923076923076650e+00 -1.259897529830707741e-01 3.443190606898226280e-05
3.282051282051281937e+00 -1.207725172641894162e-01 3.290502178135755820e-05
3.487179487179487225e+00 -1.159377781804297181e-01 3.154329294427663064e-05
3.692307692307692069e+00 -1.119127080047680467e-01 3.132826889106004817e-05
3.897435897435897356e+00 -1.082557613866301921e-01 3.150101204665280776e-05
4.102564102564102200e+00 -1.047556310464620444e-01 3.092070672207823353e-05
4.307692307692307487e+00 -1.014013797249821158e-01 3.044530263872456739e-05
4.512820512820512775e+00 -9.854555085642432988e-02 2.984367348008863159e-05
4.717948717948718063e+00 -9.589226866402417171e-02 2.890219584356880494e-05
4.923076923076923350e+00 -9.353301700413153841e-02 2.811153178737872910e-05
5.128205128205127750e+00 -9.141275206677093590e-02 2.765457548000642505e-05
5.333333333333333037e+00 -8.930584226172458284e-02 2.680341186312815719e-05
5.538461538461538325e+00 -8.744689355057219671e-02 2.644588886957163426e-05
5.743589743589743613e+00 -8.562971660289851739e-02 2.603442438055890459e-05
5.948717948717948900e+00 -8.386307456559269347e-02 2.547143036753553777e-05
6.153846153846153300e+00 -8.222782821691640431e-02 2.515335095649186948e-05
6.358974358974358587e+00 -8.064410745075774323e-02 2.479567551528707455e-05
6.564102564102563875e+00 -7.925353392677704500e-02 2.445331534006936215e-05
6.769230769230769162e+00 -7.790606236491684489e-02 2.410383708823433696e-05
6.974358974358974450e+00 -7.656494590836697423e-02 2.396803224567239156e-05
7.179487179487178850e+00 -7.533500323885075622e-02 2.383243098989076733e-05
7.384615384615384137e+00 -7.429318526029771164e-02 2.381892781440318876e-05
7.589743589743589425e+00 -7.307029828239142155e-02 2.354025482599859137e-05
7.794871794871794712e+00 -7.217175987820692584e-02 2.349374666649810760e-05
8.000000000000000000e+00 -7.106646616486453349e-02 2.330782175024602768e-05
8.205128205128204399e+00 -6.996141924800866607e-02 2.310885689777838407e-05
8.410256410256410575e+00 -6.886010546910796559e-02 2.271418539002638919e-05
8.615384615384614975e+00 -6.765188175336289689e-02 2.223219609867710497e-05
8.820512820512819374e+00 -6.657303384471766061e-02 2.199582756281984847e-05
9.025641025641025550e+00 -6.555815752033304633e-02 2.166923479265499955e-05
9.230769230769229949e+00 -6.457184792158385256e-02 2.152852604711107815e-05
9.435897435897436125e+00 -6.362706326640968357e-02 2.123690891685683276e-05
9.641025641025640525e+00 -6.262845604891899287e-02 2.077459287235728155e-05
9.846153846153846700e+00 -6.158941264948475380e-02 2.036680036182690438e-05
1.005128205128205110e+01 -6.056909064363127926e-02 2.008916129709903295e-05
1.025641025641025550e+01 -5.963803668718694467e-02 2.025295669865671581e-05
1.046153846153846168e+01 -5.863362678387702698e-02 1.997794026418280001e-05
1.066666666666666607e+01 -5.760586768926420631e-02 1.949676392266662471e-05
1.087179487179487225e+01 -5.693736780387431695e-02 1.940821336956911176e-05
1.107692307692307665e+01 -5.642312103277492830e-02 1.922347163761750584e-05
1.128205128205128105e+01 -5.587066620066193090e-02 1.928765467896606831e-05
1.148717948717948723e+01 -5.547402743826838206e-02 1.939221271216481733e-05
1.169230769230769162e+01 -5.514453940951056371e-02 1.951773646439831518e-05
1.189743589743589780e+01 -5.493533940910307750e-02 1.979620467947951299e-05
1.210256410256410220e+01 -5.461341502498921752e-02 1.990218691183086167e-05
1.230769230769230660e+01 -5.421140180027715638e-02 2.011131050132041639e-05
1.251282051282051277e+01 -5.366500276286050725e-02 2.005527132559684072e-05
1.271794871794871717e+01 -5.318509184508612986e-02 2.002628977403858021e-05
1.292307692307692335e+01 -5.266770774118026410e-02 1.997118515045769174e-05
1.312820512820512775e+01 -5.226262315149393656e-02 2.030375322616825447e-05
1.333333333333333215e+01 -5.186306254573451457e-02 2.068753505315772148e-05
1.353846153846153832e+01 -5.137375383523386935e-02 2.050700663765136131e-05
1.374358974358974272e+01 -5.101638502173008738e-02 2.019084608955086670e-05
1.394871794871794890e+01 -5.062860883765990527e-02 1.997223088571726082e-05
1.415384615384615330e+01 -5.018010947310481279e-02 1.905179583754511007e-05
1.435897435897435770e+01 -4.974721807593945194e-02 1.841762374408898866e-05
1.456410256410256387e+01 -4.945239339355189667e-02 1.835267661769100339e-05
1.476923076923076827e+01 -4.912291475149850595e-02 1.830016141951693113e-05
1.497435897435897445e+01 -4.887598318645446083e-02 1.828941287575504938e-05
1.517948717948717885e+01 -4.861114073097555499e-02 1.808177365443419562e-05
1.538461538461538325e+01 -4.823267481349852170e-02 1.783780230264972997e-05
1.558974358974358942e+01 -4.784966559475523767e-02 1.748544544687547400e-05
1.579487179487179382e+01 -4.771634742055103073e-02 1.760453944351791385e-05
1.600000000000000000e+01 -4.754616057067142382e-02 1.755389429052947015e-05
1.620512820512820440e+01 -4.738871057117019503e-02 1.714604297818709823e-05
1.641025641025640880e+01 -4.734100586373687913e-02 1.709520433945839728e-05
1.661538461538461320e+01 -4.737321493642010495e-02 1.730833426850887299e-05
1.682051282051282115e+01 -4.739156295139630715e-02 1.749697713098325298e-05
1.702564102564102555e+01 -4.740233362962385788e-02 1.791200228735231501e-05
1.723076923076922995e+01 -4.730758362687721708e-02 1.792356928740952845e-05
1.743589743589743435e+01 -4.721329185169802212e-02 1.778324504971333185e-05
1.764102564102563875e+01 -4.721408648914277029e-02 1.795955919653329847e-05
1.784615384615384670e+01 -4.743744888073794103e-02 1.851053766412341216e-05
1.805128205128205110e+01 -4.753144435881487273e-02 1.863805820619231430e-05
1.825641025641025550e+01 -4.764971862903916860e-02 1.874534175500818813e-05
1.846153846153845990e+01 -4.765974054425028972e-02 1.899190770139234322e-05
1.866666666666666430e+01 -4.761014177810873882e-02 1.905152339785317955e-05
1.887179487179487225e+01 -4.767712309534954951e-02 1.929546308822583772e-05
1.907692307692307665e+01 -4.765756953456742884e-02 1.964565125731590719e-05
1.928205128205128105e+01 -4.747686413644072734e-02 1.938276994965209540e-05
1.948717948717948545e+01 -4.740359955180907525e-02 1.908259849424780445e-05
1.969230769230769340e+01 -4.743408419342137750e-02 1.925194927362414277e-05
1.989743589743589780e+01 -4.726573604887539248e-02 1.893991168825341422e-05
2.010256410256410220e+01 -4.726573604887543412e-02 1.893991168825340406e-05
2.030769230769230660e+01 -4.743408419342124566e-02 1.925194927362413938e-05
2.051282051282051100e+01 -4.740359955180914464e-02 1.908259849424780445e-05
2.071794871794871895e+01 -4.747686413644072734e-02 1.938276994965210557e-05
2.092307692307692335e+01 -4.765756953456729006e-02 1.964565125731591736e-05
2.112820512820512775e+01 -4.767712309534970216e-02 1.929546308822584449e-05
2.133333333333333215e+01 -4.761014177810862780e-02 1.905152339785318633e-05
2.153846153846153655e+01 -4.765974054425027584e-02 1.899190770139237372e-05
2.174358974358974450e+01 -4.764971862903921718e-02 1.874534175500819491e-05
2.194871794871794890e+01 -4.753144435881485885e-02 1.863805820619232107e-05
2.215384615384615330e+01 -4.743744888073776755e-02 1.851053766412341894e-05
2.235897435897435770e+01 -4.721408648914278416e-02 1.795955919653330186e-05
2.256410256410256210e+01 -4.721329185169804987e-02 1.778324504971330814e-05
2.276923076923077005e+01 -4.730758362687731422e-02 1.792356928740952167e-05
2.297435897435897445e+01 -4.740233362962383706e-02 1.791200228735232179e-05
2.317948717948717885e+01 -4.739156295139625164e-02 1.749697713098324621e-05
2.338461538461538325e+01 -4.737321493642013270e-02 1.730833426850887977e-05
2.358974358974358765e+01 -4.734100586373693464e-02 1.709520433945839051e-05
2.379487179487179560e+01 -4.738871057117010482e-02 1.714604297818707451e-05
2.400000000000000000e+01 -4.754616057067141688e-02 1.755389429052945998e-05
2.420512820512820440e+01 -4.771634742055114869e-02 1.760453944351792063e-05
2.441025641025640880e+01 -4.784966559475518910e-02 1.748544544687547739e-05
2.461538461538461320e+01 -4.823267481349842456e-02 1.783780230264972320e-05
2.482051282051282115e+01 -4.861114073097564520e-02 1.808177365443420240e-05
2.502564102564102555e+01 -4.887598318645441919e-02 1.828941287575505954e-05
2.523076923076922995e+01 -4.912291475149845044e-02 1.830016141951692436e-05
2.543589743589743435e+01 -4.945239339355193831e-02 1.835267661769100339e-05
2.564102564102563875e+01 -4.974721807593945888e-02 1.841762374408896833e-05
2.584615384615384670e+01 -5.018010947310487524e-02 1.905179583754511345e-05
2.605128205128205110e+01 -5.062860883765990527e-02 1.997223088571725404e-05
2.625641025641025550e+01 -5.101638502173000411e-02 2.019084608955087348e-05
2.646153846153845990e+01 -5.137375383523370975e-02 2.050700663765137147e-05
2.666666666666666430e+01 -5.186306254573458396e-02 2.068753505315772486e-05
2.687179487179487225e+01 -5.226262315149404064e-02 2.030375322616824091e-05
2.707692307692307665e+01 -5.266770774118013920e-02 1.997118515045767141e-05
2.728205128205128105e+01 -5.318509184508616455e-02 2.002628977403859715e-05
2.748717948717948545e+01 -5.366500276286055582e-02 2.005527132559683056e-05
2.769230769230768985e+01 -5.421140180027703148e-02 2.011131050132042655e-05
2.789743589743589780e+01 -5.461341502498908568e-02 1.990218691183088539e-05
2.810256410256410220e+01 -5.493533940910302199e-02 1.979620467947951299e-05
2.830769230769230660e+01 -5.514453940951067473e-02 1.951773646439830840e-05
2.851282051282051100e+01 -5.547402743826838900e-02 1.939221271216481733e-05
2.871794871794871540e+01 -5.587066620066195172e-02 1.928765467896604121e-05
2.892307692307692335e+01 -5.642312103277496993e-02 1.922347163761750584e-05
2.912820512820512775e+01 -5.693736780387433083e-02 1.940821336956909143e-05
2.933333333333333215e+01 -5.760586768926413692e-02 1.949676392266665181e-05
2.953846153846153655e+01 -5.863362678387701310e-02 1.997794026418280339e-05
2.974358974358974095e+01 -5.963803668718695855e-02 2.025295669865668531e-05
2.994871794871794890e+01 -6.056909064363114048e-02 2.008916129709906683e-05
3.015384615384615330e+01 -6.158941264948485095e-02 2.036680036182690438e-05
3.035897435897435770e+01 -6.262845604891893736e-02 2.077459287235727478e-05
3.056410256410256210e+01 -6.362706326640969745e-02 2.123690891685682259e-05
3.076923076923076650e+01 -6.457184792158382480e-02 2.152852604711109170e-05
3.097435897435897445e+01 -6.555815752033303245e-02 2.166923479265500972e-05
3.117948717948717885e+01 -6.657303384471768837e-02 2.199582756281984170e-05
3.138461538461538325e+01 -6.765188175336270260e-02 2.223219609867711853e-05
3.158974358974358765e+01 -6.886010546910797947e-02 2.271418539002638241e-05
3.179487179487179205e+01 -6.996141924800879097e-02 2.310885689777837730e-05
3.200000000000000000e+01 -7.106646616486449186e-02 2.330782175024604462e-05
3.220512820512820440e+01 -7.217175987820678706e-02 2.349374666649810083e-05
3.241025641025640880e+01 -7.307029828239147706e-02 2.354025482599858459e-05
3.261538461538461320e+01 -7.429318526029762837e-02 2.381892781440320570e-05
3.282051282051281760e+01 -7.533500323885054806e-02 2.383243098989076733e-05
3.302564102564102200e+01 -7.656494590836721015e-02 2.396803224567237801e-05
3.323076923076922640e+01 -7.790606236491692815e-02 2.410383708823433696e-05
3.343589743589743790e+01 -7.925353392677701725e-02 2.445331534006934859e-05
3.364102564102564230e+01 -8.064410745075781262e-02 2.479567551528703051e-05
3.384615384615384670e+01 -8.222782821691643207e-02 2.515335095649188642e-05
3.405128205128205110e+01 -8.386307456559273510e-02 2.547143036753550727e-05
3.425641025641025550e+01 -8.562971660289847575e-02 2.603442438055892153e-05
3.446153846153845990e+01 -8.744689355057203017e-02 2.644588886957163765e-05
3.466666666666666430e+01 -8.930584226172444406e-02 2.680341186312819107e-05
3.487179487179486870e+01 -9.141275206677075549e-02 2.765457548000640472e-05
3.507692307692307310e+01 -9.353301700413164943e-02 2.811153178737872232e-05
3.528205128205127750e+01 -9.589226866402433824e-02 2.890219584356878461e-05
3.548717948717948900e+01 -9.854555085642444090e-02 2.984367348008861126e-05
3.569230769230769340e+01 -1.014013797249820603e-01 3.044530263872452335e-05
3.589743589743589780e+01 -1.047556310464620583e-01 3.092070672207823353e-05
3.610256410256410220e+01 -1.082557613866301227e-01 3.150101204665282809e-05
3.630769230769230660e+01 -1.119127080047681300e-01 3.132826889106002106e-05
3.651282051282051100e+01 -1.159377781804296348e-01 3.154329294427663064e-05
3.671794871794871540e+01 -1.207725172641891664e-01 3.290502178135753109e-05
3.692307692307691980e+01 -1.259897529830706353e-01 3.443190606898222892e-05
3.712820512820512420e+01 -1.315731496427440805e-01 3.439748079205043525e-05
3.733333333333332860e+01 -1.376902198613031980e-01 3.460140162463314398e-05
3.753846153846154010e+01 -1.446227565371867030e-01 3.534015455586194798e-05
3.774358974358974450e+01 -1.527351639905056291e-01 3.643200867459179252e-05
3.794871794871794890e+01 -1.622883344132040051e-01 3.794294792989473216e-05
3.815384615384615330e+01 -1.732691808655778820e-01 3.991873781387790494e-05
3.835897435897435770e+01 -1.864095245073255636e-01 4.229027517134766598e-05
3.856410256410256210e+01 -2.023880289543519007e-01 4.498038979144076927e-05
3.876923076923076650e+01 -2.217013824730227900e-01 4.835741786347250019e-05
3.897435897435897090e+01 -2.458017001818680880e-01 5.281585232632198299e-05
3.917948717948717530e+01 -2.757864126892716206e-01 5.888246355321174910e-05
3.938461538461538680e+01 -3.133080662858322429e-01 6.664392664107225640e-05
3.958974358974359120e+01 -3.607397021453587760e-01 7.697935676414936041e-05
3.979487179487179560e+01 -4.212468939052175232e-01 9.131314913627566038e-05
4.000000000000000000e+01 -4.999999999999998335e-01 1.108450433689107305e-04
