0.000000000000000000e+00 -4.999999999999981681e-01 4.174698898406876903e-05
2.051282051282051211e-01 -3.479691620043158240e-01 3.143113842934286287e-05
4.102564102564102422e-01 -2.454920536441386747e-01 2.452820870374682299e-05
6.153846153846154188e-01 -1.751945206887489115e-01 2.447643330825571172e-05
8.205128205128204844e-01 -1.274747889784387245e-01 2.660400632055843760e-05
1.025641025641025550e+00 -9.424399321893252301e-02 2.835210721024853777e-05
1.230769230769230838e+00 -7.024096959711281785e-02 2.978615147490716074e-05
1.435897435897435903e+00 -5.351056436892234758e-02 3.201641153924747701e-05
1.641025641025640969e+00 -4.143263851477560489e-02 3.327657994513337085e-05
1.846153846153846034e+00 -3.274536689169787324e-02 3.536586843226749503e-05
2.051282051282051100e+00 -2.521878490143480284e-02 3.252274390526278672e-05
2.256410256410256387e+00 -1.932416420847291386e-02 2.961261393442724254e-05
2.461538461538461675e+00 -1.500218071779645806e-02 2.892615479984425231e-05
2.666666666666666519e+00 -1.217233757806144775e-02 3.229589129420099605e-05
2.871794871794871806e+00 -9.667217125077376058e-03 2.767517685795946552e-05
3.076923076923076650e+00 -7.746515657980710540e-03 2.421853071651646343e-05
3.282051282051281937e+00 -6.591916933032436650e-03 2.437958968789726187e-05
3.487179487179487225e+00 -5.387918379352663219e-03 2.237720791835908347e-05
3.692307692307692069e+00 -4.515921096119832577e-03 2.211819846128587158e-05
3.897435897435897356e+00 -4.082379344331281933e-03 2.590337353871151400e-05
4.102564102564102200e+00 -3.248321647768835294e-03 2.221190599988203505e-05
4.307692307692307487e+00 -2.987775599228020308e-03 2.481840177656617792e-05
4.512820512820512775e+00 -2.411284150649659064e-03 2.100889885772230578e-05
4.717948717948718063e+00 -2.344950442883337368e-03 2.365098739699848310e-05
4.923076923076923350e+00 -1.801512678913993939e-03 1.694381042317340426e-05
5.128205128205127750e+00 -1.669212896070075558e-03 1.689830529832607551e-05
5.333333333333333037e+00 -1.441199732442248341e-03 1.480543920102249800e-05
5.538461538461538325e+00 -1.329980877339033375e-03 1.410345240731204735e-05
5.743589743589743613e+00 -1.049596481231902497e-03 1.091163709725127323e-05
5.948717948717948900e+00 -8.963700175649008802e-04 9.348393697089414113e-06
6.153846153846153300e+00 -6.436034424306364765e-04 6.331586071395714789e-06
6.358974358974358587e+00 -5.190875656365484493e-04 4.846697386037806630e-06
6.564102564102563875e+00 -3.549694301321720770e-04 3.035821339797672336e-06
6.769230769230769162e+00 -2.826117303477254888e-04 2.332844457818621071e-06
6.974358974358974450e+00 -2.260527921670343313e-04 1.793224349736719359e-06
7.179487179487178850e+00 -1.690634773442018489e-04 1.246391718869755100e-06
7.384615384615384137e+00 -1.246717706324252501e-04 7.996080858971395383e-07
7.589743589743589425e+00 -9.570032043239742154e-05 5.490451607282769978e-07
7.794871794871794712e+00 -7.209941600281597797e-05 3.795043199417779504e-07
8.000000000000000000e+00 -6.478382844575640575e-05 3.502221789556276349e-07
8.205128205128204399e+00 -4.933557195839446583e-05 2.560801644372019983e-07
8.410256410256410575e+00 -4.100401774160382249e-05 1.913031201722233324e-07
8.615384615384614975e+00 -3.396294218425173082e-05 1.476489428011480100e-07
8.820512820512819374e+00 -2.796977237183700927e-05 1.369459811852457066e-07
9.025641025641025550e+00 -2.524520152885473053e-05 1.142517027221806090e-07
9.230769230769229949e+00 -1.935981610186450510e-05 1.017922022661666511e-07
9.435897435897436125e+00 -1.499403350995659691e-05 8.191067644417477408e-08
9.641025641025640525e+00 -1.338579018357291137e-05 6.291594315123266119e-08
9.846153846153846700e+00 -9.298027384125121992e-06 6.052154049192337377e-08
1.005128205128205110e+01 -9.314557545787049658e-06 5.131871032538004834e-08
1.025641025641025550e+01 -7.108680489323188881e-06 4.186209496386732983e-08
1.046153846153846168e+01 -4.584030617175948293e-06 3.146199318636258284e-08
1.066666666666666607e+01 -5.739061319354084979e-06 2.651100740543258213e-08
1.087179487179487225e+01 -2.878364061884285259e-06 2.159567825868766071e-08
1.107692307692307665e+01 -3.404217823323810865e-06 1.965297700505488415e-08
1.128205128205128105e+01 -3.546610409651219279e-06 1.818530271569343528e-08
1.148717948717948723e+01 -1.686249102298806410e-06 2.117396487166442050e-08
1.169230769230769162e+01 -3.288994538489309403e-06 1.710362497494006545e-08
1.189743589743589780e+01 -1.688139017834679774e-06 1.853653281900646224e-08
1.210256410256410220e+01 -1.324299017669642967e-06 1.539258557079804732e-08
1.230769230769230660e+01 -2.564703221682206603e-06 1.721994888323366765e-08
1.251282051282051277e+01 -3.461770767637020854e-07 1.586080739009242472e-08
1.271794871794871717e+01 -1.944648146110008335e-06 1.685806113982353436e-08
1.292307692307692335e+01 -1.188500902653889131e-06 1.317245575998121717e-08
1.312820512820512775e+01 -2.300919133516735432e-07 1.335183986852038908e-08
1.333333333333333215e+01 -1.766204422314191704e-06 8.990132110726326145e-09
1.353846153846153832e+01 2.621703827500154151e-07 5.506422059221598405e-09
1.374358974358974272e+01 -5.075315750850032386e-07 3.846063116436272754e-09
1.394871794871794890e+01 -8.906598349343491163e-07 3.478793814113842108e-09
1.415384615384615330e+01 7.241541709633296926e-07 2.477752001044852639e-09
1.435897435897435770e+01 -1.077866592265205409e-06 1.912021321220031709e-09
1.456410256410256387e+01 2.079859703798945588e-07 1.382457238203299924e-09
1.476923076923076827e+01 2.387676931065378014e-07 9.618070427774878891e-10
1.497435897435897445e+01 -9.444952403954754596e-07 7.395755501142887246e-10
1.517948717948717885e+01 8.574955090828618021e-07 5.493548479899217110e-10
1.538461538461538325e+01 -6.209154506887538192e-07 5.401661361223424938e-10
1.558974358974358942e+01 -1.720243861230624817e-07 5.055179878402776063e-10
1.579487179487179382e+01 6.532294534876557749e-07 5.002617908768393657e-10
1.600000000000000000e+01 -9.855801271156140142e-07 4.726584908348931349e-10
1.620512820512820440e+01 6.699867907844381473e-07 4.598160701173414002e-10
1.641025641025640880e+01 -1.448009767557122536e-07 4.478492735126682393e-10
1.661538461538461320e+01 -5.635739024763336132e-07 4.979043657310012341e-10
1.682051282051282115e+01 8.642686094558614649e-07 4.661376265042314315e-10
1.702564102564102555e+01 -8.569037864958815417e-07 5.318194760488062538e-10
1.723076923076922995e+01 2.939161570951756494e-07 4.633167444244205725e-10
1.743589743589743435e+01 2.865876274109962632e-07 4.795602901940531552e-10
1.764102564102563875e+01 -8.353819442719207811e-07 4.072260836054629075e-10
1.784615384615384670e+01 8.597931702916381119e-07 3.833555719533788708e-10
1.805128205128205110e+01 -5.330482255414934910e-07 3.657918656135455756e-10
1.825641025641025550e+01 -1.160328845184786941e-07 3.886649987979383643e-10
1.846153846153845990e+01 6.799801290122005265e-07 4.675835748602473749e-10
1.866666666666666430e+01 -8.853076883309151876e-07 4.634247038885937274e-10
1.887179487179487225e+01 7.085904099187185323e-07 6.024615676977812721e-10
1.907692307692307665e+01 -6.110080168515909303e-08 7.128939961023455704e-10
1.928205128205128105e+01 -4.672108262769031616e-07 5.888096228691255021e-10
1.948717948717948545e+01 9.092634223295343592e-07 5.518687466552996315e-10
1.969230769230769340e+01 -7.620271552492964123e-07 4.948065284455754491e-10
1.989743589743589780e+01 3.551016692651677564e-07 5.241356911166289375e-10
2.010256410256410220e+01 3.551016693162635896e-07 5.241356911026229085e-10
2.030769230769230660e+01 -7.620271552344469719e-07 4.948065284534236354e-10
2.051282051282051100e+01 9.092634223363252341e-07 5.518687466861557431e-10
2.071794871794871895e+01 -4.672108262992912483e-07 5.888096229279754736e-10
2.092307692307692335e+01 -6.110080167396569822e-08 7.128939962310047259e-10
2.112820512820512775e+01 7.085904099337459556e-07 6.024615677764080980e-10
2.133333333333333215e+01 -8.853076883614442667e-07 4.634247039401600117e-10
2.153846153846153655e+01 6.799801290188298299e-07 4.675835748994129294e-10
2.174358974358974450e+01 -1.160328845540080734e-07 3.886649988210930108e-10
2.194871794871794890e+01 -5.330482255234425836e-07 3.657918656338953561e-10
2.215384615384615330e+01 8.597931702808617353e-07 3.833555719775199302e-10
2.235897435897435770e+01 -8.353819443104447925e-07 4.072260836377540224e-10
2.256410256410256210e+01 2.865876274439497094e-07 4.795602902526035839e-10
2.276923076923077005e+01 2.939161570634280605e-07 4.633167444599346416e-10
2.297435897435897445e+01 -8.569037864718532287e-07 5.318194760794508139e-10
2.317948717948717885e+01 8.642686094519302791e-07 4.661376264968179287e-10
2.338461538461538325e+01 -5.635739024904846750e-07 4.979043657154042266e-10
2.358974358974358765e+01 -1.448009767857189252e-07 4.478492734964584462e-10
2.379487179487179560e+01 6.699867908096034962e-07 4.598160701032606148e-10
2.400000000000000000e+01 -9.855801271238552213e-07 4.726584908111000083e-10
2.420512820512820440e+01 6.532294534980055646e-07 5.002617908501004422e-10
2.441025641025640880e+01 -1.720243861183087740e-07 5.055179878258028761e-10
2.461538461538461320e+01 -6.209154507076304778e-07 5.401661361171333239e-10
2.482051282051282115e+01 8.574955090658932969e-07 5.493548479831546498e-10
2.502564102564102555e+01 -9.444952404041199602e-07 7.395755501148827437e-10
2.523076923076922995e+01 2.387676930963587947e-07 9.618070427731760033e-10
2.543589743589743435e+01 2.079859704138004142e-07 1.382457238204100634e-09
2.564102564102563875e+01 -1.077866592283321538e-06 1.912021321225222681e-09
2.584615384615384670e+01 7.241541709319951910e-07 2.477752001065396083e-09
2.605128205128205110e+01 -8.906598349074251153e-07 3.478793814127494724e-09
2.625641025641025550e+01 -5.075315751080804395e-07 3.846063116465468921e-09
2.646153846153845990e+01 2.621703827823943083e-07 5.506422059266613574e-09
2.666666666666666430e+01 -1.766204422326885128e-06 8.990132110761090892e-09
2.687179487179487225e+01 -2.300919133817995405e-07 1.335183986854472969e-08
2.707692307692307665e+01 -1.188500902692949420e-06 1.317245576001436229e-08
2.728205128205128105e+01 -1.944648146131870679e-06 1.685806113987051491e-08
2.748717948717948545e+01 -3.461770767709544344e-07 1.586080739012740123e-08
2.769230769230768985e+01 -2.564703221747970665e-06 1.721994888327996329e-08
2.789743589743589780e+01 -1.324299017663270315e-06 1.539258557083204775e-08
2.810256410256410220e+01 -1.688139017837435808e-06 1.853653281904507503e-08
2.830769230769230660e+01 -3.288994538490094603e-06 1.710362497498293326e-08
2.851282051282051100e+01 -1.686249102331783732e-06 2.117396487171161612e-08
2.871794871794871540e+01 -3.546610409603390716e-06 1.818530271572876582e-08
2.892307692307692335e+01 -3.404217823320469744e-06 1.965297700508617474e-08
2.912820512820512775e+01 -2.878364061885028954e-06 2.159567825872589631e-08
2.933333333333333215e+01 -5.739061319372656176e-06 2.651100740546804171e-08
2.953846153846153655e+01 -4.584030617234432530e-06 3.146199318637312443e-08
2.974358974358974095e+01 -7.108680489297893089e-06 4.186209496386334613e-08
2.994871794871794890e+01 -9.314557545810683571e-06 5.131871032538747311e-08
3.015384615384615330e+01 -9.298027384132914695e-06 6.052154049193097059e-08
3.035897435897435770e+01 -1.338579018355266389e-05 6.291594315125782071e-08
3.056410256410256210e+01 -1.499403350993167381e-05 8.191067644423402668e-08
3.076923076923076650e+01 -1.935981610189637048e-05 1.017922022662219200e-07
3.097435897435897445e+01 -2.524520152880440661e-05 1.142517027222215578e-07
3.117948717948717885e+01 -2.796977237191902238e-05 1.369459811852875289e-07
3.138461538461538325e+01 -3.396294218419763591e-05 1.476489428011664594e-07
3.158974358974358765e+01 -4.100401774162179991e-05 1.913031201722465993e-07
3.179487179487179205e+01 -4.933557195840292939e-05 2.560801644372179331e-07
3.200000000000000000e+01 -6.478382844575679878e-05 3.502221789556521459e-07
3.220512820512820440e+01 -7.209941600285032007e-05 3.795043199417883266e-07
3.241025641025640880e+01 -9.570032043236803966e-05 5.490451607282875857e-07
3.261538461538461320e+01 -1.246717706324428142e-04 7.996080858971491733e-07
3.282051282051281760e+01 -1.690634773442033125e-04 1.246391718869757429e-06
3.302564102564102200e+01 -2.260527921670442246e-04 1.793224349736731006e-06
3.323076923076922640e+01 -2.826117303477215315e-04 2.332844457818584649e-06
3.343589743589743790e+01 -3.549694301321690412e-04 3.035821339797679536e-06
3.364102564102564230e+01 -5.190875656365172243e-04 4.846697386037811713e-06
3.384615384615384670e+01 -6.436034424306258514e-04 6.331586071395636862e-06
3.405128205128205110e+01 -8.963700175648635837e-04 9.348393697089293835e-06
3.425641025641025550e+01 -1.049596481231856960e-03 1.091163709725125798e-05
3.446153846153845990e+01 -1.329980877339055493e-03 1.410345240731182204e-05
3.466666666666666430e+01 -1.441199732442283036e-03 1.480543920102283681e-05
3.487179487179486870e+01 -1.669212896070048453e-03 1.689830529832652952e-05
3.507692307692307310e+01 -1.801512678913995890e-03 1.694381042317390232e-05
3.528205128205127750e+01 -2.344950442883414563e-03 2.365098739699947921e-05
3.548717948717948900e+01 -2.411284150649662533e-03 2.100889885772324090e-05
3.569230769230769340e+01 -2.987775599228051533e-03 2.481840177656725196e-05
3.589743589743589780e+01 -3.248321647768821849e-03 2.221190599988281093e-05
3.610256410256410220e+01 -4.082379344331240299e-03 2.590337353871232038e-05
3.630769230769230660e+01 -4.515921096119827373e-03 2.211819846128596984e-05
3.651282051282051100e+01 -5.387918379352655412e-03 2.237720791835925288e-05
3.671794871794871540e+01 -6.591916933032441854e-03 2.437958968789709585e-05
3.692307692307691980e+01 -7.746515657980735693e-03 2.421853071651703941e-05
3.712820512820512420e+01 -9.667217125077436773e-03 2.767517685796050229e-05
3.733333333333332860e+01 -1.217233757806150847e-02 3.229589129420316445e-05
3.753846153846154010e+01 -1.500218071779650490e-02 2.892615479984529247e-05
3.774358974358974450e+01 -1.932416420847285488e-02 2.961261393442706297e-05
3.794871794871794890e+01 -2.521878490143477508e-02 3.252274390526277317e-05
3.815384615384615330e+01 -3.274536689169788017e-02 3.536586843226785417e-05
3.835897435897435770e+01 -4.143263851477561183e-02 3.327657994513360802e-05
3.856410256410256210e+01 -5.351056436892237533e-02 3.201641153924783615e-05
3.876923076923076650e+01 -7.024096959711283172e-02 2.978615147490740468e-05
3.897435897435897090e+01 -9.424399321893243975e-02 2.835210721024870379e-05
3.917948717948717530e+01 -1.274747889784388077e-01 2.660400632055854602e-05
3.938461538461538680e+01 -1.751945206887490503e-01 2.447643330825561686e-05
3.958974358974359120e+01 -2.454920536441388135e-01 2.452820870374659260e-05
3.979487179487179560e+01 -3.479691620043157130e-01 3.143113842934331010e-05
4.000000000000000000e+01 -5.000000000000017764e-01 4.174698898406876903e-05
