0.000000000000000000e+00 -4.999999999999998890e-01 1.054452663581335382e-04
2.051282051282051211e-01 -4.244198329910137124e-01 8.748361441956526352e-05
4.102564102564102422e-01 -3.658600613801025192e-01 7.361555135325571373e-05
6.153846153846154188e-01 -3.199093569847745733e-01 6.343257739724846088e-05
8.205128205128204844e-01 -2.837881606898980946e-01 5.630077408495062525e-05
1.025641025641025550e+00 -2.547947894876751440e-01 5.062584778535340489e-05
1.230769230769230838e+00 -2.313315763885937515e-01 4.602412577915465463e-05
1.435897435897435903e+00 -2.119290266806152512e-01 4.243826561566905629e-05
1.641025641025640969e+00 -1.959983719191076557e-01 3.967073152616618504e-05
1.846153846153846034e+00 -1.826096803428566284e-01 3.738262735575353701e-05
2.051282051282051100e+00 -1.712729293111651119e-01 3.560167386428904920e-05
2.256410256410256387e+00 -1.617625157126555691e-01 3.429266738370056599e-05
2.461538461538461675e+00 -1.532449122111882445e-01 3.320584258932900878e-05
2.666666666666666519e+00 -1.458116807925198266e-01 3.233947444285180975e-05
2.871794871794871806e+00 -1.389641196372711496e-01 3.137610520675792317e-05
3.076923076923076650e+00 -1.328017135514827918e-01 3.041211119321499476e-05
3.282051282051281937e+00 -1.270050937449585526e-01 2.946793637410238890e-05
3.487179487179487225e+00 -1.219397671362221491e-01 2.878369566032684814e-05
3.692307692307692069e+00 -1.173546251004083246e-01 2.801463845535309975e-05
3.897435897435897356e+00 -1.132312482035615769e-01 2.744856198288803996e-05
4.102564102564102200e+00 -1.093195431637316861e-01 2.691018546357440075e-05
4.307692307692307487e+00 -1.058306254375611655e-01 2.672471096174337259e-05
4.512820512820512775e+00 -1.027643931486923734e-01 2.644228033975208565e-05
4.717948717948718063e+00 -9.982924581980237577e-02 2.612389292476029597e-05
4.923076923076923350e+00 -9.720475562167475714e-02 2.566063735760916947e-05
5.128205128205127750e+00 -9.491817029472505995e-02 2.521967513688099530e-05
5.333333333333333037e+00 -9.293265289836560861e-02 2.538655503886093183e-05
5.538461538461538325e+00 -9.076031261322314858e-02 2.562031596223189500e-05
5.743589743589743613e+00 -8.875188118624685596e-02 2.568816825684704227e-05
5.948717948717948900e+00 -8.694107260155400918e-02 2.488547814413820139e-05
6.153846153846153300e+00 -8.514842808075528957e-02 2.380704643529125151e-05
6.358974358974358587e+00 -8.353277672194356351e-02 2.332693014944549974e-05
6.564102564102563875e+00 -8.205210656610878450e-02 2.327960207486752645e-05
6.769230769230769162e+00 -8.064660251645716649e-02 2.332751495877909847e-05
6.974358974358974450e+00 -7.898771237816629154e-02 2.265204906478647371e-05
7.179487179487178850e+00 -7.762010623181628266e-02 2.215197842049017448e-05
7.384615384615384137e+00 -7.622871236768795355e-02 2.180807973910266879e-05
7.589743589743589425e+00 -7.456518214724462690e-02 2.130110820167277166e-05
7.794871794871794712e+00 -7.312768550525242106e-02 2.096074290867331932e-05
8.000000000000000000e+00 -7.180165043429911909e-02 2.071265997942236419e-05
8.205128205128204399e+00 -7.065440299295022708e-02 2.061247376680306297e-05
8.410256410256410575e+00 -6.942990761312789472e-02 2.026132167343685771e-05
8.615384615384614975e+00 -6.835940901816088544e-02 2.007815484258669629e-05
8.820512820512819374e+00 -6.711683438438986737e-02 1.976676961581842165e-05
9.025641025641025550e+00 -6.606122745400083707e-02 1.972313865678380589e-05
9.230769230769229949e+00 -6.522433437077634899e-02 1.977743847892975056e-05
9.435897435897436125e+00 -6.434450950180654882e-02 1.973486276607951053e-05
9.641025641025640525e+00 -6.350800164072685494e-02 1.972216807426763007e-05
9.846153846153846700e+00 -6.249202565901944284e-02 1.966863247429092605e-05
1.005128205128205110e+01 -6.144957001089643156e-02 1.950437084726398438e-05
1.025641025641025550e+01 -6.058024619338148176e-02 1.958736933601448385e-05
1.046153846153846168e+01 -5.984416474291537336e-02 1.927427904810811917e-05
1.066666666666666607e+01 -5.927414397883642994e-02 1.919296604157227985e-05
1.087179487179487225e+01 -5.876081792118154762e-02 1.915989874925807458e-05
1.107692307692307665e+01 -5.815920535530203633e-02 1.901621967206818312e-05
1.128205128205128105e+01 -5.758907072336466593e-02 1.910780999645789551e-05
1.148717948717948723e+01 -5.705515801965516109e-02 1.897910671129985686e-05
1.169230769230769162e+01 -5.660267203786327472e-02 1.899475778583767184e-05
1.189743589743589780e+01 -5.598042126992801293e-02 1.867322683350880976e-05
1.210256410256410220e+01 -5.554289966336943551e-02 1.850876305122773290e-05
1.230769230769230660e+01 -5.503903307046918020e-02 1.867865577537196581e-05
1.251282051282051277e+01 -5.465238199589665669e-02 1.883976489511326847e-05
1.271794871794871717e+01 -5.443439589783138216e-02 1.847410487552532377e-05
1.292307692307692335e+01 -5.406894015793446695e-02 1.782667603943809554e-05
1.312820512820512775e+01 -5.363210457325462421e-02 1.726894664359783147e-05
1.333333333333333215e+01 -5.336480171112474580e-02 1.732723624362877729e-05
1.353846153846153832e+01 -5.302345856938409790e-02 1.716002319723617672e-05
1.374358974358974272e+01 -5.257320513147041574e-02 1.708441851298579016e-05
1.394871794871794890e+01 -5.218366532635941579e-02 1.695845936722680918e-05
1.415384615384615330e+01 -5.187659738728639391e-02 1.696234439910164227e-05
1.435897435897435770e+01 -5.156550451768443510e-02 1.680386924991809298e-05
1.456410256410256387e+01 -5.130153593373353027e-02 1.666848013455361299e-05
1.476923076923076827e+01 -5.107727414603126237e-02 1.671898887191462226e-05
1.497435897435897445e+01 -5.074810805168299133e-02 1.692015490130422035e-05
1.517948717948717885e+01 -5.042928060475006247e-02 1.712624375482212481e-05
1.538461538461538325e+01 -4.994999717151896168e-02 1.653445958485178456e-05
1.558974358974358942e+01 -4.966016722304555236e-02 1.625820330544647198e-05
1.579487179487179382e+01 -4.937392801899967432e-02 1.596890163563323401e-05
1.600000000000000000e+01 -4.913260114137879553e-02 1.607351167627880083e-05
1.620512820512820440e+01 -4.900902098517144478e-02 1.618461001194309836e-05
1.641025641025640880e+01 -4.877744538179545203e-02 1.606485426901509936e-05
1.661538461538461320e+01 -4.840743549808108892e-02 1.584181188979460068e-05
1.682051282051282115e+01 -4.819062922046359054e-02 1.580019579111025110e-05
1.702564102564102555e+01 -4.788836313089341740e-02 1.564138843304151112e-05
1.723076923076922995e+01 -4.768645031968313241e-02 1.559394319529468868e-05
1.743589743589743435e+01 -4.753670196320744501e-02 1.538928049744703102e-05
1.764102564102563875e+01 -4.740342520907690760e-02 1.536362200504929546e-05
1.784615384615384670e+01 -4.729989081006708007e-02 1.552218366534490731e-05
1.805128205128205110e+01 -4.711370794227440206e-02 1.546036955120813421e-05
1.825641025641025550e+01 -4.703194763060286610e-02 1.559483643809530688e-05
1.846153846153845990e+01 -4.692853121320808563e-02 1.554320667861653282e-05
1.866666666666666430e+01 -4.689827403563712194e-02 1.550002391149376077e-05
1.887179487179487225e+01 -4.689999913289147337e-02 1.555692704444461218e-05
1.907692307692307665e+01 -4.701135988651743147e-02 1.585811531664437938e-05
1.928205128205128105e+01 -4.727864874983637999e-02 1.620000083218656108e-05
1.948717948717948545e+01 -4.718053289363874359e-02 1.609417854679305821e-05
1.969230769230769340e+01 -4.702229391035211287e-02 1.591797895289753621e-05
1.989743589743589780e+01 -4.688243367805859652e-02 1.563858817445730478e-05
2.010256410256410220e+01 -4.688243367805855488e-02 1.563858817445733528e-05
2.030769230769230660e+01 -4.702229391035198103e-02 1.591797895289755654e-05
2.051282051282051100e+01 -4.718053289363878522e-02 1.609417854679304804e-05
2.071794871794871895e+01 -4.727864874983636612e-02 1.620000083218656786e-05
2.092307692307692335e+01 -4.701135988651743147e-02 1.585811531664438955e-05
2.112820512820512775e+01 -4.689999913289146644e-02 1.555692704444461557e-05
2.133333333333333215e+01 -4.689827403563709418e-02 1.550002391149376754e-05
2.153846153846153655e+01 -4.692853121320805787e-02 1.554320667861655315e-05
2.174358974358974450e+01 -4.703194763060272732e-02 1.559483643809533399e-05
2.194871794871794890e+01 -4.711370794227438819e-02 1.546036955120813083e-05
2.215384615384615330e+01 -4.729989081006704538e-02 1.552218366534493442e-05
2.235897435897435770e+01 -4.740342520907697005e-02 1.536362200504930563e-05
2.256410256410256210e+01 -4.753670196320756991e-02 1.538928049744703441e-05
2.276923076923077005e+01 -4.768645031968309078e-02 1.559394319529466835e-05
2.297435897435897445e+01 -4.788836313089336882e-02 1.564138843304149756e-05
2.317948717948717885e+01 -4.819062922046361830e-02 1.580019579111024771e-05
2.338461538461538325e+01 -4.840743549808113055e-02 1.584181188979459052e-05
2.358974358974358765e+01 -4.877744538179548672e-02 1.606485426901508920e-05
2.379487179487179560e+01 -4.900902098517161132e-02 1.618461001194307803e-05
2.400000000000000000e+01 -4.913260114137879553e-02 1.607351167627879405e-05
2.420512820512820440e+01 -4.937392801899965350e-02 1.596890163563320690e-05
2.441025641025640880e+01 -4.966016722304550379e-02 1.625820330544647198e-05
2.461538461538461320e+01 -4.994999717151887147e-02 1.653445958485179812e-05
2.482051282051282115e+01 -5.042928060475018737e-02 1.712624375482211126e-05
2.502564102564102555e+01 -5.074810805168294275e-02 1.692015490130421019e-05
2.523076923076922995e+01 -5.107727414603120686e-02 1.671898887191461549e-05
2.543589743589743435e+01 -5.130153593373343313e-02 1.666848013455360961e-05
2.564102564102563875e+01 -5.156550451768462939e-02 1.680386924991810314e-05
2.584615384615384670e+01 -5.187659738728647718e-02 1.696234439910163550e-05
2.605128205128205110e+01 -5.218366532635940885e-02 1.695845936722679563e-05
2.625641025641025550e+01 -5.257320513147044350e-02 1.708441851298579694e-05
2.646153846153845990e+01 -5.302345856938391055e-02 1.716002319723619027e-05
2.666666666666666430e+01 -5.336480171112480825e-02 1.732723624362877052e-05
2.687179487179487225e+01 -5.363210457325461034e-02 1.726894664359785180e-05
2.707692307692307665e+01 -5.406894015793427266e-02 1.782667603943808877e-05
2.728205128205128105e+01 -5.443439589783131971e-02 1.847410487552532377e-05
2.748717948717948545e+01 -5.465238199589664281e-02 1.883976489511327186e-05
2.769230769230768985e+01 -5.503903307046917326e-02 1.867865577537196919e-05
2.789743589743589780e+01 -5.554289966336938000e-02 1.850876305122773968e-05
2.810256410256410220e+01 -5.598042126992812395e-02 1.867322683350878265e-05
2.830769230769230660e+01 -5.660267203786342738e-02 1.899475778583765151e-05
2.851282051282051100e+01 -5.705515801965511946e-02 1.897910671129983992e-05
2.871794871794871540e+01 -5.758907072336468674e-02 1.910780999645792601e-05
2.892307692307692335e+01 -5.815920535530204327e-02 1.901621967206814924e-05
2.912820512820512775e+01 -5.876081792118161007e-02 1.915989874925805764e-05
2.933333333333333215e+01 -5.927414397883635361e-02 1.919296604157230018e-05
2.953846153846153655e+01 -5.984416474291537336e-02 1.927427904810811917e-05
2.974358974358974095e+01 -6.058024619338139849e-02 1.958736933601445675e-05
2.994871794871794890e+01 -6.144957001089629278e-02 1.950437084726399455e-05
3.015384615384615330e+01 -6.249202565901947060e-02 1.966863247429091928e-05
3.035897435897435770e+01 -6.350800164072688270e-02 1.972216807426762329e-05
3.056410256410256210e+01 -6.434450950180654882e-02 1.973486276607952747e-05
3.076923076923076650e+01 -6.522433437077625185e-02 1.977743847892977089e-05
3.097435897435897445e+01 -6.606122745400078156e-02 1.972313865678381945e-05
3.117948717948717885e+01 -6.711683438438992289e-02 1.976676961581842843e-05
3.138461538461538325e+01 -6.835940901816081605e-02 2.007815484258665563e-05
3.158974358974358765e+01 -6.942990761312792247e-02 2.026132167343687126e-05
3.179487179487179205e+01 -7.065440299295031035e-02 2.061247376680306635e-05
3.200000000000000000e+01 -7.180165043429914684e-02 2.071265997942235064e-05
3.220512820512820440e+01 -7.312768550525240718e-02 2.096074290867329899e-05
3.241025641025640880e+01 -7.456518214724454363e-02 2.130110820167275133e-05
3.261538461538461320e+01 -7.622871236768789804e-02 2.180807973910266540e-05
3.282051282051281760e+01 -7.762010623181628266e-02 2.215197842049014060e-05
3.302564102564102200e+01 -7.898771237816647195e-02 2.265204906478648727e-05
3.323076923076922640e+01 -8.064660251645730527e-02 2.332751495877906459e-05
3.343589743589743790e+01 -8.205210656610882614e-02 2.327960207486748579e-05
3.364102564102564230e+01 -8.353277672194350800e-02 2.332693014944550651e-05
3.384615384615384670e+01 -8.514842808075531733e-02 2.380704643529123118e-05
3.405128205128205110e+01 -8.694107260155409245e-02 2.488547814413819801e-05
3.425641025641025550e+01 -8.875188118624686984e-02 2.568816825684703550e-05
3.446153846153845990e+01 -9.076031261322289878e-02 2.562031596223188483e-05
3.466666666666666430e+01 -9.293265289836552534e-02 2.538655503886093521e-05
3.487179487179486870e+01 -9.491817029472490730e-02 2.521967513688100208e-05
3.507692307692307310e+01 -9.720475562167485428e-02 2.566063735760915591e-05
3.528205128205127750e+01 -9.982924581980250067e-02 2.612389292476032307e-05
3.548717948717948900e+01 -1.027643931486923734e-01 2.644228033975205854e-05
3.569230769230769340e+01 -1.058306254375611516e-01 2.672471096174337259e-05
3.589743589743589780e+01 -1.093195431637317971e-01 2.691018546357437026e-05
3.610256410256410220e+01 -1.132312482035615075e-01 2.744856198288802640e-05
3.630769230769230660e+01 -1.173546251004083107e-01 2.801463845535310314e-05
3.651282051282051100e+01 -1.219397671362221769e-01 2.878369566032683459e-05
3.671794871794871540e+01 -1.270050937449583028e-01 2.946793637410240245e-05
3.692307692307691980e+01 -1.328017135514827085e-01 3.041211119321494732e-05
3.712820512820512420e+01 -1.389641196372713439e-01 3.137610520675791640e-05
3.733333333333332860e+01 -1.458116807925198266e-01 3.233947444285180297e-05
3.753846153846154010e+01 -1.532449122111883555e-01 3.320584258932902233e-05
3.774358974358974450e+01 -1.617625157126556246e-01 3.429266738370056599e-05
3.794871794871794890e+01 -1.712729293111650009e-01 3.560167386428903565e-05
3.815384615384615330e+01 -1.826096803428566284e-01 3.738262735575354379e-05
3.835897435897435770e+01 -1.959983719191074614e-01 3.967073152616625280e-05
3.856410256410256210e+01 -2.119290266806152512e-01 4.243826561566908340e-05
3.876923076923076650e+01 -2.313315763885936127e-01 4.602412577915461397e-05
3.897435897435897090e+01 -2.547947894876747554e-01 5.062584778535339134e-05
3.917948717948717530e+01 -2.837881606898982056e-01 5.630077408495065913e-05
3.938461538461538680e+01 -3.199093569847750174e-01 6.343257739724825759e-05
3.958974358974359120e+01 -3.658600613801025192e-01 7.361555135325563242e-05
3.979487179487179560e+01 -4.244198329910138234e-01 8.748361441956531773e-05
4.000000000000000000e+01 -5.000000000000002220e-01 1.054452663581335382e-04
