0.000000000000000000e+00 -5.000000000000001110e-01 7.483251940472228044e-05
2.051282051282051211e-01 -4.385877168283709993e-01 6.388210374519090072e-05
4.102564102564102422e-01 -3.891703124503448352e-01 5.544596860879284523e-05
6.153846153846154188e-01 -3.489766036456018461e-01 4.885283331408451737e-05
8.205128205128204844e-01 -3.158411203433696413e-01 4.376349634724974674e-05
1.025641025641025550e+00 -2.883437684114420474e-01 3.979529799766141267e-05
1.230769230769230838e+00 -2.652784927452700448e-01 3.654675585033582421e-05
1.435897435897435903e+00 -2.457253622136784110e-01 3.389699865235895713e-05
1.641025641025640969e+00 -2.289723324935377669e-01 3.171723487800329227e-05
1.846153846153846034e+00 -2.142349707659858549e-01 2.977878821347053838e-05
2.051282051282051100e+00 -2.016056105466422776e-01 2.819056332959357040e-05
2.256410256410256387e+00 -1.902501520342833041e-01 2.676656166862493409e-05
2.461538461538461675e+00 -1.802525972110038954e-01 2.556458837636081080e-05
2.666666666666666519e+00 -1.714094148199793444e-01 2.452310640413154065e-05
2.871794871794871806e+00 -1.633141669930078255e-01 2.359224236517571644e-05
3.076923076923076650e+00 -1.560488863650673075e-01 2.274214750749204735e-05
3.282051282051281937e+00 -1.493849662414694635e-01 2.196799579099219382e-05
3.487179487179487225e+00 -1.431372155976381455e-01 2.122733642934794074e-05
3.692307692307692069e+00 -1.376435411118983043e-01 2.056595088725058235e-05
3.897435897435897356e+00 -1.325207755039464474e-01 1.999406490222278881e-05
4.102564102564102200e+00 -1.276873451556926886e-01 1.937068698777139058e-05
4.307692307692307487e+00 -1.233007812015759069e-01 1.876390155279626068e-05
4.512820512820512775e+00 -1.192383255115676000e-01 1.820383532582643842e-05
4.717948717948718063e+00 -1.154100044372062261e-01 1.768159688881773236e-05
4.923076923076923350e+00 -1.118444376178313049e-01 1.722811972386696102e-05
5.128205128205127750e+00 -1.084812896636183077e-01 1.680529252597996010e-05
5.333333333333333037e+00 -1.053185163340898678e-01 1.640417131574837205e-05
5.538461538461538325e+00 -1.025215289193658758e-01 1.609646537415912015e-05
5.743589743589743613e+00 -9.992226443313698137e-02 1.584037879181614147e-05
5.948717948717948900e+00 -9.756917118173960568e-02 1.564344638255787614e-05
6.153846153846153300e+00 -9.525150125481951502e-02 1.540085292932557833e-05
6.358974358974358587e+00 -9.303527009389411795e-02 1.514773042064522614e-05
6.564102564102563875e+00 -9.072698606826058720e-02 1.481033496759136600e-05
6.769230769230769162e+00 -8.860077337958342791e-02 1.450365410922183795e-05
6.974358974358974450e+00 -8.656673839452433405e-02 1.420532520327508265e-05
7.179487179487178850e+00 -8.467081461934605757e-02 1.396766484308705779e-05
7.384615384615384137e+00 -8.291058418826029175e-02 1.373623728153175279e-05
7.589743589743589425e+00 -8.126163239048048159e-02 1.355691477613881937e-05
7.794871794871794712e+00 -7.972997141610271843e-02 1.336394618053156599e-05
8.000000000000000000e+00 -7.838684376641813500e-02 1.327149104887121112e-05
8.205128205128204399e+00 -7.714069771468740067e-02 1.318874322679572851e-05
8.410256410256410575e+00 -7.588533114660717116e-02 1.308631629496366302e-05
8.615384615384614975e+00 -7.456981094186534986e-02 1.292710227942269377e-05
8.820512820512819374e+00 -7.321510802547044616e-02 1.275236525864434394e-05
9.025641025641025550e+00 -7.200338697566580071e-02 1.262227020302785876e-05
9.230769230769229949e+00 -7.084366605539696438e-02 1.248112439749158670e-05
9.435897435897436125e+00 -6.969822254858148991e-02 1.233326843767344869e-05
9.641025641025640525e+00 -6.864752802321537339e-02 1.212645973024231082e-05
9.846153846153846700e+00 -6.769816971438888387e-02 1.196182774503461372e-05
1.005128205128205110e+01 -6.678933456144733882e-02 1.183462595242167276e-05
1.025641025641025550e+01 -6.591501616847747491e-02 1.172096139411332583e-05
1.046153846153846168e+01 -6.494649071511517102e-02 1.145904093220211618e-05
1.066666666666666607e+01 -6.407887875836959513e-02 1.123196167675106802e-05
1.087179487179487225e+01 -6.312959320076279301e-02 1.104337454628841959e-05
1.107692307692307665e+01 -6.223275711143806677e-02 1.093002925533333319e-05
1.128205128205128105e+01 -6.142793113363075042e-02 1.083740474903109285e-05
1.148717948717948723e+01 -6.070763155588197041e-02 1.070215133405019058e-05
1.169230769230769162e+01 -6.014542558995249200e-02 1.064330999274982242e-05
1.189743589743589780e+01 -5.951459977589927675e-02 1.057555846283407197e-05
1.210256410256410220e+01 -5.893072871276722191e-02 1.054971144168066665e-05
1.230769230769230660e+01 -5.833339964892093887e-02 1.044853545134032254e-05
1.251282051282051277e+01 -5.781655157199645789e-02 1.036216651492124314e-05
1.271794871794871717e+01 -5.734086134605478197e-02 1.037231951953934480e-05
1.292307692307692335e+01 -5.692846950290071650e-02 1.037959700614847985e-05
1.312820512820512775e+01 -5.636677365582128812e-02 1.026567841452941557e-05
1.333333333333333215e+01 -5.586378556385526717e-02 1.022341487143478336e-05
1.353846153846153832e+01 -5.536376529525787599e-02 1.017987220547821999e-05
1.374358974358974272e+01 -5.491115375545820021e-02 1.017741581974054233e-05
1.394871794871794890e+01 -5.452549104104395528e-02 1.015623819632856950e-05
1.415384615384615330e+01 -5.413264120486832587e-02 1.003230161512437757e-05
1.435897435897435770e+01 -5.367851499908254942e-02 9.914645934851655932e-06
1.456410256410256387e+01 -5.329073185882995944e-02 9.833943189578111692e-06
1.476923076923076827e+01 -5.286887801416392807e-02 9.772291181192033064e-06
1.497435897435897445e+01 -5.248222826033899918e-02 9.764676012386402552e-06
1.517948717948717885e+01 -5.209860395726347015e-02 9.729238408587450749e-06
1.538461538461538325e+01 -5.175695081879713721e-02 9.674650517463297226e-06
1.558974358974358942e+01 -5.143804775132005541e-02 9.617706826468744891e-06
1.579487179487179382e+01 -5.115701918498278405e-02 9.563901166418136356e-06
1.600000000000000000e+01 -5.092124462090287518e-02 9.541284885193369723e-06
1.620512820512820440e+01 -5.072800718117660701e-02 9.586302983691476551e-06
1.641025641025640880e+01 -5.053027375101074026e-02 9.648259418504455956e-06
1.661538461538461320e+01 -5.035791105401452028e-02 9.664959986698354219e-06
1.682051282051282115e+01 -5.020882478092479617e-02 9.705751119794098181e-06
1.702564102564102555e+01 -5.005544385007802688e-02 9.674707724464294708e-06
1.723076923076922995e+01 -4.987198410295824724e-02 9.614273374205329026e-06
1.743589743589743435e+01 -4.980319212784600769e-02 9.692183354920247618e-06
1.764102564102563875e+01 -4.962168976165300116e-02 9.682996737675433178e-06
1.784615384615384670e+01 -4.955764906114661084e-02 9.753316150347213838e-06
1.805128205128205110e+01 -4.948478552899422678e-02 9.785632525605476189e-06
1.825641025641025550e+01 -4.939056826047479032e-02 9.846262442879462440e-06
1.846153846153845990e+01 -4.931729531197324989e-02 9.942994566919986530e-06
1.866666666666666430e+01 -4.919854319139622956e-02 1.004133593050365384e-05
1.887179487179487225e+01 -4.910426482168003814e-02 1.012598253678191759e-05
1.907692307692307665e+01 -4.900660558962914581e-02 1.017457644777061678e-05
1.928205128205128105e+01 -4.895302580425528460e-02 1.024750927320283793e-05
1.948717948717948545e+01 -4.887771136597525434e-02 1.032112001666664705e-05
1.969230769230769340e+01 -4.885416414351355374e-02 1.035880308652895196e-05
1.989743589743589780e+01 -4.882676572267036219e-02 1.037286983088604164e-05
2.010256410256410220e+01 -4.882676572267037607e-02 1.037286983088603147e-05
2.030769230769230660e+01 -4.885416414351348435e-02 1.035880308652892825e-05
2.051282051282051100e+01 -4.887771136597526822e-02 1.032112001666665043e-05
2.071794871794871895e+01 -4.895302580425528460e-02 1.024750927320283793e-05
2.092307692307692335e+01 -4.900660558962920826e-02 1.017457644777060492e-05
2.112820512820512775e+01 -4.910426482168014917e-02 1.012598253678191420e-05
2.133333333333333215e+01 -4.919854319139612547e-02 1.004133593050366062e-05
2.153846153846153655e+01 -4.931729531197326377e-02 9.942994566919978060e-06
2.174358974358974450e+01 -4.939056826047474869e-02 9.846262442879467522e-06
2.194871794871794890e+01 -4.948478552899424066e-02 9.785632525605491436e-06
2.215384615384615330e+01 -4.955764906114649981e-02 9.753316150347193510e-06
2.235897435897435770e+01 -4.962168976165299422e-02 9.682996737675414543e-06
2.256410256410256210e+01 -4.980319212784593830e-02 9.692183354920210349e-06
2.276923076923077005e+01 -4.987198410295824724e-02 9.614273374205342578e-06
2.297435897435897445e+01 -5.005544385007801300e-02 9.674707724464311648e-06
2.317948717948717885e+01 -5.020882478092479617e-02 9.705751119794111734e-06
2.338461538461538325e+01 -5.035791105401454804e-02 9.664959986698350831e-06
2.358974358974358765e+01 -5.053027375101068475e-02 9.648259418504481367e-06
2.379487179487179560e+01 -5.072800718117644742e-02 9.586302983691479939e-06
2.400000000000000000e+01 -5.092124462090288906e-02 9.541284885193376499e-06
2.420512820512820440e+01 -5.115701918498279793e-02 9.563901166418136356e-06
2.441025641025640880e+01 -5.143804775132006235e-02 9.617706826468736420e-06
2.461538461538461320e+01 -5.175695081879709558e-02 9.674650517463290449e-06
2.482051282051282115e+01 -5.209860395726351179e-02 9.729238408587425338e-06
2.502564102564102555e+01 -5.248222826033910327e-02 9.764676012386416104e-06
2.523076923076922995e+01 -5.286887801416393501e-02 9.772291181192009347e-06
2.543589743589743435e+01 -5.329073185882985536e-02 9.833943189578101527e-06
2.564102564102563875e+01 -5.367851499908266044e-02 9.914645934851644074e-06
2.584615384615384670e+01 -5.413264120486825648e-02 1.003230161512439113e-05
2.605128205128205110e+01 -5.452549104104394140e-02 1.015623819632856272e-05
2.625641025641025550e+01 -5.491115375545833205e-02 1.017741581974051861e-05
2.646153846153845990e+01 -5.536376529525788293e-02 1.017987220547818950e-05
2.666666666666666430e+01 -5.586378556385526717e-02 1.022341487143479014e-05
2.687179487179487225e+01 -5.636677365582123955e-02 1.026567841452942235e-05
2.707692307692307665e+01 -5.692846950290066099e-02 1.037959700614848154e-05
2.728205128205128105e+01 -5.734086134605463625e-02 1.037231951953937530e-05
2.748717948717948545e+01 -5.781655157199658279e-02 1.036216651492124653e-05
2.769230769230768985e+01 -5.833339964892083479e-02 1.044853545134030391e-05
2.789743589743589780e+01 -5.893072871276720803e-02 1.054971144168066834e-05
2.810256410256410220e+01 -5.951459977589927675e-02 1.057555846283404487e-05
2.830769230769230660e+01 -6.014542558995249893e-02 1.064330999274978684e-05
2.851282051282051100e+01 -6.070763155588196347e-02 1.070215133405019228e-05
2.871794871794871540e+01 -6.142793113363088225e-02 1.083740474903104372e-05
2.892307692307692335e+01 -6.223275711143803901e-02 1.093002925533336029e-05
2.912820512820512775e+01 -6.312959320076275138e-02 1.104337454628840604e-05
2.933333333333333215e+01 -6.407887875836945635e-02 1.123196167675107141e-05
2.953846153846153655e+01 -6.494649071511518490e-02 1.145904093220214159e-05
2.974358974358974095e+01 -6.591501616847758593e-02 1.172096139411331059e-05
2.994871794871794890e+01 -6.678933456144732494e-02 1.183462595242167446e-05
3.015384615384615330e+01 -6.769816971438888387e-02 1.196182774503458661e-05
3.035897435897435770e+01 -6.864752802321535952e-02 1.212645973024229726e-05
3.056410256410256210e+01 -6.969822254858158705e-02 1.233326843767344869e-05
3.076923076923076650e+01 -7.084366605539704764e-02 1.248112439749160872e-05
3.097435897435897445e+01 -7.200338697566591173e-02 1.262227020302782827e-05
3.117948717948717885e+01 -7.321510802547048780e-02 1.275236525864433039e-05
3.138461538461538325e+01 -7.456981094186528047e-02 1.292710227942267683e-05
3.158974358974358765e+01 -7.588533114660725443e-02 1.308631629496367658e-05
3.179487179487179205e+01 -7.714069771468741454e-02 1.318874322679569971e-05
3.200000000000000000e+01 -7.838684376641809337e-02 1.327149104887122467e-05
3.220512820512820440e+01 -7.972997141610269067e-02 1.336394618053156260e-05
3.241025641025640880e+01 -8.126163239048039832e-02 1.355691477613876516e-05
3.261538461538461320e+01 -8.291058418826020848e-02 1.373623728153175279e-05
3.282051282051281760e+01 -8.467081461934605757e-02 1.396766484308704763e-05
3.302564102564102200e+01 -8.656673839452458386e-02 1.420532520327507926e-05
3.323076923076922640e+01 -8.860077337958344179e-02 1.450365410922186844e-05
3.343589743589743790e+01 -9.072698606826058720e-02 1.481033496759133551e-05
3.364102564102564230e+01 -9.303527009389417346e-02 1.514773042064521428e-05
3.384615384615384670e+01 -9.525150125481954277e-02 1.540085292932559188e-05
3.405128205128205110e+01 -9.756917118173974446e-02 1.564344638255789647e-05
3.425641025641025550e+01 -9.992226443313695361e-02 1.584037879181615503e-05
3.446153846153845990e+01 -1.025215289193656676e-01 1.609646537415914387e-05
3.466666666666666430e+01 -1.053185163340898123e-01 1.640417131574832801e-05
3.487179487179486870e+01 -1.084812896636182245e-01 1.680529252597996010e-05
3.507692307692307310e+01 -1.118444376178313604e-01 1.722811972386697457e-05
3.528205128205127750e+01 -1.154100044372063649e-01 1.768159688881777302e-05
3.548717948717948900e+01 -1.192383255115676555e-01 1.820383532582646891e-05
3.569230769230769340e+01 -1.233007812015758375e-01 1.876390155279624713e-05
3.589743589743589780e+01 -1.276873451556926886e-01 1.937068698777140414e-05
3.610256410256410220e+01 -1.325207755039463919e-01 1.999406490222281591e-05
3.630769230769230660e+01 -1.376435411118983598e-01 2.056595088725054847e-05
3.651282051282051100e+01 -1.431372155976380067e-01 2.122733642934798140e-05
3.671794871794871540e+01 -1.493849662414691859e-01 2.196799579099217688e-05
3.692307692307691980e+01 -1.560488863650671687e-01 2.274214750749203379e-05
3.712820512820512420e+01 -1.633141669930079365e-01 2.359224236517575710e-05
3.733333333333332860e+01 -1.714094148199793721e-01 2.452310640413152032e-05
3.753846153846154010e+01 -1.802525972110041452e-01 2.556458837636073626e-05
3.774358974358974450e+01 -1.902501520342834151e-01 2.676656166862493070e-05
3.794871794871794890e+01 -2.016056105466421666e-01 2.819056332959354329e-05
3.815384615384615330e+01 -2.142349707659859104e-01 2.977878821347054516e-05
3.835897435897435770e+01 -2.289723324935376558e-01 3.171723487800312286e-05
3.856410256410256210e+01 -2.457253622136783555e-01 3.389699865235901134e-05
3.876923076923076650e+01 -2.652784927452698227e-01 3.654675585033585132e-05
3.897435897435897090e+01 -2.883437684114418254e-01 3.979529799766123649e-05
3.917948717948717530e+01 -3.158411203433697523e-01 4.376349634724967220e-05
3.938461538461538680e+01 -3.489766036456021236e-01 4.885283331408442928e-05
3.958974358974359120e+01 -3.891703124503447797e-01 5.544596860879291299e-05
3.979487179487179560e+01 -4.385877168283710548e-01 6.388210374519091427e-05
4.000000000000000000e+01 -4.999999999999998890e-01 7.483251940472228044e-05
