0.000000000000000000e+00 -4.999999999999992228e-01 7.121884476790028016e-06
2.051282051282051211e-01 -3.589462803824784998e-01 1.381966677556150945e-05
4.102564102564102422e-01 -2.611961293768776393e-01 1.931493028253182306e-05
6.153846153846154188e-01 -1.925335278187807198e-01 2.367033558616696745e-05
8.205128205128204844e-01 -1.438403083763855894e-01 2.714608055135281324e-05
1.025641025641025550e+00 -1.086753904867777537e-01 2.896134654441005657e-05
1.230769230769230838e+00 -8.334459650962068589e-02 3.048633916598710372e-05
1.435897435897435903e+00 -6.479434529691682765e-02 3.237281395925944430e-05
1.641025641025640969e+00 -5.079114288788445786e-02 3.326205939799862599e-05
1.846153846153846034e+00 -4.031200021799985489e-02 3.466424093968126398e-05
2.051282051282051100e+00 -3.199160433429391187e-02 3.452139511768301467e-05
2.256410256410256387e+00 -2.458706015426802630e-02 3.123712360281343556e-05
2.461538461538461675e+00 -1.952643908653345015e-02 3.251365895084862414e-05
2.666666666666666519e+00 -1.577559701221624769e-02 3.577511848102030541e-05
2.871794871794871806e+00 -1.307506641470600542e-02 3.707498154324401283e-05
3.076923076923076650e+00 -1.019745903347844471e-02 2.823843780632323100e-05
3.282051282051281937e+00 -8.264755192274953269e-03 2.336401120891689055e-05
3.487179487179487225e+00 -6.725718419490323875e-03 2.067354153826827910e-05
3.692307692307692069e+00 -5.643458052244256298e-03 1.832518782462653014e-05
3.897435897435897356e+00 -4.523435351647938328e-03 1.449924924876194589e-05
4.102564102564102200e+00 -3.499583951507206480e-03 1.094133194967602157e-05
4.307692307692307487e+00 -2.889175802965585852e-03 1.038501571921668082e-05
4.512820512820512775e+00 -2.294395380357222135e-03 8.032752549268085203e-06
4.717948717948718063e+00 -1.949329923825858122e-03 7.838340639503266866e-06
4.923076923076923350e+00 -1.527387277682806061e-03 5.562066809167159259e-06
5.128205128205127750e+00 -1.243573456487763376e-03 4.916158944304472535e-06
5.333333333333333037e+00 -1.022713558641342568e-03 4.129023479708490463e-06
5.538461538461538325e+00 -8.374725646086122717e-04 3.235143518692257422e-06
5.743589743589743613e+00 -7.078578420091864373e-04 2.867937633955867927e-06
5.948717948717948900e+00 -6.199001720835408281e-04 2.591936428672440101e-06
6.153846153846153300e+00 -4.953870998010175128e-04 1.920316796640732147e-06
6.358974358974358587e+00 -4.245012082069478648e-04 1.659320991775868792e-06
6.564102564102563875e+00 -3.666694560602557721e-04 1.617548531093112155e-06
6.769230769230769162e+00 -3.424259181839280205e-04 1.946875070194486742e-06
6.974358974358974450e+00 -2.993311645413391695e-04 1.741741386307082877e-06
7.179487179487178850e+00 -2.698094013931230900e-04 1.869376006312329892e-06
7.384615384615384137e+00 -2.191219356079825457e-04 1.375828879383127258e-06
7.589743589743589425e+00 -1.835369126327975259e-04 1.047409704853210747e-06
7.794871794871794712e+00 -1.462276984059240979e-04 7.099321695946065261e-07
8.000000000000000000e+00 -1.312554559061094846e-04 6.428253056987761437e-07
8.205128205128204399e+00 -1.020982108159891610e-04 4.420024808222233626e-07
8.410256410256410575e+00 -8.360295101614001456e-05 3.061551758259430482e-07
8.615384615384614975e+00 -6.807715277838691172e-05 2.085103412081931266e-07
8.820512820512819374e+00 -5.591455212656866079e-05 1.727081661973701981e-07
9.025641025641025550e+00 -4.991564737565158590e-05 1.458815700642150608e-07
9.230769230769229949e+00 -3.958763728743792840e-05 1.083155299159643436e-07
9.435897435897436125e+00 -3.206254587302759880e-05 7.634559458851540518e-08
9.641025641025640525e+00 -2.831801078416042541e-05 5.991651834232594860e-08
9.846153846153846700e+00 -2.195262526301053915e-05 4.958432013375321107e-08
1.005128205128205110e+01 -2.093923917816502300e-05 4.529590621167436788e-08
1.025641025641025550e+01 -1.765956251977012189e-05 4.064660967296061351e-08
1.046153846153846168e+01 -1.442723803240593081e-05 3.942364827155756825e-08
1.066666666666666607e+01 -1.435505115117677698e-05 3.084449804299042407e-08
1.087179487179487225e+01 -1.079570363350909791e-05 2.933577907203121643e-08
1.107692307692307665e+01 -1.037723973365744957e-05 2.483981634168531575e-08
1.128205128205128105e+01 -9.623464274587947652e-06 2.059759738535277301e-08
1.148717948717948723e+01 -6.552923144583904353e-06 1.613909683666770974e-08
1.169230769230769162e+01 -7.801016740255659626e-06 1.447246322300108628e-08
1.189743589743589780e+01 -5.341280817529389855e-06 1.140423146781674172e-08
1.210256410256410220e+01 -4.510931626181389177e-06 8.900559285129990753e-09
1.230769230769230660e+01 -5.140304408985806213e-06 6.881943435828083498e-09
1.251282051282051277e+01 -2.564914162200300547e-06 5.865901084657674151e-09
1.271794871794871717e+01 -3.728403010979980983e-06 4.649073500928010034e-09
1.292307692307692335e+01 -2.851675892192537739e-06 4.002745147851196694e-09
1.312820512820512775e+01 -1.612526819696784552e-06 3.506524474476483785e-09
1.333333333333333215e+01 -3.166072410791048868e-06 3.231754978655949364e-09
1.353846153846153832e+01 -1.099842132165789109e-06 2.948549079499504190e-09
1.374358974358974272e+01 -1.780127261229655629e-06 2.648258620631296973e-09
1.394871794871794890e+01 -2.045203489398260678e-06 2.790398840316617445e-09
1.415384615384615330e+01 -3.256149431304880190e-07 2.773518861929374006e-09
1.435897435897435770e+01 -2.062091589797097395e-06 3.174922717051041715e-09
1.456410256410256387e+01 -6.963554545934865484e-07 2.929018148157143042e-09
1.476923076923076827e+01 -6.088778266059009167e-07 3.001857351026600825e-09
1.497435897435897445e+01 -1.704756605853762617e-06 2.566094233771516149e-09
1.517948717948717885e+01 2.054535417163588821e-07 2.010947471426127276e-09
1.538461538461538325e+01 -1.244101469846797484e-06 2.173773035929609154e-09
1.558974358974358942e+01 -7.023354977557480461e-07 1.639298815775942471e-09
1.579487179487179382e+01 1.881240501008361427e-07 1.479792811705027507e-09
1.600000000000000000e+01 -1.397597839015595005e-06 1.104942483542977514e-09
1.620512820512820440e+01 3.210824736457417461e-07 8.405977738167733342e-10
1.641025641025640880e+01 -4.621273078643429603e-07 7.320226248922829178e-10
1.661538461538461320e+01 -8.420441682130603051e-07 7.095432651821796838e-10
1.682051282051282115e+01 6.230319467768427740e-07 6.697847862230054081e-10
1.702564102564102555e+01 -1.078726434462839667e-06 6.573885918389835608e-10
1.723076923076922995e+01 1.029940483785863565e-07 5.912993287598214755e-10
1.743589743589743435e+01 1.239271108670222074e-07 5.755904009797458026e-10
1.764102564102563875e+01 -9.835964549169932574e-07 5.197144092607898976e-10
1.784615384615384670e+01 7.376672243325534490e-07 4.694934182571992433e-10
1.805128205128205110e+01 -6.611395169710100834e-07 4.323085317269429593e-10
1.825641025641025550e+01 -2.330089966393260468e-07 4.110477199170988416e-10
1.846153846153845990e+01 5.761074138750625126e-07 3.765805541434728261e-10
1.866666666666666430e+01 -9.974754094271026305e-07 3.759548429557567090e-10
1.887179487179487225e+01 6.034162662419014332e-07 4.212652050467145348e-10
1.907692307692307665e+01 -1.734082138281764769e-07 4.252187436181279908e-10
1.928205128205128105e+01 -5.807596177845133998e-07 4.072694167736853997e-10
1.948717948717948545e+01 8.049023690316103483e-07 4.121646440868180018e-10
1.969230769230769340e+01 -8.769596556880464562e-07 4.379805059636056984e-10
1.989743589743589780e+01 2.446543762132843278e-07 4.676352355310552484e-10
2.010256410256410220e+01 2.446543761727827063e-07 4.676352355297492336e-10
2.030769230769230660e+01 -8.769596556997382637e-07 4.379805059726423881e-10
2.051282051282051100e+01 8.049023690690279229e-07 4.121646440998741172e-10
2.071794871794871895e+01 -5.807596177958403479e-07 4.072694167841347071e-10
2.092307692307692335e+01 -1.734082138437718093e-07 4.252187436234097458e-10
2.112820512820512775e+01 6.034162662143553924e-07 4.212652050591901245e-10
2.133333333333333215e+01 -9.974754094129895792e-07 3.759548429567647319e-10
2.153846153846153655e+01 5.761074138836003929e-07 3.765805541490827650e-10
2.174358974358974450e+01 -2.330089966621585081e-07 4.110477199086450040e-10
2.194871794871794890e+01 -6.611395169228475783e-07 4.323085317102558829e-10
2.215384615384615330e+01 7.376672243461347753e-07 4.694934182434635990e-10
2.235897435897435770e+01 -9.835964549222454969e-07 5.197144092578168037e-10
2.256410256410256210e+01 1.239271108640599214e-07 5.755904009969243794e-10
2.276923076923077005e+01 1.029940484129679399e-07 5.912993287622917470e-10
2.297435897435897445e+01 -1.078726434492724895e-06 6.573885918690295524e-10
2.317948717948717885e+01 6.230319468339029367e-07 6.697847862291745211e-10
2.338461538461538325e+01 -8.420441682692199659e-07 7.095432651946562558e-10
2.358974358974358765e+01 -4.621273078490781560e-07 7.320226249069914299e-10
2.379487179487179560e+01 3.210824736395985337e-07 8.405977738331193537e-10
2.400000000000000000e+01 -1.397597839000099808e-06 1.104942483549187780e-09
2.420512820512820440e+01 1.881240500939680289e-07 1.479792811716654151e-09
2.441025641025640880e+01 -7.023354977510390724e-07 1.639298815781238908e-09
2.461538461538461320e+01 -1.244101469834959139e-06 2.173773035930865228e-09
2.482051282051282115e+01 2.054535416799782611e-07 2.010947471425196698e-09
2.502564102564102555e+01 -1.704756605835859094e-06 2.566094233775131342e-09
2.523076923076922995e+01 -6.088778265734726838e-07 3.001857351029804910e-09
2.543589743589743435e+01 -6.963554545533222578e-07 2.929018148155061442e-09
2.564102564102563875e+01 -2.062091589814441665e-06 3.174922717051486739e-09
2.584615384615384670e+01 -3.256149431721507639e-07 2.773518861914557134e-09
2.605128205128205110e+01 -2.045203489397063397e-06 2.790398840291229204e-09
2.625641025641025550e+01 -1.780127261216062233e-06 2.648258620609002387e-09
2.646153846153845990e+01 -1.099842132150513081e-06 2.948549079482558568e-09
2.666666666666666430e+01 -3.166072410798898746e-06 3.231754978640742890e-09
2.687179487179487225e+01 -1.612526819663543379e-06 3.506524474469558629e-09
2.707692307692307665e+01 -2.851675892246618675e-06 4.002745147849348772e-09
2.728205128205128105e+01 -3.728403010999081576e-06 4.649073500923742610e-09
2.748717948717948545e+01 -2.564914162178933718e-06 5.865901084657452466e-09
2.769230769230768985e+01 -5.140304408962258697e-06 6.881943435824962545e-09
2.789743589743589780e+01 -4.510931626180574331e-06 8.900559285118855247e-09
2.810256410256410220e+01 -5.341280817537517983e-06 1.140423146779382882e-08
2.830769230769230660e+01 -7.801016740252166462e-06 1.447246322298159460e-08
2.851282051282051100e+01 -6.552923144581569930e-06 1.613909683665057718e-08
2.871794871794871540e+01 -9.623464274596570448e-06 2.059759738534319757e-08
2.892307692307692335e+01 -1.037723973361176400e-05 2.483981634168462423e-08
2.912820512820512775e+01 -1.079570363350383614e-05 2.933577907203001206e-08
2.933333333333333215e+01 -1.435505115120080731e-05 3.084449804298558671e-08
2.953846153846153655e+01 -1.442723803241758429e-05 3.942364827155743590e-08
2.974358974358974095e+01 -1.765956251977085712e-05 4.064660967296131496e-08
2.994871794871794890e+01 -2.093923917817948693e-05 4.529590621167361349e-08
3.015384615384615330e+01 -2.195262526304411215e-05 4.958432013375291990e-08
3.035897435897435770e+01 -2.831801078410468725e-05 5.991651834232834412e-08
3.056410256410256210e+01 -3.206254587300728356e-05 7.634559458851749630e-08
3.076923076923076650e+01 -3.958763728745506557e-05 1.083155299159640392e-07
3.097435897435897445e+01 -4.991564737563913113e-05 1.458815700642145314e-07
3.117948717948717885e+01 -5.591455212657213701e-05 1.727081661973656982e-07
3.138461538461538325e+01 -6.807715277834766360e-05 2.085103412081905325e-07
3.158974358974358765e+01 -8.360295101617290655e-05 3.061551758259465951e-07
3.179487179487179205e+01 -1.020982108159888086e-04 4.420024808222320976e-07
3.200000000000000000e+01 -1.312554559061156916e-04 6.428253056987992254e-07
3.220512820512820440e+01 -1.462276984059581147e-04 7.099321695946415721e-07
3.241025641025640880e+01 -1.835369126328111056e-04 1.047409704853281051e-06
3.261538461538461320e+01 -2.191219356079783444e-04 1.375828879383254737e-06
3.282051282051281760e+01 -2.698094013931141453e-04 1.869376006312517721e-06
3.302564102564102200e+01 -2.993311645413680635e-04 1.741741386307261390e-06
3.323076923076922640e+01 -3.424259181839804417e-04 1.946875070194687489e-06
3.343589743589743790e+01 -3.666694560602523027e-04 1.617548531093241963e-06
3.364102564102564230e+01 -4.245012082069518763e-04 1.659320991775943120e-06
3.384615384615384670e+01 -4.953870998010185970e-04 1.920316796640788475e-06
3.405128205128205110e+01 -6.199001720835733541e-04 2.591936428672507440e-06
3.425641025641025550e+01 -7.078578420091840521e-04 2.867937633955968723e-06
3.446153846153845990e+01 -8.374725646086544472e-04 3.235143518692373889e-06
3.466666666666666430e+01 -1.022713558641368155e-03 4.129023479708656482e-06
3.487179487179486870e+01 -1.243573456487771615e-03 4.916158944304641095e-06
3.507692307692307310e+01 -1.527387277682784161e-03 5.562066809167304949e-06
3.528205128205127750e+01 -1.949329923825878939e-03 7.838340639503476931e-06
3.548717948717948900e+01 -2.294395380357162721e-03 8.032752549268161435e-06
3.569230769230769340e+01 -2.889175802965552892e-03 1.038501571921683837e-05
3.589743589743589780e+01 -3.499583951507175255e-03 1.094133194967586233e-05
3.610256410256410220e+01 -4.523435351647855929e-03 1.449924924876142243e-05
3.630769230769230660e+01 -5.643458052244172164e-03 1.832518782462511052e-05
3.651282051282051100e+01 -6.725718419490137392e-03 2.067354153826557537e-05
3.671794871794871540e+01 -8.264755192274748571e-03 2.336401120891389883e-05
3.692307692307691980e+01 -1.019745903347818276e-02 2.823843780631880271e-05
3.712820512820512420e+01 -1.307506641470574001e-02 3.707498154323783966e-05
3.733333333333332860e+01 -1.577559701221609503e-02 3.577511848101607025e-05
3.753846153846154010e+01 -1.952643908653337729e-02 3.251365895084662515e-05
3.774358974358974450e+01 -2.458706015426794650e-02 3.123712360281267661e-05
3.794871794871794890e+01 -3.199160433429384248e-02 3.452139511768262842e-05
3.815384615384615330e+01 -4.031200021799984795e-02 3.466424093968107424e-05
3.835897435897435770e+01 -5.079114288788438847e-02 3.326205939799858533e-05
3.856410256410256210e+01 -6.479434529691682765e-02 3.237281395925936976e-05
3.876923076923076650e+01 -8.334459650962075528e-02 3.048633916598704274e-05
3.897435897435897090e+01 -1.086753904867776843e-01 2.896134654441012094e-05
3.917948717948717530e+01 -1.438403083763857282e-01 2.714608055135280985e-05
3.938461538461538680e+01 -1.925335278187808308e-01 2.367033558616693696e-05
3.958974358974359120e+01 -2.611961293768775838e-01 1.931493028253215849e-05
3.979487179487179560e+01 -3.589462803824783887e-01 1.381966677556234123e-05
4.000000000000000000e+01 -5.000000000000007772e-01 7.121884476790028016e-06
