0.000000000000000000e+00 -5.000000000000009992e-01 9.385227880250481393e-05
2.051282051282051211e-01 -3.852778017574585712e-01 6.022352748932309095e-05
4.102564102564102422e-01 -3.002051746143254429e-01 4.684447996944631588e-05
6.153846153846154188e-01 -2.365960493750521310e-01 4.998513165721815097e-05
8.205128205128204844e-01 -1.874747862839556967e-01 5.581834313732902974e-05
1.025641025641025550e+00 -1.511041817448053326e-01 5.571081631090572594e-05
1.230769230769230838e+00 -1.216785753808552889e-01 5.804489585575052583e-05
1.435897435897435903e+00 -9.976377253179265214e-02 5.362726689304405579e-05
1.641025641025640969e+00 -8.302915875678926194e-02 4.671502219125100265e-05
1.846153846153846034e+00 -6.923300313082716984e-02 4.888811723684421213e-05
2.051282051282051100e+00 -5.833604279604262532e-02 4.183756699042157231e-05
2.256410256410256387e+00 -4.906616712995583857e-02 3.918417313237578908e-05
2.461538461538461675e+00 -4.234481216034254036e-02 3.604708791180549602e-05
2.666666666666666519e+00 -3.731104197022606928e-02 3.560155722816112859e-05
2.871794871794871806e+00 -3.308490200909301043e-02 3.520708144043972277e-05
3.076923076923076650e+00 -2.911621304724920645e-02 3.394886403026544031e-05
3.282051282051281937e+00 -2.586105631868192492e-02 3.320252067105855992e-05
3.487179487179487225e+00 -2.287881734057177138e-02 3.180831049523215022e-05
3.692307692307692069e+00 -2.061919085801277793e-02 3.264971454619392075e-05
3.897435897435897356e+00 -1.851962488432093434e-02 3.239358282094219636e-05
4.102564102564102200e+00 -1.682904214705529394e-02 3.181339900126264826e-05
4.307692307692307487e+00 -1.556943013696336295e-02 3.286764573656454332e-05
4.512820512820512775e+00 -1.472355525471433224e-02 3.626756482765197931e-05
4.717948717948718063e+00 -1.396638431428412486e-02 3.850240285820748497e-05
4.923076923076923350e+00 -1.309697790660331769e-02 3.967678118884249296e-05
5.128205128205127750e+00 -1.256121590380325850e-02 4.141756938208848168e-05
5.333333333333333037e+00 -1.192467074339547024e-02 4.254934097787607694e-05
5.538461538461538325e+00 -1.168139172974360859e-02 4.743445415720845657e-05
5.743589743589743613e+00 -1.092558840319762282e-02 4.702908101020425479e-05
5.948717948717948900e+00 -1.001421857848031408e-02 4.717869188230122891e-05
6.153846153846153300e+00 -8.208883942382406637e-03 3.823343818953587632e-05
6.358974358974358587e+00 -7.136184665096394902e-03 3.381528618597680666e-05
6.564102564102563875e+00 -6.401932108012110476e-03 3.399144015280635366e-05
6.769230769230769162e+00 -5.329668858310388120e-03 2.744351552488314270e-05
6.974358974358974450e+00 -4.241823024108040685e-03 2.341717004860685824e-05
7.179487179487178850e+00 -3.867867443729606104e-03 2.106352728636699576e-05
7.384615384615384137e+00 -3.080136140165108498e-03 2.009693339763233015e-05
7.589743589743589425e+00 -2.669843805335079742e-03 1.692324380662739382e-05
7.794871794871794712e+00 -2.278421913425763504e-03 1.231061368105644405e-05
8.000000000000000000e+00 -2.126838644820922171e-03 1.058173500220823328e-05
8.205128205128204399e+00 -1.953050272466061010e-03 8.516296872283398353e-06
8.410256410256410575e+00 -1.754612830808142130e-03 7.198640523354058637e-06
8.615384615384614975e+00 -1.559790753362863547e-03 5.821478869053639612e-06
8.820512820512819374e+00 -1.391066589445732289e-03 4.893924893274233103e-06
9.025641025641025550e+00 -1.272357189637103115e-03 4.537378733372446951e-06
9.230769230769229949e+00 -1.171536972731205195e-03 4.774084476817826161e-06
9.435897435897436125e+00 -1.056069886568557692e-03 4.337426573703838545e-06
9.641025641025640525e+00 -9.251385617000288742e-04 3.769340535241133165e-06
9.846153846153846700e+00 -8.248023507936082677e-04 3.513554423015450374e-06
1.005128205128205110e+01 -7.321156935781211305e-04 2.999600562823141291e-06
1.025641025641025550e+01 -6.943137739481174044e-04 3.351306800105578100e-06
1.046153846153846168e+01 -7.063665180795195443e-04 4.334869340952045497e-06
1.066666666666666607e+01 -6.238520498803137903e-04 3.590511788261876074e-06
1.087179487179487225e+01 -5.443633302465722412e-04 2.805186393832271207e-06
1.107692307692307665e+01 -5.181843028881159396e-04 2.878431233279482703e-06
1.128205128205128105e+01 -5.360781063852722815e-04 3.660705705027752398e-06
1.148717948717948723e+01 -4.622831297432276822e-04 2.953587119738626651e-06
1.169230769230769162e+01 -4.002228711525266801e-04 2.280824136858821667e-06
1.189743589743589780e+01 -3.515282743940202951e-04 1.853320255645578231e-06
1.210256410256410220e+01 -3.240934016243597615e-04 1.767203523941793663e-06
1.230769230769230660e+01 -2.894157606576813258e-04 1.470673076243654018e-06
1.251282051282051277e+01 -2.557411516347087802e-04 1.240646474440757038e-06
1.271794871794871717e+01 -2.377030237973081698e-04 1.239856691201845305e-06
1.292307692307692335e+01 -2.326201236154005277e-04 1.513205981061714994e-06
1.312820512820512775e+01 -2.164130502249915272e-04 1.462099943696101895e-06
1.333333333333333215e+01 -1.979061477759868400e-04 1.364142101851228231e-06
1.353846153846153832e+01 -1.662700150850001356e-04 1.063620577434939632e-06
1.374358974358974272e+01 -1.495722422795223963e-04 9.630865100693723385e-07
1.394871794871794890e+01 -1.446430012776358381e-04 9.946780763636683740e-07
1.415384615384615330e+01 -1.483458066904332062e-04 1.210860149114948819e-06
1.435897435897435770e+01 -1.331766577414698915e-04 9.817311652972657176e-07
1.456410256410256387e+01 -1.157917874833427928e-04 7.619125345480055461e-07
1.476923076923076827e+01 -1.026573335910589815e-04 6.084174954304320842e-07
1.497435897435897445e+01 -8.874137203556550454e-05 4.648174688002904161e-07
1.517948717948717885e+01 -7.524483994081405838e-05 3.751600290149767386e-07
1.538461538461538325e+01 -7.184134916992010163e-05 3.612927266940004741e-07
1.558974358974358942e+01 -6.394461855037810946e-05 3.130708175694765915e-07
1.579487179487179382e+01 -5.621846636437076249e-05 2.783059017680065358e-07
1.600000000000000000e+01 -5.529732003001662977e-05 2.976008792035867283e-07
1.620512820512820440e+01 -5.025298240643679852e-05 3.094023402052792513e-07
1.641025641025640880e+01 -4.554605798701062707e-05 2.640827679935787510e-07
1.661538461538461320e+01 -4.482814741078970248e-05 2.834664419227657828e-07
1.682051282051282115e+01 -4.125510596302341419e-05 3.006525693348197202e-07
1.702564102564102555e+01 -3.784205585727771419e-05 2.424263085220816035e-07
1.723076923076922995e+01 -3.153300599599280322e-05 1.762136222286492359e-07
1.743589743589743435e+01 -2.713944654198255471e-05 1.255363349220022325e-07
1.764102564102563875e+01 -2.491462390221813974e-05 9.452540040880047013e-08
1.784615384615384670e+01 -2.089820732958413328e-05 7.993382995215743346e-08
1.805128205128205110e+01 -2.172798494676133818e-05 8.305579301133006118e-08
1.825641025641025550e+01 -2.073710629801032938e-05 8.615784193161411231e-08
1.846153846153845990e+01 -1.923033193117103652e-05 7.723461609537498318e-08
1.866666666666666430e+01 -2.066109273001454181e-05 7.547547405827342304e-08
1.887179487179487225e+01 -1.867126022818803581e-05 7.208786175204621139e-08
1.907692307692307665e+01 -1.929584827680310007e-05 7.136155750378389164e-08
1.928205128205128105e+01 -1.939930645327895710e-05 6.904006129175738624e-08
1.948717948717948545e+01 -1.732211390641110233e-05 6.208302345646653654e-08
1.969230769230769340e+01 -1.864957760578167938e-05 5.928874635766009954e-08
1.989743589743589780e+01 -1.741841870353614532e-05 5.754824692410598312e-08
2.010256410256410220e+01 -1.741841870354066170e-05 5.754824692410208545e-08
2.030769230769230660e+01 -1.864957760576307514e-05 5.928874635763601866e-08
2.051282051282051100e+01 -1.732211390642308615e-05 6.208302345644587687e-08
2.071794871794871895e+01 -1.939930645327623982e-05 6.904006129172662835e-08
2.092307692307692335e+01 -1.929584827681830601e-05 7.136155750376843329e-08
2.112820512820512775e+01 -1.867126022817521512e-05 7.208786175204115566e-08
2.133333333333333215e+01 -2.066109272998952384e-05 7.547547405829310332e-08
2.153846153846153655e+01 -1.923033193116930180e-05 7.723461609540187647e-08
2.174358974358974450e+01 -2.073710629800880133e-05 8.615784193164513489e-08
2.194871794871794890e+01 -2.172798494674287286e-05 8.305579301135078701e-08
2.215384615384615330e+01 -2.089820732954031458e-05 7.993382995219425293e-08
2.235897435897435770e+01 -2.491462390226017968e-05 9.452540040882328708e-08
2.256410256410256210e+01 -2.713944654199035081e-05 1.255363349220029472e-07
2.276923076923077005e+01 -3.153300599596836802e-05 1.762136222286341217e-07
2.297435897435897445e+01 -3.784205585726439883e-05 2.424263085220485692e-07
2.317948717948717885e+01 -4.125510596304748348e-05 3.006525693347522222e-07
2.338461538461538325e+01 -4.482814741073839939e-05 2.834664419226764738e-07
2.358974358974358765e+01 -4.554605798697685418e-05 2.640827679935033121e-07
2.379487179487179560e+01 -5.025298240642195850e-05 3.094023402051719428e-07
2.400000000000000000e+01 -5.529732003001551168e-05 2.976008792034132983e-07
2.420512820512820440e+01 -5.621846636434182107e-05 2.783059017678771515e-07
2.441025641025640880e+01 -6.394461855035272558e-05 3.130708175693292607e-07
2.461538461538461320e+01 -7.184134916985774645e-05 3.612927266938426613e-07
2.482051282051282115e+01 -7.524483994079985533e-05 3.751600290148401545e-07
2.502564102564102555e+01 -8.874137203557081713e-05 4.648174688001257741e-07
2.523076923076922995e+01 -1.026573335909739665e-04 6.084174954302354667e-07
2.543589743589743435e+01 -1.157917874833012137e-04 7.619125345478482098e-07
2.564102564102563875e+01 -1.331766577413957321e-04 9.817311652971111341e-07
2.584615384615384670e+01 -1.483458066904278123e-04 1.210860149114767554e-06
2.605128205128205110e+01 -1.446430012775665034e-04 9.946780763634475101e-07
2.625641025641025550e+01 -1.495722422794964568e-04 9.630865100691349575e-07
2.646153846153845990e+01 -1.662700150848919051e-04 1.063620577434661594e-06
2.666666666666666430e+01 -1.979061477758784740e-04 1.364142101850894077e-06
2.687179487179487225e+01 -2.164130502249570767e-04 1.462099943695804163e-06
2.707692307692307665e+01 -2.326201236153464802e-04 1.513205981061444155e-06
2.728205128205128105e+01 -2.377030237972338207e-04 1.239856691201582936e-06
2.748717948717948545e+01 -2.557411516345626840e-04 1.240646474440495728e-06
2.769230769230768985e+01 -2.894157606576135090e-04 1.470673076243361368e-06
2.789743589743589780e+01 -3.240934016242010885e-04 1.767203523941447650e-06
2.810256410256410220e+01 -3.515282743939152359e-04 1.853320255645211466e-06
2.830769230769230660e+01 -4.002228711524267167e-04 2.280824136858454478e-06
2.851282051282051100e+01 -4.622831297431017521e-04 2.953587119738198900e-06
2.871794871794871540e+01 -5.360781063851106270e-04 3.660705705027214109e-06
2.892307692307692335e+01 -5.181843028879777038e-04 2.878431233278896556e-06
2.912820512820512775e+01 -5.443633302464061414e-04 2.805186393831687602e-06
2.933333333333333215e+01 -6.238520498800836141e-04 3.590511788261209882e-06
2.953846153846153655e+01 -7.063665180792623715e-04 4.334869340951237428e-06
2.974358974358974095e+01 -6.943137739478849515e-04 3.351306800104834829e-06
2.994871794871794890e+01 -7.321156935778495379e-04 2.999600562822528039e-06
3.015384615384615330e+01 -8.248023507934060640e-04 3.513554423014783335e-06
3.035897435897435770e+01 -9.251385616997257312e-04 3.769340535240326366e-06
3.056410256410256210e+01 -1.056069886568261054e-03 4.337426573703048263e-06
3.076923076923076650e+01 -1.171536972730821170e-03 4.774084476817001998e-06
3.097435897435897445e+01 -1.272357189636677240e-03 4.537378733371457616e-06
3.117948717948717885e+01 -1.391066589445376670e-03 4.893924893273264097e-06
3.138461538461538325e+01 -1.559790753362398424e-03 5.821478869052687547e-06
3.158974358974358765e+01 -1.754612830807586368e-03 7.198640523353076078e-06
3.179487179487179205e+01 -1.953050272465522161e-03 8.516296872282429347e-06
3.200000000000000000e+01 -2.126838644820346243e-03 1.058173500220739810e-05
3.220512820512820440e+01 -2.278421913425099105e-03 1.231061368105568850e-05
3.241025641025640880e+01 -2.669843805334312127e-03 1.692324380662630961e-05
3.261538461538461320e+01 -3.080136140164150930e-03 2.009693339763050056e-05
3.282051282051281760e+01 -3.867867443728589122e-03 2.106352728636363473e-05
3.302564102564102200e+01 -4.241823024107004188e-03 2.341717004860303643e-05
3.323076923076922640e+01 -5.329668858309081873e-03 2.744351552487588871e-05
3.343589743589743790e+01 -6.401932108010569174e-03 3.399144015279624348e-05
3.364102564102564230e+01 -7.136184665094750385e-03 3.381528618596765193e-05
3.384615384615384670e+01 -8.208883942380592116e-03 3.823343818952545443e-05
3.405128205128205110e+01 -1.001421857847822547e-02 4.717869188228874703e-05
3.425641025641025550e+01 -1.092558840319546656e-02 4.702908101019385323e-05
3.446153846153845990e+01 -1.168139172974136386e-02 4.743445415719999979e-05
3.466666666666666430e+01 -1.192467074339338858e-02 4.254934097786922613e-05
3.487179487179486870e+01 -1.256121590380111092e-02 4.141756938208273540e-05
3.507692307692307310e+01 -1.309697790660133490e-02 3.967678118883734300e-05
3.528205128205127750e+01 -1.396638431428216288e-02 3.850240285820210462e-05
3.548717948717948900e+01 -1.472355525471248996e-02 3.626756482764714105e-05
3.569230769230769340e+01 -1.556943013696155190e-02 3.286764573656066052e-05
3.589743589743589780e+01 -1.682904214705360085e-02 3.181339900125917881e-05
3.610256410256410220e+01 -1.851962488431926901e-02 3.239358282093882856e-05
3.630769230769230660e+01 -2.061919085801105708e-02 3.264971454619088498e-05
3.651282051282051100e+01 -2.287881734057008176e-02 3.180831049522929064e-05
3.671794871794871540e+01 -2.586105631868022142e-02 3.320252067105585619e-05
3.692307692307691980e+01 -2.911621304724754111e-02 3.394886403026283823e-05
3.712820512820512420e+01 -3.308490200909154633e-02 3.520708144043708680e-05
3.733333333333332860e+01 -3.731104197022456354e-02 3.560155722815880433e-05
3.753846153846154010e+01 -4.234481216034117340e-02 3.604708791180360545e-05
3.774358974358974450e+01 -4.906616712995458263e-02 3.918417313237418311e-05
3.794871794871794890e+01 -5.833604279604141102e-02 4.183756699042006120e-05
3.815384615384615330e+01 -6.923300313082605961e-02 4.888811723684241642e-05
3.835897435897435770e+01 -8.302915875678823499e-02 4.671502219124930858e-05
3.856410256410256210e+01 -9.976377253179176396e-02 5.362726689304207035e-05
3.876923076923076650e+01 -1.216785753808544424e-01 5.804489585574864881e-05
3.897435897435897090e+01 -1.511041817448045277e-01 5.571081631090484503e-05
3.917948717948717530e+01 -1.874747862839550860e-01 5.581834313732821659e-05
3.938461538461538680e+01 -2.365960493750517424e-01 4.998513165721776472e-05
3.958974358974359120e+01 -3.002051746143249988e-01 4.684447996944608549e-05
3.979487179487179560e+01 -3.852778017574584601e-01 6.022352748932281990e-05
4.000000000000000000e+01 -4.999999999999990008e-01 9.385227880250481393e-05
