0.000000000000000000e+00 -5.000000000000000000e-01 6.603087678464704554e-05
2.051282051282051211e-01 -4.460613070566952221e-01 5.712296033627071702e-05
4.102564102564102422e-01 -4.016538013013911668e-01 5.011200548175942569e-05
6.153846153846154188e-01 -3.644053897714711332e-01 4.451418876166431354e-05
8.205128205128204844e-01 -3.328744579007287263e-01 3.995566322249275966e-05
1.025641025641025550e+00 -3.060458795112924735e-01 3.622977284895314388e-05
1.230769230769230838e+00 -2.829563541457141840e-01 3.313990295958426930e-05
1.435897435897435903e+00 -2.629052756963428106e-01 3.053764838185558006e-05
1.641025641025640969e+00 -2.454152377927393547e-01 2.834425819136727803e-05
1.846153846153846034e+00 -2.300407516449679557e-01 2.651782441748928306e-05
2.051282051282051100e+00 -2.163548258272525726e-01 2.489959915213441386e-05
2.256410256410256387e+00 -2.041919800384080219e-01 2.351852493554493667e-05
2.461538461538461675e+00 -1.932949668246429498e-01 2.222640987112519257e-05
2.666666666666666519e+00 -1.834202906576604675e-01 2.107139864348790519e-05
2.871794871794871806e+00 -1.745230980015241018e-01 2.005198267885713857e-05
3.076923076923076650e+00 -1.664260906119842121e-01 1.916418006069126986e-05
3.282051282051281937e+00 -1.591539119545696268e-01 1.841911486870534520e-05
3.487179487179487225e+00 -1.524121564160239584e-01 1.773196610652494982e-05
3.692307692307692069e+00 -1.462493561061339875e-01 1.706284740336621092e-05
3.897435897435897356e+00 -1.405947295258720697e-01 1.643417902072592571e-05
4.102564102564102200e+00 -1.354050411577356339e-01 1.586008584697697510e-05
4.307692307692307487e+00 -1.305771522184533961e-01 1.533578269130543562e-05
4.512820512820512775e+00 -1.260309289823484669e-01 1.480005294939124057e-05
4.717948717948718063e+00 -1.218751429996484947e-01 1.434650394476001101e-05
4.923076923076923350e+00 -1.179558715745771813e-01 1.393149998863851705e-05
5.128205128205127750e+00 -1.142966215559026028e-01 1.352291584363699220e-05
5.333333333333333037e+00 -1.108576440392058937e-01 1.315794364003131456e-05
5.538461538461538325e+00 -1.076274480128097677e-01 1.282377480114932461e-05
5.743589743589743613e+00 -1.045164278583266826e-01 1.242823206347066722e-05
5.948717948717948900e+00 -1.015899412506594823e-01 1.205973103659062787e-05
6.153846153846153300e+00 -9.889689940894896836e-02 1.176490114057781889e-05
6.358974358974358587e+00 -9.647411658009108493e-02 1.156382115631601721e-05
6.564102564102563875e+00 -9.405845841304315280e-02 1.135119259515923222e-05
6.769230769230769162e+00 -9.179424511079112281e-02 1.115316193167836611e-05
6.974358974358974450e+00 -8.965397125478180573e-02 1.092351577460676056e-05
7.179487179487178850e+00 -8.757087508522498620e-02 1.066788645440937119e-05
7.384615384615384137e+00 -8.562386410894941291e-02 1.043067997196601504e-05
7.589743589743589425e+00 -8.371116999912854573e-02 1.020702600269097639e-05
7.794871794871794712e+00 -8.201149055654985420e-02 1.002474968754494061e-05
8.000000000000000000e+00 -8.028089103501051538e-02 9.839723620453444394e-06
8.205128205128204399e+00 -7.861914087371132953e-02 9.649376006264615517e-06
8.410256410256410575e+00 -7.703842174385902575e-02 9.497692895263633805e-06
8.615384615384614975e+00 -7.561611890055690288e-02 9.381447998489602326e-06
8.820512820512819374e+00 -7.425102786690299106e-02 9.269120285439292153e-06
9.025641025641025550e+00 -7.297476767788252383e-02 9.148902553551360880e-06
9.230769230769229949e+00 -7.180070579033168143e-02 9.035922923347809938e-06
9.435897435897436125e+00 -7.063533424733252353e-02 8.909054646365812332e-06
9.641025641025640525e+00 -6.956542128002068948e-02 8.782302989199674791e-06
9.846153846153846700e+00 -6.852344880613768507e-02 8.650357779147308830e-06
1.005128205128205110e+01 -6.757676065025516876e-02 8.513887817857779342e-06
1.025641025641025550e+01 -6.673334859523091800e-02 8.448448077414496516e-06
1.046153846153846168e+01 -6.586881147523307445e-02 8.356166437229491553e-06
1.066666666666666607e+01 -6.494378722037391638e-02 8.282357445200938450e-06
1.087179487179487225e+01 -6.405181065172402266e-02 8.203365404156449063e-06
1.107692307692307665e+01 -6.321810106845432431e-02 8.130119781722387772e-06
1.128205128205128105e+01 -6.242621602530547265e-02 8.067458135168374602e-06
1.148717948717948723e+01 -6.168481294447528823e-02 7.967384451559185500e-06
1.169230769230769162e+01 -6.095939564333609229e-02 7.858372556019886624e-06
1.189743589743589780e+01 -6.025171941155994804e-02 7.803094653790129133e-06
1.210256410256410220e+01 -5.952936758092505776e-02 7.700381129269719479e-06
1.230769230769230660e+01 -5.887779422212202629e-02 7.600088259551593950e-06
1.251282051282051277e+01 -5.826313244730176033e-02 7.514317263451484483e-06
1.271794871794871717e+01 -5.765148577982777411e-02 7.397992884199298554e-06
1.292307692307692335e+01 -5.709335517578821573e-02 7.320567658253083327e-06
1.312820512820512775e+01 -5.657061329913963543e-02 7.254155881648997791e-06
1.333333333333333215e+01 -5.606443732822703752e-02 7.226750950397848141e-06
1.353846153846153832e+01 -5.558369934838012366e-02 7.212674583557926428e-06
1.374358974358974272e+01 -5.508475517355458650e-02 7.176076931828566846e-06
1.394871794871794890e+01 -5.463326237042921696e-02 7.130132429055180318e-06
1.415384615384615330e+01 -5.418896789957569626e-02 7.090669089916406357e-06
1.435897435897435770e+01 -5.374633176915015464e-02 7.075442447391050947e-06
1.456410256410256387e+01 -5.333972681461748161e-02 7.086671294575321405e-06
1.476923076923076827e+01 -5.293542459744789153e-02 7.075429451206630566e-06
1.497435897435897445e+01 -5.256349916502904562e-02 7.089212992341369886e-06
1.517948717948717885e+01 -5.216228821196750021e-02 7.085633405882345245e-06
1.538461538461538325e+01 -5.181754956710271642e-02 7.045927896779516090e-06
1.558974358974358942e+01 -5.150124923124847764e-02 7.023723376424113071e-06
1.579487179487179382e+01 -5.120185984738655910e-02 6.962200539259566857e-06
1.600000000000000000e+01 -5.092828989272742135e-02 6.908836029718068758e-06
1.620512820512820440e+01 -5.064732262654131345e-02 6.891185276654308107e-06
1.641025641025640880e+01 -5.041325540457605725e-02 6.846622860907792459e-06
1.661538461538461320e+01 -5.009882527795912061e-02 6.773658308959117433e-06
1.682051282051282115e+01 -4.983064288858758684e-02 6.731499624959697817e-06
1.702564102564102555e+01 -4.961188875264441883e-02 6.727465097807284534e-06
1.723076923076922995e+01 -4.943027998678731910e-02 6.752047960828687291e-06
1.743589743589743435e+01 -4.922173652838603142e-02 6.765323311725318349e-06
1.764102564102563875e+01 -4.903051614731941676e-02 6.806359172332889331e-06
1.784615384615384670e+01 -4.885297300364357942e-02 6.810159142122957686e-06
1.805128205128205110e+01 -4.866443186272635668e-02 6.806584037258715824e-06
1.825641025641025550e+01 -4.851852220612114241e-02 6.822452087343191336e-06
1.846153846153845990e+01 -4.837382655041802537e-02 6.859179929224038357e-06
1.866666666666666430e+01 -4.824396150410280998e-02 6.879996025027158065e-06
1.887179487179487225e+01 -4.812166643053583659e-02 6.884983404867651933e-06
1.907692307692307665e+01 -4.804621951238658567e-02 6.927918994182089489e-06
1.928205128205128105e+01 -4.794884932007628664e-02 6.938603636717092165e-06
1.948717948717948545e+01 -4.792561999894766334e-02 6.974694966635051156e-06
1.969230769230769340e+01 -4.793479588811465353e-02 7.004683098055746972e-06
1.989743589743589780e+01 -4.798470508735361295e-02 7.028605349334163557e-06
2.010256410256410220e+01 -4.798470508735361295e-02 7.028605349334166098e-06
2.030769230769230660e+01 -4.793479588811464659e-02 7.004683098055746972e-06
2.051282051282051100e+01 -4.792561999894752456e-02 6.974694966635080802e-06
2.071794871794871895e+01 -4.794884932007618256e-02 6.938603636717087083e-06
2.092307692307692335e+01 -4.804621951238668975e-02 6.927918994182109817e-06
2.112820512820512775e+01 -4.812166643053590598e-02 6.884983404867651933e-06
2.133333333333333215e+01 -4.824396150410271283e-02 6.879996025027139430e-06
2.153846153846153655e+01 -4.837382655041811558e-02 6.859179929224058686e-06
2.174358974358974450e+01 -4.851852220612103139e-02 6.822452087343199806e-06
2.194871794871794890e+01 -4.866443186272635668e-02 6.806584037258718365e-06
2.215384615384615330e+01 -4.885297300364346146e-02 6.810159142122983097e-06
2.235897435897435770e+01 -4.903051614731941676e-02 6.806359172332879167e-06
2.256410256410256210e+01 -4.922173652838604530e-02 6.765323311725313267e-06
2.276923076923077005e+01 -4.943027998678743012e-02 6.752047960828699997e-06
2.297435897435897445e+01 -4.961188875264441189e-02 6.727465097807313333e-06
2.317948717948717885e+01 -4.983064288858755908e-02 6.731499624959667323e-06
2.338461538461538325e+01 -5.009882527795889162e-02 6.773658308959132679e-06
2.358974358974358765e+01 -5.041325540457605725e-02 6.846622860907802623e-06
2.379487179487179560e+01 -5.064732262654127182e-02 6.891185276654297943e-06
2.400000000000000000e+01 -5.092828989272741441e-02 6.908836029718081464e-06
2.420512820512820440e+01 -5.120185984738644114e-02 6.962200539259587186e-06
2.441025641025640880e+01 -5.150124923124849152e-02 7.023723376424101213e-06
2.461538461538461320e+01 -5.181754956710271642e-02 7.045927896779530490e-06
2.482051282051282115e+01 -5.216228821196756266e-02 7.085633405882342704e-06
2.502564102564102555e+01 -5.256349916502903175e-02 7.089212992341369886e-06
2.523076923076922995e+01 -5.293542459744798867e-02 7.075429451206657671e-06
2.543589743589743435e+01 -5.333972681461740528e-02 7.086671294575339193e-06
2.564102564102563875e+01 -5.374633176915036281e-02 7.075442447391050100e-06
2.584615384615384670e+01 -5.418896789957568239e-02 7.090669089916418216e-06
2.605128205128205110e+01 -5.463326237042920308e-02 7.130132429055189635e-06
2.625641025641025550e+01 -5.508475517355447548e-02 7.176076931828583787e-06
2.646153846153845990e+01 -5.558369934838004733e-02 7.212674583557885771e-06
2.666666666666666430e+01 -5.606443732822706527e-02 7.226750950397832894e-06
2.687179487179487225e+01 -5.657061329913946890e-02 7.254155881648975768e-06
2.707692307692307665e+01 -5.709335517578822961e-02 7.320567658253079091e-06
2.728205128205128105e+01 -5.765148577982771860e-02 7.397992884199296012e-06
2.748717948717948545e+01 -5.826313244730176033e-02 7.514317263451487025e-06
2.769230769230768985e+01 -5.887779422212188751e-02 7.600088259551626138e-06
2.789743589743589780e+01 -5.952936758092504388e-02 7.700381129269733032e-06
2.810256410256410220e+01 -6.025171941155993416e-02 7.803094653790139298e-06
2.830769230769230660e+01 -6.095939564333613392e-02 7.858372556019906953e-06
2.851282051282051100e+01 -6.168481294447526742e-02 7.967384451559197359e-06
2.871794871794871540e+01 -6.242621602530559755e-02 8.067458135168374602e-06
2.892307692307692335e+01 -6.321810106845437982e-02 8.130119781722394549e-06
2.912820512820512775e+01 -6.405181065172402266e-02 8.203365404156435511e-06
2.933333333333333215e+01 -6.494378722037391638e-02 8.282357445200950308e-06
2.953846153846153655e+01 -6.586881147523306057e-02 8.356166437229469530e-06
2.974358974358974095e+01 -6.673334859523102902e-02 8.448448077414491433e-06
2.994871794871794890e+01 -6.757676065025514101e-02 8.513887817857782730e-06
3.015384615384615330e+01 -6.852344880613771283e-02 8.650357779147305442e-06
3.035897435897435770e+01 -6.956542128002066172e-02 8.782302989199686650e-06
3.056410256410256210e+01 -7.063533424733253741e-02 8.909054646365832661e-06
3.076923076923076650e+01 -7.180070579033177858e-02 9.035922923347852289e-06
3.097435897435897445e+01 -7.297476767788248220e-02 9.148902553551396455e-06
3.117948717948717885e+01 -7.425102786690304657e-02 9.269120285439281988e-06
3.138461538461538325e+01 -7.561611890055681962e-02 9.381447998489612491e-06
3.158974358974358765e+01 -7.703842174385922004e-02 9.497692895263549101e-06
3.179487179487179205e+01 -7.861914087371132953e-02 9.649376006264615517e-06
3.200000000000000000e+01 -8.028089103501062640e-02 9.839723620453439312e-06
3.220512820512820440e+01 -8.201149055654971542e-02 1.002474968754494400e-05
3.241025641025640880e+01 -8.371116999912842083e-02 1.020702600269095267e-05
3.261538461538461320e+01 -8.562386410894917699e-02 1.043067997196598794e-05
3.282051282051281760e+01 -8.757087508522487518e-02 1.066788645440932545e-05
3.302564102564102200e+01 -8.965397125478195839e-02 1.092351577460676056e-05
3.323076923076922640e+01 -9.179424511079128934e-02 1.115316193167833392e-05
3.343589743589743790e+01 -9.405845841304313892e-02 1.135119259515921867e-05
3.364102564102564230e+01 -9.647411658009114044e-02 1.156382115631604093e-05
3.384615384615384670e+01 -9.889689940894896836e-02 1.176490114057781211e-05
3.405128205128205110e+01 -1.015899412506595101e-01 1.205973103659064481e-05
3.425641025641025550e+01 -1.045164278583266826e-01 1.242823206347067908e-05
3.446153846153845990e+01 -1.076274480128096289e-01 1.282377480114936696e-05
3.466666666666666430e+01 -1.108576440392057411e-01 1.315794364003135183e-05
3.487179487179486870e+01 -1.142966215559024223e-01 1.352291584363699898e-05
3.507692307692307310e+01 -1.179558715745774311e-01 1.393149998863846622e-05
3.528205128205127750e+01 -1.218751429996486890e-01 1.434650394475992800e-05
3.548717948717948900e+01 -1.260309289823485779e-01 1.480005294939117281e-05
3.569230769230769340e+01 -1.305771522184533406e-01 1.533578269130545256e-05
3.589743589743589780e+01 -1.354050411577356061e-01 1.586008584697700221e-05
3.610256410256410220e+01 -1.405947295258720420e-01 1.643417902072584101e-05
3.630769230769230660e+01 -1.462493561061340430e-01 1.706284740336627530e-05
3.651282051282051100e+01 -1.524121564160238473e-01 1.773196610652498371e-05
3.671794871794871540e+01 -1.591539119545692660e-01 1.841911486870542990e-05
3.692307692307691980e+01 -1.664260906119839900e-01 1.916418006069133423e-05
3.712820512820512420e+01 -1.745230980015243516e-01 2.005198267885718939e-05
3.733333333333332860e+01 -1.834202906576605785e-01 2.107139864348782387e-05
3.753846153846154010e+01 -1.932949668246431163e-01 2.222640987112519596e-05
3.774358974358974450e+01 -2.041919800384080497e-01 2.351852493554488924e-05
3.794871794871794890e+01 -2.163548258272524061e-01 2.489959915213434610e-05
3.815384615384615330e+01 -2.300407516449680112e-01 2.651782441748915431e-05
3.835897435897435770e+01 -2.454152377927391049e-01 2.834425819136731869e-05
3.856410256410256210e+01 -2.629052756963428106e-01 3.053764838185558006e-05
3.876923076923076650e+01 -2.829563541457138509e-01 3.313990295958425575e-05
3.897435897435897090e+01 -3.060458795112919739e-01 3.622977284895323197e-05
3.917948717948717530e+01 -3.328744579007288373e-01 3.995566322249262414e-05
3.938461538461538680e+01 -3.644053897714712997e-01 4.451418876166423900e-05
3.958974358974359120e+01 -4.016538013013911113e-01 5.011200548175947990e-05
3.979487179487179560e+01 -4.460613070566953331e-01 5.712296033627066959e-05
4.000000000000000000e+01 -4.999999999999999445e-01 6.603087678464704554e-05
