7.853981633974482790e-02 1.264999999999998126e+00 -4.477950771890665038e+00
2.356194490192344837e-01 1.265000000000006564e+00 -2.423039681681225410e+00
3.926990816987241395e-01 1.265000000000005231e+00 -2.309144397467705723e+00
5.497787143782137953e-01 1.265000000000001013e+00 -1.723834566975777971e+00
7.068583470577034511e-01 1.265000000000001013e+00 -1.362086079730298271e+00
8.639379797371929959e-01 1.265000000000003233e+00 -1.333314745002469603e+00
1.021017612416682763e+00 1.265000000000001901e+00 -1.210146917953248025e+00
1.178097245096172418e+00 1.265000000000000568e+00 -1.032286623524323987e+00
1.335176877775662074e+00 1.265000000000001679e+00 -9.017338771274630016e-01
1.492256510455151730e+00 1.265000000000003011e+00 -8.013495785691662210e-01
1.649336143134641386e+00 1.265000000000003011e+00 -8.016107146667454941e-01
1.806415775814131042e+00 1.265000000000002123e+00 -8.119485453639483374e-01
1.963495408493620697e+00 1.265000000000002123e+00 -7.116727284958517252e-01
2.120575041173110353e+00 1.265000000000004343e+00 -6.188406491195395098e-01
2.277654673852600009e+00 1.265000000000004565e+00 -6.221855070165864809e-01
2.434734306532089665e+00 1.265000000000003899e+00 -5.808130457137874458e-01
2.591813939211579321e+00 1.265000000000001901e+00 -5.062525027086119955e-01
2.748893571891068976e+00 1.265000000000002567e+00 -5.083017212888187863e-01
2.905973204570558632e+00 1.265000000000003011e+00 -5.171928444825599769e-01
3.063052837250048288e+00 1.265000000000001235e+00 -5.202056811174826656e-01
3.220132469929537500e+00 1.265000000000000346e+00 -4.997044157051901969e-01
3.377212102609027600e+00 1.265000000000001235e+00 -4.169737292434358977e-01
3.534291735288517255e+00 1.265000000000002345e+00 -4.033253728936117000e-01
3.691371367968007355e+00 1.264999999999999014e+00 -3.999236161159793745e-01
3.848451000647496123e+00 1.264999999999998126e+00 -3.431491640504273910e-01
4.005530633326985779e+00 1.264999999999996572e+00 -3.632808577879567125e-01
4.162610266006476323e+00 1.265000000000000124e+00 -3.986827668521568668e-01
4.319689898685965979e+00 1.264999999999993463e+00 -3.499835916051896589e-01
4.476769531365454746e+00 1.264999999999996350e+00 -3.083319731532512264e-01
4.633849164044944402e+00 1.264999999999993241e+00 -3.149767811721710942e-01
4.790928796724434946e+00 1.264999999999995905e+00 -2.878565527249135059e-01
4.948008429403924602e+00 1.264999999999993907e+00 -2.716221264161680082e-01
5.105088062083413369e+00 1.264999999999992353e+00 -2.924852070337502496e-01
5.262167694762903025e+00 1.264999999999989466e+00 -2.596856155996976057e-01
5.419247327442393569e+00 1.264999999999990132e+00 -2.461612258072571890e-01
5.576326960121883225e+00 1.264999999999992353e+00 -2.658665623363036801e-01
5.733406592801371993e+00 1.264999999999995239e+00 -2.432407355800867421e-01
5.890486225480861648e+00 1.264999999999997904e+00 -2.569199139362217110e-01
6.047565858160352192e+00 1.264999999999991465e+00 -2.841976862215709332e-01
6.204645490839841848e+00 1.264999999999998348e+00 -2.491903056257553928e-01
6.361725123519330616e+00 1.264999999999997460e+00 -2.463449438361520194e-01
6.518804756198821160e+00 1.264999999999997682e+00 -2.712061968719075011e-01
6.675884388878310816e+00 1.264999999999997238e+00 -2.326968327677825243e-01
6.832964021557799583e+00 1.264999999999997460e+00 -2.186453927693472465e-01
6.990043654237290127e+00 1.265000000000002345e+00 -2.402545402599143287e-01
7.147123286916778895e+00 1.265000000000003677e+00 -1.902525078602028685e-01
7.304202919596268551e+00 1.265000000000008340e+00 -1.604842450518804142e-01
7.461282552275759095e+00 1.265000000000004565e+00 -1.800104577315666532e-01
7.618362184955247862e+00 1.265000000000015667e+00 -1.949053888484089114e-01
7.775441817634738406e+00 1.265000000000013891e+00 -1.870428671176851410e-01
7.932521450314228062e+00 1.265000000000011893e+00 -1.731405684754321328e-01
8.089601082993716830e+00 1.265000000000007008e+00 -1.779595723289340015e-01
8.246680715673207374e+00 1.265000000000013447e+00 -1.970854390166891790e-01
8.403760348352696141e+00 1.265000000000019664e+00 -1.671505405081052942e-01
8.560839981032184909e+00 1.265000000000009894e+00 -1.508729619742208428e-01
8.717919613711675453e+00 1.265000000000028990e+00 -1.977863496655825060e-01
8.874999246391165997e+00 1.265000000000012781e+00 -1.693899329849966051e-01
9.032078879070656541e+00 1.265000000000027880e+00 -9.034230731958103888e-02
9.189158511750145308e+00 1.265000000000013669e+00 -1.306148555444330839e-01
9.346238144429634076e+00 1.265000000000025215e+00 -1.932760116569749442e-01
9.503317777109124620e+00 1.265000000000031655e+00 -1.602250341897573094e-01
9.660397409788613388e+00 1.265000000000017444e+00 -1.137213987178782304e-01
9.817477042468102155e+00 1.265000000000027436e+00 -1.373216025105907789e-01
9.974556675147592699e+00 1.265000000000024105e+00 -1.854164588414590753e-01
1.013163630782708324e+01 1.265000000000024549e+00 -1.718429981441236265e-01
1.028871594050657379e+01 1.265000000000015001e+00 -1.205186102165090034e-01
1.044579557318606255e+01 1.265000000000013003e+00 -1.007015822042358622e-01
1.060287520586555132e+01 1.265000000000004121e+00 -1.277032993836773045e-01
1.075995483854504187e+01 1.265000000000011449e+00 -1.417968368328406115e-01
1.091703447122453063e+01 1.265000000000015001e+00 -1.153090928515876357e-01
1.107411410390401940e+01 1.265000000000024549e+00 -1.030234226070252390e-01
1.123119373658350995e+01 1.265000000000025215e+00 -1.509294426241787335e-01
1.138827336926300049e+01 1.265000000000003677e+00 -1.231981238496846487e-01
1.154535300194249103e+01 1.265000000000012337e+00 -7.583882896083160574e-02
1.170243263462197980e+01 1.265000000000017888e+00 -1.100231599200398591e-01
1.185951226730146857e+01 1.264999999999999902e+00 -1.168644869031734146e-01
1.201659189998095911e+01 1.265000000000005675e+00 -9.943593813001427861e-02
1.217367153266044788e+01 1.265000000000007896e+00 -4.906141256205742707e-02
1.233075116533993665e+01 1.265000000000003677e+00 5.769619253140234605e-03
1.248783079801942719e+01 1.264999999999996350e+00 -2.947561212886107285e-02
1.264491043069891774e+01 1.264999999999978142e+00 -4.566589142889121433e-02
1.280199006337840650e+01 1.264999999999997460e+00 -6.973587578629647510e-03
1.295906969605789527e+01 1.264999999999991909e+00 2.217588612998255826e-03
1.311614932873738759e+01 1.264999999999992353e+00 -5.338889378640132577e-03
1.327322896141687636e+01 1.264999999999991243e+00 -4.881735887567018040e-03
1.343030859409636513e+01 1.264999999999982805e+00 2.739141370738451542e-02
1.358738822677585389e+01 1.264999999999991243e+00 5.933106262267884290e-02
1.374446785945534444e+01 1.264999999999996128e+00 3.300040298745976486e-02
1.390154749213483498e+01 1.264999999999992797e+00 4.133551202768614985e-02
1.405862712481432553e+01 1.264999999999998126e+00 7.753491388985267463e-02
1.421570675749381429e+01 1.265000000000004121e+00 8.466409973247479570e-02
1.437278639017330306e+01 1.265000000000010560e+00 3.572390181257567576e-02
1.452986602285279183e+01 1.265000000000005009e+00 -4.142251680379693823e-02
1.468694565553228415e+01 1.265000000000030544e+00 -3.672359457522667014e-02
1.484402528821177292e+01 1.265000000000019442e+00 4.373726188983795282e-02
1.500110492089126168e+01 1.265000000000019220e+00 2.573069871811206610e-02
1.515818455357075223e+01 1.265000000000010116e+00 -2.986500681357107112e-02
1.531526418625024100e+01 1.264999999999994351e+00 2.228358164934540753e-02
1.547234381892972976e+01 1.265000000000010338e+00 7.373068146312355964e-02
1.562942345160922208e+01 1.265000000000017000e+00 1.899170090763391272e-02
1.578650308428871085e+01 1.265000000000012337e+00 1.397513530472238585e-03
1.594358271696819962e+01 1.265000000000024327e+00 7.936540374982747892e-02
1.610066234964768839e+01 1.265000000000009450e+00 8.361308481733331632e-02
1.625774198232717893e+01 1.265000000000009450e+00 1.005671806754904196e-02
1.641482161500666948e+01 1.264999999999993019e+00 -3.656988893603596580e-02
1.657190124768616002e+01 1.264999999999990132e+00 -2.905808308717539035e-02
1.672898088036564701e+01 1.264999999999998126e+00 5.822165439411719490e-03
1.688606051304513755e+01 1.264999999999996128e+00 1.412446453471360996e-02
1.704314014572462810e+01 1.264999999999981917e+00 -9.818073080342770709e-03
1.720021977840411864e+01 1.264999999999975699e+00 2.008599463093929671e-02
1.735729941108360919e+01 1.264999999999983693e+00 4.971307542774283661e-02
1.751437904376309618e+01 1.264999999999990132e+00 5.042543463472526355e-02
1.767145867644258672e+01 1.264999999999987024e+00 4.397874544073943071e-02
1.782853830912207371e+01 1.264999999999982805e+00 5.238843015132488290e-02
1.798561794180156426e+01 1.264999999999976588e+00 8.626808141675823549e-02
1.814269757448105480e+01 1.264999999999983249e+00 7.250782515744447210e-02
1.829977720716054534e+01 1.264999999999982805e+00 4.259704284307730404e-02
1.845685683984003589e+01 1.264999999999989688e+00 8.943507090035751617e-02
1.861393647251952288e+01 1.264999999999985913e+00 1.312205328066298193e-01
1.877101610519901342e+01 1.264999999999975699e+00 1.451800745020150885e-01
