7.853981633974482790e-02 1.195000000000000284e+00 -1.633921274237536636e+00
2.356194490192344837e-01 1.195000000000002061e+00 -1.905792990936918230e+00
3.926990816987241395e-01 1.194999999999999618e+00 -1.581734925396453439e+00
5.497787143782137953e-01 1.194999999999999174e+00 -1.434557268360689530e+00
7.068583470577034511e-01 1.195000000000000950e+00 -1.214959465236759240e+00
8.639379797371929959e-01 1.195000000000000950e+00 -1.137747117543578712e+00
1.021017612416682763e+00 1.195000000000001394e+00 -9.485684615969121047e-01
1.178097245096172418e+00 1.195000000000000950e+00 -8.925231908555306681e-01
1.335176877775662074e+00 1.195000000000000950e+00 -8.075681395913112404e-01
1.492256510455151730e+00 1.195000000000001394e+00 -7.382675600990520337e-01
1.649336143134641386e+00 1.195000000000001839e+00 -6.705179087044901287e-01
1.806415775814131042e+00 1.195000000000001839e+00 -7.294822643275180596e-01
1.963495408493620697e+00 1.195000000000001172e+00 -6.039132294979148163e-01
2.120575041173110353e+00 1.195000000000002283e+00 -6.827106483409899340e-01
2.277654673852600009e+00 1.195000000000001839e+00 -4.823347192307787523e-01
2.434734306532089665e+00 1.195000000000002727e+00 -5.046390480212332719e-01
2.591813939211579321e+00 1.195000000000001839e+00 -5.104319012483022888e-01
2.748893571891068976e+00 1.195000000000002061e+00 -5.058483793044254995e-01
2.905973204570558632e+00 1.194999999999999840e+00 -4.211176610387492580e-01
3.063052837250048288e+00 1.195000000000000506e+00 -4.235060674080797227e-01
3.220132469929537500e+00 1.194999999999999840e+00 -4.446057762869095598e-01
3.377212102609027600e+00 1.195000000000000950e+00 -4.316953672192038738e-01
3.534291735288517255e+00 1.194999999999999840e+00 -4.056375286018485404e-01
3.691371367968007355e+00 1.194999999999996954e+00 -3.550904250630759762e-01
3.848451000647496123e+00 1.194999999999998730e+00 -3.338305429569605742e-01
4.005530633326985779e+00 1.194999999999994733e+00 -3.582551331995302846e-01
4.162610266006476323e+00 1.194999999999995843e+00 -3.121345928491470190e-01
4.319689898685965979e+00 1.194999999999992957e+00 -3.587511564370524653e-01
4.476769531365454746e+00 1.194999999999994067e+00 -2.908848555587564277e-01
4.633849164044944402e+00 1.194999999999990292e+00 -3.072602562369199930e-01
4.790928796724434946e+00 1.194999999999992069e+00 -2.549636256792178202e-01
4.948008429403924602e+00 1.194999999999991402e+00 -2.686305465476870324e-01
5.105088062083413369e+00 1.194999999999989626e+00 -2.877408374684859993e-01
5.262167694762903025e+00 1.194999999999987628e+00 -2.780456411973570852e-01
5.419247327442393569e+00 1.194999999999986295e+00 -2.529546613789825926e-01
5.576326960121883225e+00 1.194999999999988960e+00 -2.108587295021306929e-01
5.733406592801371993e+00 1.194999999999992069e+00 -2.245472302578921386e-01
5.890486225480861648e+00 1.195000000000000950e+00 -2.380636275618250863e-01
6.047565858160352192e+00 1.194999999999992957e+00 -2.999168887171999032e-01
6.204645490839841848e+00 1.194999999999988516e+00 -2.190395362794275158e-01
6.361725123519330616e+00 1.194999999999990292e+00 -1.890418669966376086e-01
6.518804756198821160e+00 1.194999999999992513e+00 -1.899717709585546643e-01
6.675884388878310816e+00 1.194999999999995843e+00 -2.114385302487011842e-01
6.832964021557799583e+00 1.194999999999999840e+00 -1.479918822444492577e-01
6.990043654237290127e+00 1.195000000000002061e+00 -2.104732851789590242e-01
7.147123286916778895e+00 1.194999999999999174e+00 -1.731964577771263336e-01
7.304202919596268551e+00 1.195000000000002505e+00 -1.418353186763496865e-01
7.461282552275759095e+00 1.194999999999998286e+00 -1.739041645775607492e-01
7.618362184955247862e+00 1.195000000000001172e+00 -1.594055266630070022e-01
7.775441817634738406e+00 1.195000000000010942e+00 -1.796695894103326197e-01
7.932521450314228062e+00 1.194999999999999174e+00 -1.701995547231636152e-01
8.089601082993716830e+00 1.195000000000013385e+00 -1.493842712567303721e-01
8.246680715673207374e+00 1.195000000000000506e+00 -1.443808876979115752e-01
8.403760348352696141e+00 1.194999999999992513e+00 -1.562180676097142396e-01
8.560839981032184909e+00 1.195000000000004059e+00 -1.295420352474661030e-01
8.717919613711675453e+00 1.195000000000018714e+00 -7.634886068281154792e-02
8.874999246391165997e+00 1.195000000000010054e+00 -1.391631019349883758e-01
9.032078879070656541e+00 1.195000000000012719e+00 -1.106009381180648177e-01
9.189158511750145308e+00 1.195000000000009166e+00 -1.402341491730965117e-01
9.346238144429634076e+00 1.195000000000007612e+00 -8.443175710788608512e-02
9.503317777109124620e+00 1.195000000000020934e+00 -1.308741057715874234e-01
9.660397409788613388e+00 1.195000000000008944e+00 -6.037270409944817118e-02
9.817477042468102155e+00 1.195000000000002283e+00 -9.984370594632707707e-02
9.974556675147592699e+00 1.195000000000011608e+00 -1.014125376103649501e-01
1.013163630782708324e+01 1.195000000000007612e+00 -1.111234124585873673e-01
1.028871594050657379e+01 1.194999999999998286e+00 -7.805165393809332386e-02
1.044579557318606255e+01 1.195000000000012497e+00 -6.918033361565534278e-02
1.060287520586555132e+01 1.194999999999994511e+00 -9.625175875223312971e-02
1.075995483854504187e+01 1.194999999999977414e+00 -7.793390046473724908e-02
1.091703447122453063e+01 1.194999999999993401e+00 -3.444302575226743102e-02
1.107411410390401940e+01 1.195000000000020268e+00 -1.202056957763417699e-01
1.123119373658350995e+01 1.195000000000012941e+00 -6.112126990488242484e-02
1.138827336926300049e+01 1.195000000000004947e+00 -9.282752069856137211e-02
1.154535300194249103e+01 1.195000000000006501e+00 -3.018380218424887573e-02
1.170243263462197980e+01 1.195000000000002061e+00 -1.236528227678199698e-01
1.185951226730146857e+01 1.195000000000002505e+00 -7.672740059197380447e-02
1.201659189998095911e+01 1.195000000000005169e+00 -9.261026592864674001e-02
1.217367153266044788e+01 1.195000000000001394e+00 -5.745873546803181853e-02
1.233075116533993665e+01 1.195000000000009832e+00 -3.874914695815512289e-02
1.248783079801942719e+01 1.195000000000001394e+00 -3.218915877984862561e-02
1.264491043069891774e+01 1.194999999999994511e+00 -7.281816474016622465e-02
1.280199006337840650e+01 1.194999999999970752e+00 -7.568894877683973732e-03
1.295906969605789527e+01 1.194999999999984075e+00 -3.619365457010914611e-03
1.311614932873738759e+01 1.194999999999977858e+00 -3.389267994248434945e-02
1.327322896141687636e+01 1.194999999999985629e+00 -5.895635664641041274e-02
1.343030859409636513e+01 1.194999999999994511e+00 -4.022467831821252560e-02
1.358738822677585389e+01 1.194999999999977636e+00 -2.197827732729251693e-02
1.374446785945534444e+01 1.194999999999995843e+00 -1.645860266075160894e-03
1.390154749213483498e+01 1.194999999999982965e+00 -2.929547991252334782e-03
1.405862712481432553e+01 1.194999999999979190e+00 7.926063065402111363e-02
1.421570675749381429e+01 1.194999999999989626e+00 -2.261422151267211689e-02
1.437278639017330306e+01 1.195000000000003171e+00 3.214424136814031385e-02
1.452986602285279183e+01 1.195000000000022711e+00 1.179864581258982525e-02
1.468694565553228415e+01 1.195000000000004059e+00 5.054483398065912070e-03
1.484402528821177292e+01 1.194999999999989182e+00 -4.489360232289563157e-02
1.500110492089126168e+01 1.195000000000011386e+00 3.373010850114255277e-02
1.515818455357075223e+01 1.194999999999982299e+00 2.696019996229104265e-02
1.531526418625024100e+01 1.194999999999986739e+00 2.229135738165233249e-02
1.547234381892972976e+01 1.194999999999987406e+00 1.770019994057925317e-02
1.562942345160922208e+01 1.195000000000002727e+00 1.116613015352463378e-02
1.578650308428871085e+01 1.194999999999986073e+00 8.763450579382414674e-02
1.594358271696819962e+01 1.195000000000006057e+00 3.930445916772917769e-02
1.610066234964768839e+01 1.195000000000019158e+00 3.284707835503297702e-02
1.625774198232717893e+01 1.194999999999998952e+00 1.353269487404418214e-02
1.641482161500666948e+01 1.194999999999987184e+00 6.548345073924721760e-02
1.657190124768616002e+01 1.194999999999978746e+00 -3.061164780331182556e-02
1.672898088036564701e+01 1.194999999999985629e+00 4.716134942554006670e-02
1.688606051304513755e+01 1.194999999999992513e+00 4.616378134257104193e-02
1.704314014572462810e+01 1.194999999999972973e+00 6.489779581253074525e-02
1.720021977840411864e+01 1.194999999999991847e+00 8.145935127710757229e-02
1.735729941108360919e+01 1.194999999999980966e+00 9.800848043958509948e-02
1.751437904376309618e+01 1.194999999999966978e+00 7.576674906885116911e-02
1.767145867644258672e+01 1.194999999999974749e+00 4.914241213888459470e-02
1.782853830912207371e+01 1.194999999999960982e+00 5.292993371881848930e-02
1.798561794180156426e+01 1.194999999999973861e+00 1.095734470937514971e-01
1.814269757448105480e+01 1.194999999999980966e+00 7.477286425645246482e-02
1.829977720716054534e+01 1.194999999999979412e+00 8.057911320734945093e-02
1.845685683984003589e+01 1.194999999999975193e+00 9.648364131939501931e-02
1.861393647251952288e+01 1.194999999999971196e+00 1.255996455916132959e-01
1.877101610519901342e+01 1.194999999999972529e+00 1.124851170528415878e-01
