7.853981633974482790e-02 1.950000000006932188e+00 -3.494976089182127055e+01
2.356194490192344837e-01 1.950000000000505995e+00 -1.169870466738825243e+01
3.926990816987241395e-01 1.950000000000011280e+00 -7.076484362512910131e+00
5.497787143782137953e-01 1.949999999999902700e+00 -5.114779836491011089e+00
7.068583470577034511e-01 1.949999999999890710e+00 -4.040246216167407312e+00
8.639379797371929959e-01 1.949999999999915357e+00 -3.370080914659320914e+00
1.021017612416682763e+00 1.949999999999953548e+00 -2.918729616250702819e+00
1.178097245096172418e+00 1.949999999999994404e+00 -2.598685001977433906e+00
1.335176877775662074e+00 1.950000000000026823e+00 -2.362067594573415974e+00
1.492256510455151730e+00 1.950000000000045475e+00 -2.179458235228688423e+00
1.649336143134641386e+00 1.950000000000046585e+00 -2.031390184094533424e+00
1.806415775814131042e+00 1.950000000000035261e+00 -1.904706433206000860e+00
1.963495408493620697e+00 1.950000000000017719e+00 -1.790918464960823187e+00
2.120575041173110353e+00 1.950000000000000622e+00 -1.685260736427594441e+00
2.277654673852600009e+00 1.949999999999989075e+00 -1.585824646498859014e+00
2.434734306532089665e+00 1.949999999999985523e+00 -1.492551625311073327e+00
2.591813939211579321e+00 1.949999999999987077e+00 -1.406262140546750583e+00
2.748893571891068976e+00 1.949999999999991074e+00 -1.327926190667890083e+00
2.905973204570558632e+00 1.949999999999996403e+00 -1.258245189452880997e+00
3.063052837250048288e+00 1.950000000000000844e+00 -1.197331592356781993e+00
3.220132469929537500e+00 1.950000000000002842e+00 -1.144421750055943932e+00
3.377212102609027600e+00 1.950000000000007061e+00 -1.097737275137892432e+00
3.534291735288517255e+00 1.950000000000005285e+00 -1.054732297647247741e+00
3.691371367968007355e+00 1.950000000000004174e+00 -1.012690356819706761e+00
3.848451000647496123e+00 1.950000000000001510e+00 -9.695184328006747343e-01
4.005530633326985779e+00 1.949999999999995737e+00 -9.242963349580683996e-01
4.162610266006476323e+00 1.949999999999990186e+00 -8.775081243934526043e-01
4.319689898685965979e+00 1.949999999999985079e+00 -8.307895719095830245e-01
4.476769531365454746e+00 1.949999999999982636e+00 -7.864813019094825108e-01
4.633849164044944402e+00 1.949999999999987965e+00 -7.470673267861354105e-01
4.790928796724434946e+00 1.949999999999989519e+00 -7.146286826486862864e-01
4.948008429403924602e+00 1.949999999999993738e+00 -6.903415349092734132e-01
5.105088062083413369e+00 1.949999999999995737e+00 -6.740963359535356858e-01
5.262167694762903025e+00 1.949999999999995071e+00 -6.643388047656539896e-01
5.419247327442393569e+00 1.949999999999990852e+00 -6.583802204400441838e-01
5.576326960121883225e+00 1.949999999999984857e+00 -6.531041887472142093e-01
5.733406592801371993e+00 1.949999999999980638e+00 -6.458200268952110079e-01
5.890486225480861648e+00 1.949999999999985079e+00 -6.348420363322553328e-01
6.047565858160352192e+00 1.949999999999983080e+00 -6.195826349635664698e-01
6.204645490839841848e+00 1.949999999999984635e+00 -6.002864294382090904e-01
6.361725123519330616e+00 1.949999999999988853e+00 -5.777110386448001123e-01
6.518804756198821160e+00 1.949999999999989297e+00 -5.529166100660152239e-01
6.675884388878310816e+00 1.949999999999991962e+00 -5.271938183423188207e-01
6.832964021557799583e+00 1.949999999999991962e+00 -5.019573901159350982e-01
6.990043654237290127e+00 1.949999999999992628e+00 -4.785510213007153624e-01
7.147123286916778895e+00 1.949999999999990408e+00 -4.579131448466942089e-01
7.304202919596268551e+00 1.949999999999997513e+00 -4.402911866055356782e-01
7.461282552275759095e+00 1.950000000000000844e+00 -4.251496110423609309e-01
7.618362184955247862e+00 1.950000000000001954e+00 -4.114091579595511305e-01
7.775441817634738406e+00 1.950000000000002620e+00 -3.979888369039104035e-01
7.932521450314228062e+00 1.950000000000005285e+00 -3.844307233257477918e-01
8.089601082993716830e+00 1.949999999999997735e+00 -3.712128737508937348e-01
8.246680715673207374e+00 1.949999999999994849e+00 -3.596351391237480044e-01
8.403760348352696141e+00 1.949999999999996181e+00 -3.513082875493633850e-01
8.560839981032184909e+00 1.949999999999995737e+00 -3.474263530382639686e-01
8.717919613711675453e+00 1.950000000000000622e+00 -3.481504243874677940e-01
8.874999246391165997e+00 1.950000000000004841e+00 -3.522774496915310749e-01
9.032078879070656541e+00 1.950000000000009726e+00 -3.572853460407792170e-01
9.189158511750145308e+00 1.950000000000018163e+00 -3.598043551651635141e-01
9.346238144429634076e+00 1.950000000000021716e+00 -3.563611454582318316e-01
9.503317777109124620e+00 1.950000000000018607e+00 -3.442450076726846220e-01
9.660397409788613388e+00 1.950000000000020828e+00 -3.223472833044471741e-01
9.817477042468102155e+00 1.950000000000006839e+00 -2.917126709773665283e-01
9.974556675147592699e+00 1.949999999999989075e+00 -2.555871755934724376e-01
1.013163630782708324e+01 1.949999999999969758e+00 -2.188344804681943145e-01
1.028871594050657379e+01 1.949999999999966871e+00 -1.869047077348611197e-01
1.044579557318606255e+01 1.949999999999963096e+00 -1.647091950777586078e-01
1.060287520586555132e+01 1.949999999999975753e+00 -1.556036372469122853e-01
1.075995483854504187e+01 1.949999999999999956e+00 -1.606815083946244727e-01
1.091703447122453063e+01 1.950000000000025047e+00 -1.783530579209902101e-01
1.107411410390401940e+01 1.950000000000037481e+00 -2.043944268637751804e-01
1.123119373658350995e+01 1.950000000000027933e+00 -2.325658520657469808e-01
1.138827336926300049e+01 1.950000000000013722e+00 -2.559102184235726440e-01
1.154535300194249103e+01 1.949999999999978417e+00 -2.684013117083097200e-01
1.170243263462197980e+01 1.949999999999958655e+00 -2.664978664610888615e-01
1.185951226730146857e+01 1.949999999999948663e+00 -2.461040557994031985e-01
1.201659189998095911e+01 1.949999999999947331e+00 -2.179470688197842065e-01
1.217367153266044788e+01 1.949999999999962430e+00 -1.832887128799942644e-01
1.233075116533993665e+01 1.949999999999991740e+00 -1.476921153909689366e-01
1.248783079801942719e+01 1.950000000000002620e+00 -1.160247717846925042e-01
1.264491043069891774e+01 1.950000000000015721e+00 -9.185337356209721804e-02
1.280199006337840650e+01 1.949999999999999512e+00 -7.728353998617443210e-02
1.295906969605789527e+01 1.949999999999990852e+00 -7.275720916720196385e-02
1.311614932873738759e+01 1.949999999999976863e+00 -7.682324025173414839e-02
1.327322896141687636e+01 1.949999999999958877e+00 -8.614243594859694042e-02
1.343030859409636513e+01 1.949999999999954658e+00 -9.610019787598567120e-02
1.358738822677585389e+01 1.949999999999961986e+00 -1.018921973061033270e-01
1.374446785945534444e+01 1.949999999999979972e+00 -9.963931314754503887e-02
1.390154749213483498e+01 1.949999999999984412e+00 -8.729208994911807906e-02
1.405862712481432553e+01 1.949999999999987521e+00 -6.508322085796791612e-02
1.421570675749381429e+01 1.949999999999989297e+00 -3.557526326473947620e-02
1.437278639017330306e+01 1.949999999999971312e+00 -3.184365210122663825e-03
1.452986602285279183e+01 1.949999999999971978e+00 2.669443324139919582e-02
1.468694565553228415e+01 1.949999999999968203e+00 4.883840139516237855e-02
1.484402528821177292e+01 1.949999999999972200e+00 5.936297906643694944e-02
1.500110492089126168e+01 1.949999999999983746e+00 5.681616161959368583e-02
1.515818455357075223e+01 1.949999999999981970e+00 4.288032715956191510e-02
1.531526418625024100e+01 1.949999999999994404e+00 2.232882249605339098e-02
1.547234381892972976e+01 1.949999999999979083e+00 1.894565543455684065e-03
1.562942345160922208e+01 1.949999999999977307e+00 -1.172338348541401842e-02
1.578650308428871085e+01 1.949999999999964428e+00 -1.388615097330436754e-02
1.594358271696819962e+01 1.949999999999967981e+00 -3.181194405629028665e-03
1.610066234964768839e+01 1.949999999999967315e+00 1.859819193452949548e-02
1.625774198232717893e+01 1.949999999999968203e+00 4.732050284423294784e-02
1.641482161500666948e+01 1.949999999999985079e+00 7.777558936041728543e-02
1.657190124768616002e+01 1.949999999999982858e+00 1.048963472966129018e-01
1.672898088036564701e+01 1.949999999999976419e+00 1.247944630169612878e-01
1.688606051304513755e+01 1.949999999999973088e+00 1.354400482638631331e-01
1.704314014572462810e+01 1.949999999999959766e+00 1.369195327427341624e-01
1.720021977840411864e+01 1.949999999999948885e+00 1.312802653421947241e-01
1.735729941108360919e+01 1.949999999999948441e+00 1.220839756171052670e-01
1.751437904376309618e+01 1.949999999999969980e+00 1.136052678081966860e-01
1.767145867644258672e+01 1.949999999999973976e+00 1.098504777150246525e-01
1.782853830912207371e+01 1.949999999999980416e+00 1.135962295520300813e-01
1.798561794180156426e+01 1.949999999999993516e+00 1.258624638295486875e-01
1.814269757448105480e+01 1.949999999999982858e+00 1.459620507698886627e-01
1.829977720716054534e+01 1.949999999999971312e+00 1.717999992608731930e-01
1.845685683984003589e+01 1.949999999999947775e+00 2.001760689504621382e-01
1.861393647251952288e+01 1.949999999999931344e+00 2.270474912175544091e-01
1.877101610519901342e+01 1.949999999999934452e+00 2.481001371799536059e-01
