7.853981633974482790e-02 1.450000000000020828e+00 -1.312948899285975202e+01
2.356194490192344837e-01 1.450000000000011280e+00 -4.688876480646523071e+00
3.926990816987241395e-01 1.450000000000009726e+00 -3.142891463379462902e+00
5.497787143782137953e-01 1.450000000000006839e+00 -2.521613654934781401e+00
7.068583470577034511e-01 1.450000000000000844e+00 -2.152212685954542515e+00
8.639379797371929959e-01 1.449999999999998401e+00 -1.863041639244837677e+00
1.021017612416682763e+00 1.450000000000000400e+00 -1.611150824478020160e+00
1.178097245096172418e+00 1.450000000000004396e+00 -1.400560032163041813e+00
1.335176877775662074e+00 1.450000000000006839e+00 -1.245013348659686381e+00
1.492256510455151730e+00 1.450000000000006617e+00 -1.140852222888992795e+00
1.649336143134641386e+00 1.450000000000003952e+00 -1.060663956610885084e+00
1.806415775814131042e+00 1.450000000000001732e+00 -9.811923964198594472e-01
1.963495408493620697e+00 1.450000000000001732e+00 -9.067274376521785584e-01
2.120575041173110353e+00 1.450000000000002842e+00 -8.527514587782083488e-01
2.277654673852600009e+00 1.450000000000004174e+00 -8.187263620982312418e-01
2.434734306532089665e+00 1.450000000000005063e+00 -7.866555254272462605e-01
2.591813939211579321e+00 1.450000000000004841e+00 -7.441455574152566754e-01
2.748893571891068976e+00 1.450000000000003952e+00 -6.972898746379354584e-01
2.905973204570558632e+00 1.450000000000002842e+00 -6.579099672214296923e-01
3.063052837250048288e+00 1.450000000000000400e+00 -6.313535896005939563e-01
3.220132469929537500e+00 1.450000000000001288e+00 -6.137297230887099886e-01
3.377212102609027600e+00 1.450000000000001510e+00 -5.981363541561388608e-01
3.534291735288517255e+00 1.450000000000003730e+00 -5.797235489169554334e-01
3.691371367968007355e+00 1.450000000000000844e+00 -5.504911928633018370e-01
3.848451000647496123e+00 1.449999999999998845e+00 -5.077136576536984691e-01
4.005530633326985779e+00 1.449999999999996403e+00 -4.645556487918094390e-01
4.162610266006476323e+00 1.449999999999996181e+00 -4.315521104679760356e-01
4.319689898685965979e+00 1.449999999999994182e+00 -4.082769880232115511e-01
4.476769531365454746e+00 1.449999999999995959e+00 -3.961821401867515746e-01
4.633849164044944402e+00 1.449999999999995959e+00 -3.954312040080543156e-01
4.790928796724434946e+00 1.449999999999992406e+00 -3.948584701060040558e-01
4.948008429403924602e+00 1.449999999999991296e+00 -3.837259668874200003e-01
5.105088062083413369e+00 1.449999999999991074e+00 -3.677934761852661438e-01
5.262167694762903025e+00 1.449999999999992184e+00 -3.560282723476841937e-01
5.419247327442393569e+00 1.449999999999992184e+00 -3.454363326492533304e-01
5.576326960121883225e+00 1.449999999999992184e+00 -3.315988794226951697e-01
5.733406592801371993e+00 1.449999999999994182e+00 -3.189746813195499797e-01
5.890486225480861648e+00 1.449999999999996847e+00 -3.123873618081036696e-01
6.047565858160352192e+00 1.449999999999991074e+00 -3.076076508238454466e-01
6.204645490839841848e+00 1.449999999999995071e+00 -3.003488449618378908e-01
6.361725123519330616e+00 1.449999999999996847e+00 -2.916659500101346225e-01
6.518804756198821160e+00 1.449999999999995293e+00 -2.789092675378759267e-01
6.675884388878310816e+00 1.449999999999999734e+00 -2.599774502159322154e-01
6.832964021557799583e+00 1.450000000000000178e+00 -2.411112519705884694e-01
6.990043654237290127e+00 1.450000000000003508e+00 -2.258359446280326921e-01
7.147123286916778895e+00 1.450000000000003730e+00 -2.097906431783265191e-01
7.304202919596268551e+00 1.450000000000006839e+00 -1.965103352595356512e-01
7.461282552275759095e+00 1.450000000000012390e+00 -1.968102259832740231e-01
7.618362184955247862e+00 1.450000000000011724e+00 -2.052426472370560973e-01
7.775441817634738406e+00 1.450000000000016831e+00 -2.072698332477722616e-01
7.932521450314228062e+00 1.450000000000013056e+00 -2.033992507328328259e-01
8.089601082993716830e+00 1.450000000000010836e+00 -2.047302719556256534e-01
8.246680715673207374e+00 1.450000000000015499e+00 -2.126506134422303518e-01
8.403760348352696141e+00 1.450000000000017053e+00 -2.132270637742177399e-01
8.560839981032184909e+00 1.450000000000019273e+00 -1.953412306697011047e-01
8.717919613711675453e+00 1.450000000000022604e+00 -1.656578460378010931e-01
8.874999246391165997e+00 1.450000000000019496e+00 -1.427802446919628210e-01
9.032078879070656541e+00 1.450000000000012834e+00 -1.471333165967934065e-01
9.189158511750145308e+00 1.450000000000021494e+00 -1.843574292166714201e-01
9.346238144429634076e+00 1.450000000000019051e+00 -2.274401319915302366e-01
9.503317777109124620e+00 1.450000000000021716e+00 -2.349428331861496133e-01
9.660397409788613388e+00 1.450000000000022382e+00 -1.953785619832384413e-01
9.817477042468102155e+00 1.450000000000018829e+00 -1.401353157386200365e-01
9.974556675147592699e+00 1.450000000000013722e+00 -1.057332007004863073e-01
1.013163630782708324e+01 1.450000000000015277e+00 -9.748433931553535103e-02
1.028871594050657379e+01 1.450000000000008615e+00 -9.842527621777463764e-02
1.044579557318606255e+01 1.450000000000017497e+00 -9.693216969708196018e-02
1.060287520586555132e+01 1.450000000000005285e+00 -9.750529417841136137e-02
1.075995483854504187e+01 1.450000000000001066e+00 -1.083203662281810864e-01
1.091703447122453063e+01 1.450000000000010614e+00 -1.224233931047109536e-01
1.107411410390401940e+01 1.450000000000007949e+00 -1.241207586455530532e-01
1.123119373658350995e+01 1.450000000000011946e+00 -1.088424940877814606e-01
1.138827336926300049e+01 1.450000000000009726e+00 -8.657124588571818435e-02
1.154535300194249103e+01 1.450000000000012834e+00 -7.318064509260224781e-02
1.170243263462197980e+01 1.450000000000008171e+00 -7.608138930537933220e-02
1.185951226730146857e+01 1.450000000000002842e+00 -7.761017306879125499e-02
1.201659189998095911e+01 1.449999999999999067e+00 -6.250633068638045131e-02
1.217367153266044788e+01 1.449999999999997957e+00 -2.824281278551055152e-02
1.233075116533993665e+01 1.449999999999994627e+00 -9.696924838053178064e-03
1.248783079801942719e+01 1.450000000000006839e+00 -2.991754489270270767e-02
1.264491043069891774e+01 1.449999999999998179e+00 -6.165141843332122562e-02
1.280199006337840650e+01 1.449999999999993960e+00 -6.176020958440275876e-02
1.295906969605789527e+01 1.449999999999993738e+00 -2.750132626809076442e-02
1.311614932873738759e+01 1.449999999999990408e+00 2.435566726026294759e-03
1.327322896141687636e+01 1.449999999999996625e+00 -5.691303384637080853e-03
1.343030859409636513e+01 1.449999999999998623e+00 -4.442869732522680692e-02
1.358738822677585389e+01 1.449999999999989519e+00 -7.448091739804674205e-02
1.374446785945534444e+01 1.449999999999999734e+00 -5.779094737215118016e-02
1.390154749213483498e+01 1.449999999999989297e+00 4.825464658265943285e-03
1.405862712481432553e+01 1.449999999999997735e+00 6.249072447610259928e-02
1.421570675749381429e+01 1.450000000000001066e+00 6.344917027790231145e-02
1.437278639017330306e+01 1.450000000000001732e+00 1.244810980136001888e-02
1.452986602285279183e+01 1.450000000000008615e+00 -3.258446133024150981e-02
1.468694565553228415e+01 1.450000000000014833e+00 -2.660074979106852311e-02
1.484402528821177292e+01 1.450000000000004841e+00 1.732664817066620344e-02
1.500110492089126168e+01 1.450000000000000622e+00 5.403706994594514867e-02
1.515818455357075223e+01 1.449999999999993738e+00 5.372663721959192173e-02
1.531526418625024100e+01 1.450000000000013056e+00 2.230727905025986502e-02
1.547234381892972976e+01 1.449999999999996847e+00 -8.992142092127508590e-03
1.562942345160922208e+01 1.450000000000005729e+00 -9.016600454399892328e-03
1.578650308428871085e+01 1.449999999999997957e+00 2.733931295740710254e-02
1.594358271696819962e+01 1.450000000000013056e+00 6.978941704432983784e-02
1.610066234964768839e+01 1.450000000000000844e+00 7.528455012714729833e-02
1.625774198232717893e+01 1.450000000000000844e+00 3.233453791164109248e-02
1.641482161500666948e+01 1.449999999999996847e+00 -1.616386756007770487e-02
1.657190124768616002e+01 1.449999999999992850e+00 -1.470136561487223048e-02
1.672898088036564701e+01 1.449999999999989742e+00 3.998866134215006696e-02
1.688606051304513755e+01 1.449999999999994404e+00 9.760653432096688675e-02
1.704314014572462810e+01 1.449999999999977973e+00 1.124185308931302529e-01
1.720021977840411864e+01 1.449999999999990630e+00 8.519690060948192922e-02
1.735729941108360919e+01 1.449999999999990630e+00 5.042207684502741927e-02
1.751437904376309618e+01 1.449999999999983746e+00 4.340766778724258756e-02
1.767145867644258672e+01 1.449999999999985967e+00 7.022819673758107228e-02
1.782853830912207371e+01 1.449999999999978861e+00 1.001889913684514966e-01
1.798561794180156426e+01 1.449999999999984635e+00 1.000300696163805014e-01
1.814269757448105480e+01 1.449999999999991518e+00 7.285488903485415335e-02
1.829977720716054534e+01 1.449999999999971534e+00 5.581808986850944621e-02
1.845685683984003589e+01 1.449999999999974420e+00 7.190942702272096199e-02
1.861393647251952288e+01 1.449999999999969313e+00 1.007523929892357728e-01
1.877101610519901342e+01 1.449999999999980194e+00 1.132243022633865337e-01
