7.853981633974482790e-02 1.305000000001931948e+00 -9.546603457065618414e+00
2.356194490192344837e-01 1.305000000000130056e+00 -3.388823399853897911e+00
3.926990816987241395e-01 1.304999999999995719e+00 -2.256321338851553726e+00
5.497787143782137953e-01 1.304999999999968407e+00 -1.823656033810688637e+00
7.068583470577034511e-01 1.304999999999969962e+00 -1.603188777719646074e+00
8.639379797371929959e-01 1.304999999999983507e+00 -1.443553031487304850e+00
1.021017612416682763e+00 1.304999999999997495e+00 -1.282734106361312687e+00
1.178097245096172418e+00 1.305000000000004157e+00 -1.118402998261473158e+00
1.335176877775662074e+00 1.305000000000002158e+00 -9.778240467237606648e-01
1.492256510455151730e+00 1.304999999999996385e+00 -8.834473289599249490e-01
1.649336143134641386e+00 1.304999999999992388e+00 -8.343876960427236700e-01
1.806415775814131042e+00 1.304999999999993943e+00 -8.072510327015458564e-01
1.963495408493620697e+00 1.304999999999999938e+00 -7.757590649470826882e-01
2.120575041173110353e+00 1.305000000000005711e+00 -7.300740325407018005e-01
2.277654673852600009e+00 1.305000000000007265e+00 -6.755286184777524738e-01
2.434734306532089665e+00 1.305000000000003713e+00 -6.237770592081495202e-01
2.591813939211579321e+00 1.304999999999998606e+00 -5.827405345697553862e-01
2.748893571891068976e+00 1.304999999999995941e+00 -5.561824920590616728e-01
2.905973204570558632e+00 1.304999999999994831e+00 -5.446389269851930059e-01
3.063052837250048288e+00 1.304999999999995941e+00 -5.390343819347358512e-01
3.220132469929537500e+00 1.304999999999998606e+00 -5.289547009659001375e-01
3.377212102609027600e+00 1.304999999999998828e+00 -5.085011772019214504e-01
3.534291735288517255e+00 1.304999999999997939e+00 -4.804427841614731243e-01
3.691371367968007355e+00 1.304999999999993499e+00 -4.547785305091456287e-01
3.848451000647496123e+00 1.304999999999992832e+00 -4.359104974707150859e-01
4.005530633326985779e+00 1.304999999999992832e+00 -4.211787073923138891e-01
4.162610266006476323e+00 1.304999999999992388e+00 -4.048685325126548662e-01
4.319689898685965979e+00 1.304999999999990612e+00 -3.815606898551537896e-01
4.476769531365454746e+00 1.304999999999989946e+00 -3.560990401318573362e-01
4.633849164044944402e+00 1.304999999999987503e+00 -3.396381796013159260e-01
4.790928796724434946e+00 1.304999999999989724e+00 -3.309975333967214439e-01
4.948008429403924602e+00 1.304999999999985727e+00 -3.236432575192287331e-01
5.105088062083413369e+00 1.304999999999983951e+00 -3.155399339089468569e-01
5.262167694762903025e+00 1.304999999999984617e+00 -3.037566744956929909e-01
5.419247327442393569e+00 1.304999999999982174e+00 -2.905639594617284160e-01
5.576326960121883225e+00 1.304999999999983507e+00 -2.827735770373314139e-01
5.733406592801371993e+00 1.304999999999980176e+00 -2.850039019734804668e-01
5.890486225480861648e+00 1.304999999999983507e+00 -2.963338139263065329e-01
6.047565858160352192e+00 1.304999999999979732e+00 -3.061876402087104765e-01
6.204645490839841848e+00 1.304999999999983507e+00 -3.040758160805081545e-01
6.361725123519330616e+00 1.304999999999989724e+00 -2.920003629410317103e-01
6.518804756198821160e+00 1.304999999999996607e+00 -2.699745318027719776e-01
6.675884388878310816e+00 1.304999999999993499e+00 -2.369606347849284589e-01
6.832964021557799583e+00 1.304999999999994387e+00 -2.111287029590869224e-01
6.990043654237290127e+00 1.304999999999990168e+00 -2.058451674576966539e-01
7.147123286916778895e+00 1.304999999999993499e+00 -2.111553937927190816e-01
7.304202919596268551e+00 1.304999999999993276e+00 -2.162338884399384042e-01
7.461282552275759095e+00 1.305000000000005045e+00 -2.145518306721578838e-01
7.618362184955247862e+00 1.305000000000004601e+00 -2.001815690661183922e-01
7.775441817634738406e+00 1.305000000000008598e+00 -1.787029363624732525e-01
7.932521450314228062e+00 1.304999999999996829e+00 -1.664534379334288161e-01
8.089601082993716830e+00 1.304999999999999494e+00 -1.739167337648854783e-01
8.246680715673207374e+00 1.304999999999998161e+00 -1.928792902216809324e-01
8.403760348352696141e+00 1.305000000000001048e+00 -2.056426020840156355e-01
8.560839981032184909e+00 1.305000000000005267e+00 -2.022896193842687040e-01
8.717919613711675453e+00 1.305000000000007931e+00 -1.842986797186032533e-01
8.874999246391165997e+00 1.305000000000011706e+00 -1.587907628787270653e-01
9.032078879070656541e+00 1.305000000000001270e+00 -1.402071794866586174e-01
9.189158511750145308e+00 1.305000000000009042e+00 -1.404223457710109813e-01
9.346238144429634076e+00 1.305000000000004601e+00 -1.503220376547815818e-01
9.503317777109124620e+00 1.305000000000003713e+00 -1.536255469414768982e-01
9.660397409788613388e+00 1.305000000000005489e+00 -1.431846883521412650e-01
9.817477042468102155e+00 1.305000000000004601e+00 -1.252013855486673322e-01
9.974556675147592699e+00 1.305000000000002380e+00 -1.127673058047840016e-01
1.013163630782708324e+01 1.305000000000004601e+00 -1.074606422616888324e-01
1.028871594050657379e+01 1.304999999999998384e+00 -1.069642953627898407e-01
1.044579557318606255e+01 1.304999999999993721e+00 -1.089882630912359929e-01
1.060287520586555132e+01 1.304999999999994831e+00 -1.072572061680450162e-01
1.075995483854504187e+01 1.305000000000000826e+00 -1.011089666642241980e-01
1.091703447122453063e+01 1.304999999999987947e+00 -9.512952360138449137e-02
1.107411410390401940e+01 1.304999999999996163e+00 -8.949565723064623057e-02
1.123119373658350995e+01 1.305000000000004157e+00 -7.985788101905200165e-02
1.138827336926300049e+01 1.304999999999996163e+00 -6.512345812021713698e-02
1.154535300194249103e+01 1.304999999999997273e+00 -5.204599753591665490e-02
1.170243263462197980e+01 1.304999999999990168e+00 -5.040287964187939451e-02
1.185951226730146857e+01 1.304999999999979732e+00 -5.634692434522570181e-02
1.201659189998095911e+01 1.304999999999989946e+00 -6.404859194559975322e-02
1.217367153266044788e+01 1.304999999999996385e+00 -5.960654868250792049e-02
1.233075116533993665e+01 1.304999999999980842e+00 -4.884996960669418797e-02
1.248783079801942719e+01 1.305000000000000160e+00 -4.247495407141599344e-02
1.264491043069891774e+01 1.304999999999986171e+00 -4.067238543668771911e-02
1.280199006337840650e+01 1.304999999999981508e+00 -3.558455883746169945e-02
1.295906969605789527e+01 1.304999999999975957e+00 -3.093263489923359089e-02
1.311614932873738759e+01 1.304999999999977289e+00 -3.272017063460808117e-02
1.327322896141687636e+01 1.304999999999992610e+00 -3.281605050557345749e-02
1.343030859409636513e+01 1.305000000000007265e+00 -2.464924041681548772e-02
1.358738822677585389e+01 1.304999999999999494e+00 -1.243898970627022038e-02
1.374446785945534444e+01 1.305000000000000382e+00 4.976587022920142545e-04
1.390154749213483498e+01 1.304999999999987281e+00 1.302808501472618730e-02
1.405862712481432553e+01 1.304999999999986171e+00 1.651858947636952735e-02
1.421570675749381429e+01 1.304999999999986837e+00 2.975945172988048171e-03
1.437278639017330306e+01 1.304999999999987947e+00 -1.898555962585746215e-02
1.452986602285279183e+01 1.304999999999996163e+00 -2.766858808186256624e-02
1.468694565553228415e+01 1.304999999999993054e+00 -1.362329807164108786e-02
1.484402528821177292e+01 1.304999999999993721e+00 8.726491701608551921e-03
1.500110492089126168e+01 1.304999999999986171e+00 2.349866451632820485e-02
1.515818455357075223e+01 1.304999999999975513e+00 2.708107182017371883e-02
1.531526418625024100e+01 1.304999999999979954e+00 2.230823033387352439e-02
1.547234381892972976e+01 1.304999999999977955e+00 1.758964159861342580e-02
1.562942345160922208e+01 1.304999999999990612e+00 2.121328369686104054e-02
1.578650308428871085e+01 1.304999999999989724e+00 3.572973959467873328e-02
1.594358271696819962e+01 1.304999999999990612e+00 5.730924817966531748e-02
1.610066234964768839e+01 1.304999999999991500e+00 7.059082642549796560e-02
1.625774198232717893e+01 1.304999999999982618e+00 6.220687212501019303e-02
1.641482161500666948e+01 1.304999999999990612e+00 4.143807731450621645e-02
1.657190124768616002e+01 1.304999999999977733e+00 2.884080865203131339e-02
1.672898088036564701e+01 1.304999999999988169e+00 3.235814610260234758e-02
1.688606051304513755e+01 1.304999999999997717e+00 4.420261092792898694e-02
1.704314014572462810e+01 1.304999999999989058e+00 5.622008484498053349e-02
1.720021977840411864e+01 1.305000000000001048e+00 6.738305503250074935e-02
1.735729941108360919e+01 1.304999999999984395e+00 7.476154410764124236e-02
1.751437904376309618e+01 1.304999999999978622e+00 7.473056815746303982e-02
1.767145867644258672e+01 1.304999999999971960e+00 7.324825998266959459e-02
1.782853830912207371e+01 1.304999999999970628e+00 7.743400325690785735e-02
1.798561794180156426e+01 1.304999999999975513e+00 8.194985424664125162e-02
1.814269757448105480e+01 1.304999999999979288e+00 8.360650283063719712e-02
1.829977720716054534e+01 1.304999999999956195e+00 8.913837479903463645e-02
1.845685683984003589e+01 1.304999999999973515e+00 9.826882755258736779e-02
1.861393647251952288e+01 1.304999999999965077e+00 1.020240498226634429e-01
1.877101610519901342e+01 1.304999999999951532e+00 9.576706026116355019e-02
