7.853981633974482790e-02 1.650000000000193312e+00 -2.279309071488928140e+01
2.356194490192344837e-01 1.650000000000020561e+00 -7.687303681973180147e+00
3.926990816987241395e-01 1.650000000000006128e+00 -4.707789956351095206e+00
5.497787143782137953e-01 1.650000000000001465e+00 -3.450057503845337159e+00
7.068583470577034511e-01 1.649999999999999467e+00 -2.759943643965885318e+00
8.639379797371929959e-01 1.649999999999998579e+00 -2.325039262094611203e+00
1.021017612416682763e+00 1.649999999999998357e+00 -2.026889196251655534e+00
1.178097245096172418e+00 1.649999999999999245e+00 -1.810286492674332726e+00
1.335176877775662074e+00 1.650000000000000577e+00 -1.644770481278503338e+00
1.492256510455151730e+00 1.650000000000001910e+00 -1.511648821901034889e+00
1.649336143134641386e+00 1.650000000000002798e+00 -1.399838704080985430e+00
1.806415775814131042e+00 1.650000000000003908e+00 -1.303894658663099948e+00
1.963495408493620697e+00 1.650000000000003686e+00 -1.221443322828403844e+00
2.120575041173110353e+00 1.650000000000004574e+00 -1.150616578821523905e+00
2.277654673852600009e+00 1.650000000000003686e+00 -1.089014667353544574e+00
2.434734306532089665e+00 1.650000000000003242e+00 -1.034123477456489137e+00
2.591813939211579321e+00 1.650000000000002132e+00 -9.840353409565154585e-01
2.748893571891068976e+00 1.650000000000001910e+00 -9.377027449865305009e-01
2.905973204570558632e+00 1.650000000000000577e+00 -8.945268078430430592e-01
3.063052837250048288e+00 1.649999999999999023e+00 -8.537888866556277989e-01
3.220132469929537500e+00 1.649999999999998579e+00 -8.145316478492454770e-01
3.377212102609027600e+00 1.649999999999998135e+00 -7.761233657184423151e-01
3.534291735288517255e+00 1.649999999999997025e+00 -7.387843940704565959e-01
3.691371367968007355e+00 1.649999999999995914e+00 -7.033945560123053831e-01
3.848451000647496123e+00 1.649999999999996136e+00 -6.707659556157850034e-01
4.005530633326985779e+00 1.649999999999995470e+00 -6.411042676619738145e-01
4.162610266006476323e+00 1.649999999999994804e+00 -6.141108151193463982e-01
4.319689898685965979e+00 1.649999999999991918e+00 -5.895559713876359353e-01
4.476769531365454746e+00 1.649999999999991029e+00 -5.675800882392660895e-01
4.633849164044944402e+00 1.649999999999990141e+00 -5.484625295709726345e-01
4.790928796724434946e+00 1.649999999999987255e+00 -5.321558777718555788e-01
4.948008429403924602e+00 1.649999999999985034e+00 -5.181285506193615831e-01
5.105088062083413369e+00 1.649999999999987699e+00 -5.056370402100158756e-01
5.262167694762903025e+00 1.649999999999983480e+00 -4.942934190092653779e-01
5.419247327442393569e+00 1.649999999999981037e+00 -4.845033155597828767e-01
5.576326960121883225e+00 1.649999999999984146e+00 -4.770568618336952227e-01
5.733406592801371993e+00 1.649999999999981926e+00 -4.719046034999268002e-01
5.890486225480861648e+00 1.649999999999984812e+00 -4.671573535691626589e-01
6.047565858160352192e+00 1.649999999999985700e+00 -4.596274620436267000e-01
6.204645490839841848e+00 1.649999999999984146e+00 -4.467548727433205968e-01
6.361725123519330616e+00 1.649999999999985034e+00 -4.281499345810724222e-01
6.518804756198821160e+00 1.649999999999987699e+00 -4.054223846665010456e-01
6.675884388878310816e+00 1.649999999999989475e+00 -3.809619239086439180e-01
6.832964021557799583e+00 1.649999999999990807e+00 -3.571261384159614138e-01
6.990043654237290127e+00 1.649999999999990807e+00 -3.362408066641302540e-01
7.147123286916778895e+00 1.649999999999993028e+00 -3.204714141022728668e-01
7.304202919596268551e+00 1.649999999999992806e+00 -3.111017673662201943e-01
7.461282552275759095e+00 1.649999999999992362e+00 -3.079381083548451414e-01
7.618362184955247862e+00 1.649999999999995914e+00 -3.094212416604174010e-01
7.775441817634738406e+00 1.650000000000002132e+00 -3.132263070359400103e-01
7.932521450314228062e+00 1.649999999999998135e+00 -3.168328017594266299e-01
8.089601082993716830e+00 1.650000000000002576e+00 -3.178875102114968598e-01
8.246680715673207374e+00 1.649999999999995248e+00 -3.146649280574180807e-01
8.403760348352696141e+00 1.650000000000002132e+00 -3.066379978317854693e-01
8.560839981032184909e+00 1.650000000000008571e+00 -2.947824542814334592e-01
8.717919613711675453e+00 1.650000000000007017e+00 -2.809901217276102869e-01
8.874999246391165997e+00 1.649999999999997469e+00 -2.668217446096203815e-01
9.032078879070656541e+00 1.650000000000003908e+00 -2.527466378355800458e-01
9.189158511750145308e+00 1.649999999999996581e+00 -2.385531018500604006e-01
9.346238144429634076e+00 1.649999999999997247e+00 -2.242310674683096750e-01
9.503317777109124620e+00 1.649999999999994138e+00 -2.104895216292330673e-01
9.660397409788613388e+00 1.649999999999996803e+00 -1.985091466771518043e-01
9.817477042468102155e+00 1.649999999999995692e+00 -1.890832450928510156e-01
9.974556675147592699e+00 1.649999999999990363e+00 -1.819598919210783095e-01
1.013163630782708324e+01 1.649999999999991473e+00 -1.760213016618017434e-01
1.028871594050657379e+01 1.649999999999986589e+00 -1.702596936009577178e-01
1.044579557318606255e+01 1.649999999999989919e+00 -1.645525613078593352e-01
1.060287520586555132e+01 1.649999999999985478e+00 -1.595581739169169566e-01
1.075995483854504187e+01 1.649999999999987033e+00 -1.560638281740871491e-01
1.091703447122453063e+01 1.649999999999993694e+00 -1.542945265541160182e-01
1.107411410390401940e+01 1.649999999999988143e+00 -1.535353620638613137e-01
1.123119373658350995e+01 1.649999999999990363e+00 -1.523822843304216690e-01
1.138827336926300049e+01 1.649999999999983258e+00 -1.494263924043153224e-01
1.154535300194249103e+01 1.649999999999987921e+00 -1.440658615424812439e-01
1.170243263462197980e+01 1.649999999999977263e+00 -1.369607431428825350e-01
1.185951226730146857e+01 1.649999999999982370e+00 -1.258138290370656165e-01
1.201659189998095911e+01 1.649999999999972822e+00 -1.200129303126082903e-01
1.217367153266044788e+01 1.649999999999972156e+00 -1.165041564111870542e-01
1.233075116533993665e+01 1.649999999999976819e+00 -1.146055106108079258e-01
1.248783079801942719e+01 1.649999999999976596e+00 -1.124522329434327617e-01
1.264491043069891774e+01 1.649999999999971267e+00 -1.075763024170868221e-01
1.280199006337840650e+01 1.649999999999965494e+00 -9.782098957042784093e-02
1.295906969605789527e+01 1.649999999999971045e+00 -8.239525074441189645e-02
1.311614932873738759e+01 1.649999999999971489e+00 -6.272354099349364276e-02
1.327322896141687636e+01 1.649999999999964606e+00 -4.248615777544095806e-02
1.343030859409636513e+01 1.649999999999969713e+00 -2.616317793104805389e-02
1.358738822677585389e+01 1.649999999999955502e+00 -1.688279279727034066e-02
1.374446785945534444e+01 1.649999999999966160e+00 -1.514301010710639162e-02
1.390154749213483498e+01 1.649999999999973044e+00 -1.932475069577677118e-02
1.405862712481432553e+01 1.649999999999963940e+00 -2.714427509715733322e-02
1.421570675749381429e+01 1.649999999999977929e+00 -3.613488834190015098e-02
1.437278639017330306e+01 1.649999999999970379e+00 -4.307121473674691003e-02
1.452986602285279183e+01 1.649999999999976374e+00 -4.427670070057487806e-02
1.468694565553228415e+01 1.649999999999968825e+00 -3.741195020914389602e-02
1.484402528821177292e+01 1.649999999999971934e+00 -2.343607191020602443e-02
1.500110492089126168e+01 1.649999999999972600e+00 -6.467029202180896164e-03
1.515818455357075223e+01 1.649999999999973488e+00 9.167995491599967295e-03
1.531526418625024100e+01 1.649999999999988143e+00 2.233551602657968260e-02
1.547234381892972976e+01 1.649999999999970379e+00 3.539781396731456198e-02
1.562942345160922208e+01 1.649999999999977929e+00 5.066770562059730310e-02
1.578650308428871085e+01 1.649999999999974376e+00 6.697465517743772523e-02
1.594358271696819962e+01 1.649999999999970823e+00 8.014587683479845737e-02
1.610066234964768839e+01 1.649999999999970823e+00 8.638096843231579669e-02
1.625774198232717893e+01 1.649999999999969047e+00 8.496415773444709885e-02
1.641482161500666948e+01 1.649999999999977263e+00 7.824556578540864393e-02
1.657190124768616002e+01 1.649999999999958167e+00 6.973963102811353565e-02
1.672898088036564701e+01 1.649999999999970601e+00 6.245346598221246381e-02
1.688606051304513755e+01 1.649999999999966382e+00 5.863570179176846864e-02
1.704314014572462810e+01 1.649999999999958611e+00 6.030030247478990191e-02
1.720021977840411864e+01 1.649999999999961942e+00 6.877625164093359444e-02
1.735729941108360919e+01 1.649999999999956612e+00 8.341422840756251844e-02
1.751437904376309618e+01 1.649999999999965938e+00 1.012386017095963098e-01
1.767145867644258672e+01 1.649999999999964606e+00 1.182260327153308310e-01
1.782853830912207371e+01 1.649999999999951728e+00 1.312381826468431711e-01
1.798561794180156426e+01 1.649999999999956168e+00 1.391969172963065660e-01
1.814269757448105480e+01 1.649999999999962386e+00 1.429232016603556588e-01
1.829977720716054534e+01 1.649999999999961275e+00 1.443345694371842569e-01
1.845685683984003589e+01 1.649999999999952172e+00 1.455311590747747630e-01
1.861393647251952288e+01 1.649999999999950173e+00 1.480412410348463936e-01
1.877101610519901342e+01 1.649999999999957501e+00 1.523741172570360902e-01
