7.853981633974482790e-02 7.000000000000001776e-01 -6.459593040959865640e-02
2.356194490192344837e-01 7.000000000000001776e-01 -1.459329737147468942e-01
3.926990816987241395e-01 7.000000000000002887e-01 -1.926100527168757015e-01
5.497787143782137953e-01 7.000000000000000666e-01 -2.172492263897870535e-01
7.068583470577034511e-01 7.000000000000001776e-01 -2.246910070851726449e-01
8.639379797371929959e-01 7.000000000000001776e-01 -2.288521603068591759e-01
1.021017612416682763e+00 7.000000000000005107e-01 -2.259508505783669463e-01
1.178097245096172418e+00 7.000000000000006217e-01 -2.266566270779122316e-01
1.335176877775662074e+00 7.000000000000003997e-01 -2.228442417098612793e-01
1.492256510455151730e+00 7.000000000000012879e-01 -2.075811820109898509e-01
1.649336143134641386e+00 7.000000000000010658e-01 -2.095443239290748494e-01
1.806415775814131042e+00 7.000000000000012879e-01 -2.012049923196093104e-01
1.963495408493620697e+00 7.000000000000010658e-01 -1.891934517637365865e-01
2.120575041173110353e+00 7.000000000000008438e-01 -1.775854442786259924e-01
2.277654673852600009e+00 7.000000000000017319e-01 -1.692198689327528704e-01
2.434734306532089665e+00 7.000000000000022871e-01 -1.615172555337811566e-01
2.591813939211579321e+00 6.999999999999998446e-01 -1.594106265471819661e-01
2.748893571891068976e+00 6.999999999999988454e-01 -1.595335256708936278e-01
2.905973204570558632e+00 6.999999999999991784e-01 -1.546138299402142202e-01
3.063052837250048288e+00 7.000000000000006217e-01 -1.314923658861961719e-01
3.220132469929537500e+00 7.000000000000007327e-01 -1.223252726996335582e-01
3.377212102609027600e+00 7.000000000000009548e-01 -1.305938937342161488e-01
3.534291735288517255e+00 7.000000000000029532e-01 -1.311945176033693095e-01
3.691371367968007355e+00 6.999999999999988454e-01 -1.270584265814935776e-01
3.848451000647496123e+00 7.000000000000006217e-01 -1.148402110961992406e-01
4.005530633326985779e+00 6.999999999999997335e-01 -1.110610506961231536e-01
4.162610266006476323e+00 6.999999999999986233e-01 -1.068344641359884051e-01
4.319689898685965979e+00 6.999999999999976241e-01 -9.860687876919982386e-02
4.476769531365454746e+00 6.999999999999962919e-01 -9.163061926375348776e-02
4.633849164044944402e+00 6.999999999999978462e-01 -9.643280049733338188e-02
4.790928796724434946e+00 6.999999999999988454e-01 -9.513471869263501191e-02
4.948008429403924602e+00 6.999999999999946265e-01 -8.768746163154350626e-02
5.105088062083413369e+00 6.999999999999924061e-01 -9.059704421141923092e-02
5.262167694762903025e+00 6.999999999999920730e-01 -8.362173007380402368e-02
5.419247327442393569e+00 6.999999999999918510e-01 -7.111181255568421733e-02
5.576326960121883225e+00 6.999999999999905187e-01 -7.640918200987290021e-02
5.733406592801371993e+00 7.000000000000070610e-01 -8.792264646406788842e-02
5.890486225480861648e+00 7.000000000000027311e-01 -7.992655961083094951e-02
6.047565858160352192e+00 6.999999999999934053e-01 -7.703174004690360732e-02
6.204645490839841848e+00 6.999999999999904077e-01 -7.359587517910259891e-02
6.361725123519330616e+00 6.999999999999932943e-01 -6.559141167149906693e-02
6.518804756198821160e+00 6.999999999999970690e-01 -6.716963442926005001e-02
6.675884388878310816e+00 6.999999999999975131e-01 -7.005201759930468342e-02
6.832964021557799583e+00 6.999999999999988454e-01 -6.099166218569695985e-02
6.990043654237290127e+00 6.999999999999996225e-01 -5.437372884087388059e-02
7.147123286916778895e+00 6.999999999999989564e-01 -6.075359873296459767e-02
7.304202919596268551e+00 6.999999999999989564e-01 -6.463475499433180005e-02
7.461282552275759095e+00 6.999999999999962919e-01 -6.263085456712591537e-02
7.618362184955247862e+00 7.000000000000071720e-01 -5.670937679720111646e-02
7.775441817634738406e+00 7.000000000000133893e-01 -5.663369657863182027e-02
7.932521450314228062e+00 6.999999999999937383e-01 -5.842427910645930922e-02
8.089601082993716830e+00 7.000000000000030642e-01 -5.486680881967309631e-02
8.246680715673207374e+00 6.999999999999947375e-01 -4.515880044817599526e-02
8.403760348352696141e+00 6.999999999999957367e-01 -4.244380399831371165e-02
8.560839981032184909e+00 7.000000000000053957e-01 -4.374150178181324122e-02
8.717919613711675453e+00 7.000000000000075051e-01 -4.260863576758211480e-02
8.874999246391165997e+00 7.000000000000142775e-01 -4.109049056137514810e-02
9.032078879070656541e+00 7.000000000000047296e-01 -3.647402742264915787e-02
9.189158511750145308e+00 7.000000000000083933e-01 -4.014132199181297267e-02
9.346238144429634076e+00 7.000000000000233813e-01 -3.823498394246982457e-02
9.503317777109124620e+00 7.000000000000098366e-01 -3.504299727169879475e-02
9.660397409788613388e+00 6.999999999999947375e-01 -3.933147318760887856e-02
9.817477042468102155e+00 7.000000000000113909e-01 -2.486495873766436659e-02
9.974556675147592699e+00 6.999999999999946265e-01 -2.361770531756945957e-02
1.013163630782708324e+01 7.000000000000067280e-01 -1.849544183349927096e-02
1.028871594050657379e+01 7.000000000000098366e-01 -1.382977772829541152e-02
1.044579557318606255e+01 6.999999999999901856e-01 -1.747734725854854787e-02
1.060287520586555132e+01 6.999999999999735323e-01 -2.715032570558939540e-02
1.075995483854504187e+01 7.000000000000056177e-01 -3.448102485105941639e-02
1.091703447122453063e+01 6.999999999999910738e-01 -3.059689604685722486e-02
1.107411410390401940e+01 7.000000000000067280e-01 -4.297504307274913060e-02
1.123119373658350995e+01 7.000000000000249356e-01 -2.328649584872088951e-02
1.138827336926300049e+01 7.000000000000095035e-01 -2.786155898232678396e-02
1.154535300194249103e+01 7.000000000000101696e-01 -3.048051917168059788e-02
1.170243263462197980e+01 7.000000000000003997e-01 -1.403483280659578725e-02
1.185951226730146857e+01 7.000000000000027311e-01 -1.246540793584216544e-03
1.201659189998095911e+01 7.000000000000041744e-01 1.021927883593676256e-03
1.217367153266044788e+01 6.999999999999997335e-01 -4.651459881477748581e-03
1.233075116533993665e+01 7.000000000000126121e-01 6.763087165692738267e-03
1.248783079801942719e+01 7.000000000000072831e-01 3.763015520659607205e-03
1.264491043069891774e+01 6.999999999999767519e-01 7.747024715749617485e-03
1.280199006337840650e+01 6.999999999999860778e-01 2.105297918408410851e-03
1.295906969605789527e+01 6.999999999999889644e-01 7.281701672416929227e-03
1.311614932873738759e+01 7.000000000000050626e-01 1.547598929762550313e-02
1.327322896141687636e+01 6.999999999999895195e-01 -3.932133702546636300e-03
1.343030859409636513e+01 6.999999999999991784e-01 3.483115589093088715e-03
1.358738822677585389e+01 6.999999999999745315e-01 4.961723107044235803e-05
1.374446785945534444e+01 7.000000000000164979e-01 1.255064310149833773e-02
1.390154749213483498e+01 6.999999999999946265e-01 7.524678371133575183e-04
1.405862712481432553e+01 6.999999999999965139e-01 1.448290426626108740e-02
1.421570675749381429e+01 7.000000000000111688e-01 1.444484469521434278e-02
1.437278639017330306e+01 7.000000000000222711e-01 1.487133521127503855e-04
1.452986602285279183e+01 7.000000000000027311e-01 -5.985994251814119593e-03
1.468694565553228415e+01 7.000000000000198286e-01 6.765003367343425111e-03
1.484402528821177292e+01 7.000000000000331513e-01 1.788083977412213699e-02
1.500110492089126168e+01 7.000000000000030642e-01 1.135842116502594479e-02
1.515818455357075223e+01 7.000000000000087264e-01 2.871034793862214940e-02
1.531526418625024100e+01 7.000000000000056177e-01 2.229362105536303318e-02
1.547234381892972976e+01 7.000000000000200506e-01 1.593388489959579601e-02
1.562942345160922208e+01 7.000000000000010658e-01 3.313168612260675161e-02
1.578650308428871085e+01 7.000000000000271561e-01 2.676623107270614810e-02
1.594358271696819962e+01 7.000000000000232703e-01 3.762248958171454660e-02
1.610066234964768839e+01 6.999999999999838574e-01 4.988023694782128814e-02
1.625774198232717893e+01 7.000000000000166089e-01 4.403922414525851536e-02
1.641482161500666948e+01 7.000000000000003997e-01 3.057627631461912188e-02
1.657190124768616002e+01 6.999999999999901856e-01 3.074631175157094276e-02
1.672898088036564701e+01 6.999999999999909628e-01 4.378448068595020004e-02
1.688606051304513755e+01 7.000000000000009548e-01 3.304850547883475542e-02
1.704314014572462810e+01 6.999999999999657607e-01 4.478460360443392574e-02
1.720021977840411864e+01 6.999999999999891864e-01 4.188842232918332797e-02
1.735729941108360919e+01 6.999999999999877431e-01 4.885335162965986910e-02
1.751437904376309618e+01 7.000000000000081712e-01 3.173158037779444385e-02
1.767145867644258672e+01 6.999999999999854117e-01 3.945683505729036256e-02
1.782853830912207371e+01 6.999999999999777511e-01 4.442697139897688885e-02
1.798561794180156426e+01 6.999999999999708677e-01 3.989182355338272146e-02
1.814269757448105480e+01 6.999999999999879652e-01 4.382559500984939405e-02
1.829977720716054534e+01 7.000000000000022871e-01 4.172714267786759024e-02
1.845685683984003589e+01 6.999999999999844125e-01 5.196173894195865728e-02
1.861393647251952288e+01 6.999999999999789724e-01 4.767296213199401222e-02
1.877101610519901342e+01 6.999999999999597655e-01 5.013211666327066496e-02
