7.853981633974482790e-02 1.235000000000024745e+00 -5.787878670487160093e+00
2.356194490192344837e-01 1.235000000000014309e+00 -2.380081121099112629e+00
3.926990816987241395e-01 1.235000000000008757e+00 -1.860392776799730585e+00
5.497787143782137953e-01 1.235000000000003650e+00 -1.594365809357964014e+00
7.068583470577034511e-01 1.234999999999999432e+00 -1.370221247124367325e+00
8.639379797371929959e-01 1.235000000000001208e+00 -1.228771092624213468e+00
1.021017612416682763e+00 1.235000000000003428e+00 -1.128623281004106804e+00
1.178097245096172418e+00 1.235000000000003650e+00 -9.996825274005640694e-01
1.335176877775662074e+00 1.235000000000004539e+00 -8.691127858491651814e-01
1.492256510455151730e+00 1.235000000000003872e+00 -8.023749427866508910e-01
1.649336143134641386e+00 1.235000000000002762e+00 -7.818426205926241046e-01
1.806415775814131042e+00 1.235000000000002096e+00 -7.379185021412684176e-01
1.963495408493620697e+00 1.235000000000002984e+00 -6.654236580924894895e-01
2.120575041173110353e+00 1.235000000000006759e+00 -6.299900432702369990e-01
2.277654673852600009e+00 1.235000000000007425e+00 -6.091862088590729307e-01
2.434734306532089665e+00 1.235000000000005427e+00 -5.537834839872379789e-01
2.591813939211579321e+00 1.235000000000002096e+00 -4.990233564256518761e-01
2.748893571891068976e+00 1.235000000000002540e+00 -4.813126900289277366e-01
2.905973204570558632e+00 1.235000000000004317e+00 -5.046509103136767038e-01
3.063052837250048288e+00 1.235000000000003206e+00 -5.102557917505725626e-01
3.220132469929537500e+00 1.235000000000002984e+00 -4.537489940985270920e-01
3.377212102609027600e+00 1.235000000000003206e+00 -3.887565618873356499e-01
3.534291735288517255e+00 1.235000000000002984e+00 -3.679302017947789771e-01
3.691371367968007355e+00 1.234999999999999432e+00 -3.699886565455252629e-01
3.848451000647496123e+00 1.234999999999996101e+00 -3.687101360656743765e-01
4.005530633326985779e+00 1.234999999999999432e+00 -3.798812096111552350e-01
4.162610266006476323e+00 1.234999999999998987e+00 -3.873628802303832330e-01
4.319689898685965979e+00 1.234999999999999210e+00 -3.669466444948517037e-01
4.476769531365454746e+00 1.234999999999997655e+00 -3.260718487687466194e-01
4.633849164044944402e+00 1.234999999999991882e+00 -2.999633981454019604e-01
4.790928796724434946e+00 1.234999999999996767e+00 -2.986846862682819292e-01
4.948008429403924602e+00 1.234999999999995213e+00 -3.052059498939883042e-01
5.105088062083413369e+00 1.234999999999995879e+00 -2.957209204208623987e-01
5.262167694762903025e+00 1.234999999999992548e+00 -2.651601561647218830e-01
5.419247327442393569e+00 1.234999999999993658e+00 -2.485307290009144410e-01
5.576326960121883225e+00 1.234999999999989884e+00 -2.468656255352179585e-01
5.733406592801371993e+00 1.234999999999999210e+00 -2.579956861225811693e-01
5.890486225480861648e+00 1.234999999999996767e+00 -2.905248287883228642e-01
6.047565858160352192e+00 1.234999999999995879e+00 -3.066363595553598387e-01
6.204645490839841848e+00 1.234999999999996767e+00 -2.669396225676283763e-01
6.361725123519330616e+00 1.234999999999995879e+00 -2.072044689041900867e-01
6.518804756198821160e+00 1.234999999999999654e+00 -1.932202013867376778e-01
6.675884388878310816e+00 1.234999999999993214e+00 -2.213665629359384823e-01
6.832964021557799583e+00 1.235000000000004983e+00 -2.428926344884629884e-01
6.990043654237290127e+00 1.235000000000003650e+00 -2.267677373127918727e-01
7.147123286916778895e+00 1.235000000000011422e+00 -1.793440628661207015e-01
7.304202919596268551e+00 1.235000000000005427e+00 -1.499490942819132755e-01
7.461282552275759095e+00 1.235000000000003872e+00 -1.539061033627016073e-01
7.618362184955247862e+00 1.235000000000003428e+00 -1.782062919524101119e-01
7.775441817634738406e+00 1.235000000000009868e+00 -1.954278771927242531e-01
7.932521450314228062e+00 1.235000000000012532e+00 -1.776433563529788984e-01
8.089601082993716830e+00 1.235000000000018971e+00 -1.534671103589300145e-01
8.246680715673207374e+00 1.235000000000011200e+00 -1.455331426943740070e-01
8.403760348352696141e+00 1.235000000000008091e+00 -1.526023125721831519e-01
8.560839981032184909e+00 1.235000000000008757e+00 -1.722405671145015305e-01
8.717919613711675453e+00 1.235000000000019860e+00 -1.868602005803303712e-01
8.874999246391165997e+00 1.235000000000026077e+00 -1.594730642577903978e-01
9.032078879070656541e+00 1.235000000000014087e+00 -1.045777289479126182e-01
9.189158511750145308e+00 1.235000000000012310e+00 -8.436016961933034963e-02
9.346238144429634076e+00 1.235000000000016751e+00 -1.096159187332155227e-01
9.503317777109124620e+00 1.235000000000021858e+00 -1.465297985314144569e-01
9.660397409788613388e+00 1.235000000000016307e+00 -1.732948711968447242e-01
9.817477042468102155e+00 1.235000000000016973e+00 -1.524888596209077463e-01
9.974556675147592699e+00 1.235000000000010756e+00 -1.197241495848881954e-01
1.013163630782708324e+01 1.235000000000015641e+00 -1.165263555481566016e-01
1.028871594050657379e+01 1.235000000000009646e+00 -1.206158022937948715e-01
1.044579557318606255e+01 1.235000000000011866e+00 -1.168846909846479321e-01
1.060287520586555132e+01 1.235000000000012754e+00 -1.089237320057439007e-01
1.075995483854504187e+01 1.234999999999997655e+00 -1.107391616689490377e-01
1.091703447122453063e+01 1.235000000000010312e+00 -1.116297783289983414e-01
1.107411410390401940e+01 1.235000000000026743e+00 -1.080877452305291087e-01
1.123119373658350995e+01 1.235000000000012310e+00 -8.812576013798789631e-02
1.138827336926300049e+01 1.234999999999999432e+00 -6.781218928133014856e-02
1.154535300194249103e+01 1.234999999999999654e+00 -8.435963609452201695e-02
1.170243263462197980e+01 1.235000000000001874e+00 -1.154017562311988598e-01
1.185951226730146857e+01 1.235000000000004317e+00 -1.138617906387739964e-01
1.201659189998095911e+01 1.235000000000014087e+00 -8.398120648646667519e-02
1.217367153266044788e+01 1.234999999999993658e+00 -5.264427510159030987e-02
1.233075116533993665e+01 1.234999999999990328e+00 -3.580961377244840094e-02
1.248783079801942719e+01 1.234999999999996989e+00 -2.271052949019569667e-02
1.264491043069891774e+01 1.234999999999981890e+00 -1.134779430383581200e-02
1.280199006337840650e+01 1.234999999999974563e+00 -6.685026990041365025e-03
1.295906969605789527e+01 1.234999999999993880e+00 -7.236386736058975089e-03
1.311614932873738759e+01 1.234999999999982556e+00 6.845768977017385737e-03
1.327322896141687636e+01 1.234999999999981668e+00 1.883257192052134599e-02
1.343030859409636513e+01 1.235000000000002096e+00 2.397774743249669882e-02
1.358738822677585389e+01 1.234999999999990106e+00 3.895326775854179857e-02
1.374446785945534444e+01 1.234999999999990994e+00 5.318775631492833611e-02
1.390154749213483498e+01 1.234999999999993214e+00 4.523253644838121090e-02
1.405862712481432553e+01 1.234999999999975895e+00 2.139595175996511500e-02
1.421570675749381429e+01 1.235000000000011422e+00 9.422868537285467028e-04
1.437278639017330306e+01 1.234999999999999654e+00 -1.222760807749523337e-03
1.452986602285279183e+01 1.235000000000009868e+00 1.458760613264686867e-02
1.468694565553228415e+01 1.234999999999998765e+00 2.710574422161649011e-02
1.484402528821177292e+01 1.235000000000006315e+00 2.762513771313024336e-02
1.500110492089126168e+01 1.235000000000013642e+00 2.187663421851127055e-02
1.515818455357075223e+01 1.235000000000003650e+00 2.047446771775973673e-02
1.531526418625024100e+01 1.235000000000013642e+00 2.229167608135362855e-02
1.547234381892972976e+01 1.235000000000007869e+00 2.410144468427688480e-02
1.562942345160922208e+01 1.235000000000009424e+00 2.275352699306232296e-02
1.578650308428871085e+01 1.235000000000000098e+00 1.721517674203809634e-02
1.594358271696819962e+01 1.234999999999998321e+00 1.787782265946269433e-02
1.610066234964768839e+01 1.235000000000006093e+00 3.012364995265670586e-02
1.625774198232717893e+01 1.234999999999996767e+00 4.533436180756567069e-02
1.641482161500666948e+01 1.235000000000005427e+00 4.336946968594190821e-02
1.657190124768616002e+01 1.234999999999967013e+00 2.427052730075374143e-02
1.672898088036564701e+01 1.234999999999987441e+00 2.194657145391687436e-03
1.688606051304513755e+01 1.234999999999988551e+00 -4.765515049964363925e-03
1.704314014572462810e+01 1.234999999999982556e+00 8.994861893199868064e-03
1.720021977840411864e+01 1.234999999999988995e+00 2.321947255241241237e-02
1.735729941108360919e+01 1.234999999999973452e+00 2.831784550008720203e-02
1.751437904376309618e+01 1.234999999999980780e+00 3.949345648738145087e-02
1.767145867644258672e+01 1.234999999999987441e+00 5.234633955823397855e-02
1.782853830912207371e+01 1.234999999999963904e+00 5.216763722411954518e-02
1.798561794180156426e+01 1.234999999999967901e+00 5.656619387604067128e-02
1.814269757448105480e+01 1.234999999999977893e+00 6.668536534932556492e-02
1.829977720716054534e+01 1.234999999999966347e+00 7.811047330867637584e-02
1.845685683984003589e+01 1.234999999999970566e+00 9.246112022326258284e-02
1.861393647251952288e+01 1.234999999999981668e+00 1.184966258329360755e-01
1.877101610519901342e+01 1.234999999999978115e+00 1.427124329783389101e-01
