7.853981633974482790e-02 1.185000000000000053e+00 -1.093148350827804149e+00
2.356194490192344837e-01 1.185000000000000275e+00 -1.342962768590974854e+00
3.926990816987241395e-01 1.185000000000000719e+00 -1.485085958937631734e+00
5.497787143782137953e-01 1.185000000000001164e+00 -1.385942927801750990e+00
7.068583470577034511e-01 1.185000000000000497e+00 -1.163554583269732934e+00
8.639379797371929959e-01 1.185000000000000941e+00 -1.046621818014217054e+00
1.021017612416682763e+00 1.185000000000001608e+00 -9.906404125296215391e-01
1.178097245096172418e+00 1.185000000000001608e+00 -8.458299057929097309e-01
1.335176877775662074e+00 1.185000000000001830e+00 -7.603832455443872984e-01
1.492256510455151730e+00 1.185000000000002052e+00 -6.788120214747663805e-01
1.649336143134641386e+00 1.185000000000001830e+00 -6.815996865256324089e-01
1.806415775814131042e+00 1.185000000000002274e+00 -6.378641790591264016e-01
1.963495408493620697e+00 1.185000000000002940e+00 -5.721672429814468330e-01
2.120575041173110353e+00 1.185000000000002940e+00 -6.375193009924333687e-01
2.277654673852600009e+00 1.185000000000002940e+00 -4.969899798289332260e-01
2.434734306532089665e+00 1.185000000000003828e+00 -5.000042588781821173e-01
2.591813939211579321e+00 1.185000000000002718e+00 -4.663411699701414115e-01
2.748893571891068976e+00 1.185000000000000275e+00 -4.451738688581556858e-01
2.905973204570558632e+00 1.185000000000001830e+00 -4.685822488095698901e-01
3.063052837250048288e+00 1.185000000000001386e+00 -4.064764741349815580e-01
3.220132469929537500e+00 1.185000000000001830e+00 -4.195491320181630179e-01
3.377212102609027600e+00 1.185000000000004494e+00 -3.523850103905159514e-01
3.534291735288517255e+00 1.185000000000001608e+00 -3.897840993275640820e-01
3.691371367968007355e+00 1.184999999999998055e+00 -3.405552109747720380e-01
3.848451000647496123e+00 1.185000000000000053e+00 -3.661297566883181531e-01
4.005530633326985779e+00 1.184999999999996501e+00 -3.271221260030010569e-01
4.162610266006476323e+00 1.184999999999998943e+00 -3.201827059871691361e-01
4.319689898685965979e+00 1.184999999999996723e+00 -3.077296826300699450e-01
4.476769531365454746e+00 1.184999999999995390e+00 -2.716562409839360370e-01
4.633849164044944402e+00 1.184999999999992282e+00 -3.100299598354787634e-01
4.790928796724434946e+00 1.184999999999998499e+00 -2.571005144972273726e-01
4.948008429403924602e+00 1.184999999999992504e+00 -2.110248960751039959e-01
5.105088062083413369e+00 1.184999999999990727e+00 -2.662000195776643707e-01
5.262167694762903025e+00 1.184999999999990949e+00 -2.545632816552902966e-01
5.419247327442393569e+00 1.184999999999987397e+00 -1.902459090493477945e-01
5.576326960121883225e+00 1.184999999999992504e+00 -2.307365292214687003e-01
5.733406592801371993e+00 1.184999999999995168e+00 -2.403153523161796201e-01
5.890486225480861648e+00 1.185000000000000719e+00 -2.252299036563893964e-01
6.047565858160352192e+00 1.184999999999993170e+00 -2.266336587562562954e-01
6.204645490839841848e+00 1.184999999999991616e+00 -1.659174210759486456e-01
6.361725123519330616e+00 1.184999999999991616e+00 -1.857615125865397232e-01
6.518804756198821160e+00 1.184999999999999387e+00 -2.281306884862255302e-01
6.675884388878310816e+00 1.184999999999995168e+00 -1.809894498077104785e-01
6.832964021557799583e+00 1.185000000000001608e+00 -1.973805332575899740e-01
6.990043654237290127e+00 1.185000000000008935e+00 -1.870357960089314986e-01
7.147123286916778895e+00 1.184999999999998277e+00 -1.660616283184266351e-01
7.304202919596268551e+00 1.185000000000009601e+00 -1.738671278212837734e-01
7.461282552275759095e+00 1.185000000000006271e+00 -1.872242610596890344e-01
7.618362184955247862e+00 1.185000000000005826e+00 -1.710028228195099587e-01
7.775441817634738406e+00 1.185000000000017595e+00 -1.417184269074294178e-01
7.932521450314228062e+00 1.185000000000005382e+00 -1.189082153683838072e-01
8.089601082993716830e+00 1.185000000000016485e+00 -1.616792193226324059e-01
8.246680715673207374e+00 1.185000000000019371e+00 -1.535964567376169043e-01
8.403760348352696141e+00 1.185000000000007159e+00 -1.447199041394284791e-01
8.560839981032184909e+00 1.185000000000013598e+00 -1.364283575892741851e-01
8.717919613711675453e+00 1.185000000000018705e+00 -1.147993942542875345e-01
8.874999246391165997e+00 1.185000000000003606e+00 -1.362133020008151618e-01
9.032078879070656541e+00 1.185000000000013376e+00 -9.677723581856234603e-02
9.189158511750145308e+00 1.185000000000011156e+00 -8.603043577840985279e-02
9.346238144429634076e+00 1.185000000000027809e+00 -1.030814039463976428e-01
9.503317777109124620e+00 1.185000000000013820e+00 -1.552084335509444912e-01
9.660397409788613388e+00 1.185000000000006493e+00 -1.115271046844998892e-01
9.817477042468102155e+00 1.184999999999997389e+00 -9.827832653744472680e-02
9.974556675147592699e+00 1.185000000000009601e+00 -9.673364690680408273e-02
1.013163630782708324e+01 1.185000000000009601e+00 -5.744724985257754213e-02
1.028871594050657379e+01 1.185000000000005826e+00 -8.093323323524259649e-02
1.044579557318606255e+01 1.185000000000011822e+00 -9.123136242469520596e-02
1.060287520586555132e+01 1.184999999999996279e+00 -6.341608634014050949e-02
1.075995483854504187e+01 1.184999999999992726e+00 -7.619332599186456889e-02
1.091703447122453063e+01 1.184999999999984732e+00 -1.774124823126577155e-02
1.107411410390401940e+01 1.185000000000028253e+00 -9.562498557894372198e-02
1.123119373658350995e+01 1.185000000000027587e+00 -1.047913988098869709e-01
1.138827336926300049e+01 1.184999999999989839e+00 -5.385444447720288963e-02
1.154535300194249103e+01 1.185000000000012710e+00 -2.651114755326489103e-02
1.170243263462197980e+01 1.185000000000025588e+00 -6.524743994573434236e-02
1.185951226730146857e+01 1.184999999999992282e+00 -6.941821356698163470e-02
1.201659189998095911e+01 1.185000000000010045e+00 -9.626094450357669530e-02
1.217367153266044788e+01 1.185000000000022258e+00 -1.202117367748591903e-01
1.233075116533993665e+01 1.184999999999984732e+00 -8.762656932407963950e-03
1.248783079801942719e+01 1.185000000000000941e+00 -4.030616242415874240e-02
1.264491043069891774e+01 1.184999999999981624e+00 -3.710334154215466640e-02
1.280199006337840650e+01 1.184999999999962084e+00 -6.352810882446213725e-02
1.295906969605789527e+01 1.184999999999981846e+00 -5.579094036555432012e-03
1.311614932873738759e+01 1.185000000000001830e+00 4.982506972927680522e-03
1.327322896141687636e+01 1.184999999999982512e+00 -3.843950904844462002e-03
1.343030859409636513e+01 1.184999999999976295e+00 -2.335769369002704821e-02
1.358738822677585389e+01 1.184999999999973630e+00 -1.858282015975021295e-02
1.374446785945534444e+01 1.184999999999998499e+00 2.802997898658787790e-03
1.390154749213483498e+01 1.184999999999990061e+00 -3.662512274743967566e-02
1.405862712481432553e+01 1.184999999999993392e+00 4.306114537816974064e-02
1.421570675749381429e+01 1.184999999999990505e+00 1.094450041375871763e-02
1.437278639017330306e+01 1.185000000000010489e+00 -5.720613962170695288e-02
1.452986602285279183e+01 1.185000000000029585e+00 -4.132551238094528401e-02
1.468694565553228415e+01 1.185000000000004938e+00 -4.539113520696247406e-04
1.484402528821177292e+01 1.185000000000014708e+00 1.215805168062189523e-03
1.500110492089126168e+01 1.184999999999996056e+00 2.864577327465234191e-02
1.515818455357075223e+01 1.185000000000020925e+00 5.004476116993394896e-02
1.531526418625024100e+01 1.185000000000024034e+00 2.229722708444548118e-02
1.547234381892972976e+01 1.185000000000028031e+00 -5.304127341993591926e-03
1.562942345160922208e+01 1.184999999999996279e+00 1.612950994100792457e-02
1.578650308428871085e+01 1.185000000000005604e+00 4.304562435371295237e-02
1.594358271696819962e+01 1.185000000000000941e+00 4.459798597885367144e-02
1.610066234964768839e+01 1.185000000000027587e+00 8.359712015228382143e-02
1.625774198232717893e+01 1.185000000000011378e+00 9.826369306825810668e-02
1.641482161500666948e+01 1.184999999999988285e+00 3.388658527332566450e-02
1.657190124768616002e+01 1.184999999999992504e+00 3.786335664724305161e-03
1.672898088036564701e+01 1.184999999999996723e+00 7.839312911944062989e-02
1.688606051304513755e+01 1.185000000000000053e+00 4.206816051287276537e-02
1.704314014572462810e+01 1.184999999999976072e+00 6.183001980479829740e-02
1.720021977840411864e+01 1.184999999999976295e+00 6.622304003353463031e-02
1.735729941108360919e+01 1.184999999999981624e+00 4.875316936102080945e-02
1.751437904376309618e+01 1.184999999999998499e+00 4.112091779434479122e-02
1.767145867644258672e+01 1.184999999999978293e+00 5.086997161789952315e-02
1.782853830912207371e+01 1.184999999999948539e+00 1.017137249700361679e-01
1.798561794180156426e+01 1.184999999999974962e+00 7.886930245078715984e-02
1.814269757448105480e+01 1.184999999999970521e+00 8.174198916286457006e-02
1.829977720716054534e+01 1.184999999999958975e+00 5.503850738444882040e-02
1.845685683984003589e+01 1.184999999999992282e+00 1.485778769460601723e-01
1.861393647251952288e+01 1.184999999999988729e+00 1.285665751533358048e-01
1.877101610519901342e+01 1.184999999999963416e+00 1.064995386773404107e-01
