7.853981633974482790e-02 1.050000000000000266e+00 -3.094208778647390412e-01
2.356194490192344837e-01 1.050000000000000266e+00 -5.697340241223396440e-01
3.926990816987241395e-01 1.050000000000000266e+00 -6.977304174396795622e-01
5.497787143782137953e-01 1.050000000000000488e+00 -7.169793817555749627e-01
7.068583470577034511e-01 1.050000000000000711e+00 -7.082234469633463814e-01
8.639379797371929959e-01 1.050000000000000711e+00 -6.527304420759483250e-01
1.021017612416682763e+00 1.050000000000001155e+00 -6.212189840102759764e-01
1.178097245096172418e+00 1.050000000000001155e+00 -5.934170895120971512e-01
1.335176877775662074e+00 1.050000000000001377e+00 -5.591687433184602263e-01
1.492256510455151730e+00 1.050000000000001821e+00 -5.404567588982513993e-01
1.649336143134641386e+00 1.050000000000001599e+00 -4.991881353306064639e-01
1.806415775814131042e+00 1.050000000000001821e+00 -4.564610351919782261e-01
1.963495408493620697e+00 1.050000000000002487e+00 -4.640956704581409298e-01
2.120575041173110353e+00 1.050000000000002043e+00 -4.326271006494319948e-01
2.277654673852600009e+00 1.050000000000002487e+00 -4.213587709169761553e-01
2.434734306532089665e+00 1.050000000000002931e+00 -4.016123499805330788e-01
2.591813939211579321e+00 1.050000000000001599e+00 -3.717862916283376506e-01
2.748893571891068976e+00 1.050000000000000933e+00 -3.474618797282942317e-01
2.905973204570558632e+00 1.049999999999998712e+00 -3.237776710922171119e-01
3.063052837250048288e+00 1.050000000000000933e+00 -3.087883121854693158e-01
3.220132469929537500e+00 1.050000000000000488e+00 -2.933494114380388318e-01
3.377212102609027600e+00 1.050000000000002931e+00 -3.043712156688487269e-01
3.534291735288517255e+00 1.050000000000002709e+00 -2.726824062132986448e-01
3.691371367968007355e+00 1.050000000000000488e+00 -2.553483121528250521e-01
3.848451000647496123e+00 1.049999999999998712e+00 -2.335542242811681213e-01
4.005530633326985779e+00 1.049999999999998490e+00 -2.411618971844307069e-01
4.162610266006476323e+00 1.049999999999997602e+00 -2.410351326732085298e-01
4.319689898685965979e+00 1.049999999999996936e+00 -2.579819114363486321e-01
4.476769531365454746e+00 1.049999999999996492e+00 -2.228714241405098662e-01
4.633849164044944402e+00 1.049999999999998268e+00 -2.195075208487438090e-01
4.790928796724434946e+00 1.049999999999992495e+00 -2.232358224731747498e-01
4.948008429403924602e+00 1.049999999999992939e+00 -1.950906344829705930e-01
5.105088062083413369e+00 1.049999999999987610e+00 -1.836405681412607294e-01
5.262167694762903025e+00 1.049999999999990274e+00 -1.792473650156409803e-01
5.419247327442393569e+00 1.049999999999991385e+00 -1.905866098038897505e-01
5.576326960121883225e+00 1.049999999999990941e+00 -1.825561833015640900e-01
5.733406592801371993e+00 1.049999999999997602e+00 -2.122742245079631829e-01
5.890486225480861648e+00 1.050000000000003819e+00 -1.860303821588287221e-01
6.047565858160352192e+00 1.050000000000001599e+00 -1.853686253364044134e-01
6.204645490839841848e+00 1.049999999999986056e+00 -1.527187290441700540e-01
6.361725123519330616e+00 1.049999999999993827e+00 -1.546632077771166180e-01
6.518804756198821160e+00 1.050000000000004485e+00 -1.330542811016997007e-01
6.675884388878310816e+00 1.049999999999994493e+00 -1.442404054323231932e-01
6.832964021557799583e+00 1.049999999999998268e+00 -1.651522542750782918e-01
6.990043654237290127e+00 1.050000000000005596e+00 -1.390589750225439403e-01
7.147123286916778895e+00 1.049999999999998046e+00 -1.146193599912965766e-01
7.304202919596268551e+00 1.049999999999996048e+00 -1.235356665268110277e-01
7.461282552275759095e+00 1.050000000000002043e+00 -1.187454622068466747e-01
7.618362184955247862e+00 1.050000000000003597e+00 -1.239405470583312407e-01
7.775441817634738406e+00 1.050000000000011147e+00 -1.018468120270252797e-01
7.932521450314228062e+00 1.050000000000003597e+00 -8.925322278675373866e-02
8.089601082993716830e+00 1.050000000000011813e+00 -8.828643743195740967e-02
8.246680715673207374e+00 1.049999999999997380e+00 -8.910995494129636540e-02
8.403760348352696141e+00 1.050000000000008926e+00 -9.185923297362208473e-02
8.560839981032184909e+00 1.049999999999996714e+00 -8.034030961012383898e-02
8.717919613711675453e+00 1.050000000000016920e+00 -8.291536799508847366e-02
8.874999246391165997e+00 1.050000000000011369e+00 -1.091204343730378667e-01
9.032078879070656541e+00 1.050000000000003375e+00 -1.048136803530805850e-01
9.189158511750145308e+00 1.050000000000007594e+00 -7.568391251803241460e-02
9.346238144429634076e+00 1.050000000000004707e+00 -8.968093414328670576e-02
9.503317777109124620e+00 1.050000000000022693e+00 -1.036089326050326775e-01
9.660397409788613388e+00 1.050000000000004263e+00 -3.923552856480760909e-02
9.817477042468102155e+00 1.050000000000001599e+00 -5.022475342915200258e-02
9.974556675147592699e+00 1.050000000000009370e+00 -6.408766804180210386e-02
1.013163630782708324e+01 1.049999999999996936e+00 -3.439850851558823308e-02
1.028871594050657379e+01 1.050000000000008038e+00 -4.305407179771414405e-02
1.044579557318606255e+01 1.049999999999998712e+00 -6.846894183593121852e-02
1.060287520586555132e+01 1.049999999999982947e+00 -7.583168066184775569e-02
1.075995483854504187e+01 1.049999999999960520e+00 -5.461220886900974847e-02
1.091703447122453063e+01 1.050000000000012035e+00 -9.423080453682253221e-02
1.107411410390401940e+01 1.050000000000011591e+00 -5.977685399645515929e-02
1.123119373658350995e+01 1.050000000000012479e+00 -9.185434032768391432e-02
1.138827336926300049e+01 1.050000000000019140e+00 -4.176005223102663422e-02
1.154535300194249103e+01 1.050000000000002487e+00 -4.027087184332067693e-02
1.170243263462197980e+01 1.050000000000009370e+00 -7.315622859702131109e-02
1.185951226730146857e+01 1.050000000000003819e+00 -3.895466343234232909e-02
1.201659189998095911e+01 1.050000000000014033e+00 -6.308820052780461651e-02
1.217367153266044788e+01 1.050000000000023803e+00 -2.869589365566760364e-02
1.233075116533993665e+01 1.050000000000008260e+00 -5.048705666692931970e-02
1.248783079801942719e+01 1.049999999999997824e+00 -2.212068824718471660e-02
1.264491043069891774e+01 1.049999999999976508e+00 4.730948362592357626e-04
1.280199006337840650e+01 1.049999999999965405e+00 -3.435374592395135096e-02
1.295906969605789527e+01 1.050000000000012701e+00 -1.312058710372099313e-03
1.311614932873738759e+01 1.049999999999975397e+00 -2.732727549285840496e-02
1.327322896141687636e+01 1.050000000000006262e+00 -2.016740395739269331e-02
1.343030859409636513e+01 1.049999999999993827e+00 -9.569184708091427183e-05
1.358738822677585389e+01 1.049999999999992717e+00 -4.047770205438538937e-02
1.374446785945534444e+01 1.049999999999988942e+00 5.668591927801003294e-03
1.390154749213483498e+01 1.049999999999994937e+00 4.638170175484290780e-02
1.405862712481432553e+01 1.049999999999984501e+00 1.500085964016939499e-02
1.421570675749381429e+01 1.049999999999991829e+00 2.176741063172826784e-02
1.437278639017330306e+01 1.050000000000024469e+00 -4.093834868635681801e-03
1.452986602285279183e+01 1.050000000000033795e+00 5.020762390664579300e-02
1.468694565553228415e+01 1.050000000000000488e+00 4.092370427934710619e-02
1.484402528821177292e+01 1.050000000000004485e+00 2.584136573955220229e-02
1.500110492089126168e+01 1.050000000000004263e+00 2.198411825390422791e-02
1.515818455357075223e+01 1.050000000000006706e+00 2.370178964348568229e-02
1.531526418625024100e+01 1.050000000000015143e+00 2.229241994399266957e-02
1.547234381892972976e+01 1.050000000000014699e+00 2.095367064327291473e-02
1.562942345160922208e+01 1.050000000000007594e+00 2.267862719862634435e-02
1.578650308428871085e+01 1.050000000000011813e+00 1.899361425469336950e-02
1.594358271696819962e+01 1.050000000000006484e+00 4.491188911487142832e-03
1.610066234964768839e+01 1.050000000000039568e+00 -4.258073380402294106e-03
1.625774198232717893e+01 1.050000000000022471e+00 4.806868940167774440e-02
1.641482161500666948e+01 1.049999999999987832e+00 2.363473085401324170e-02
1.657190124768616002e+01 1.049999999999983169e+00 3.027158428918852451e-02
1.672898088036564701e+01 1.049999999999995826e+00 1.099398059661638172e-03
1.688606051304513755e+01 1.049999999999988720e+00 3.937170422553393223e-02
1.704314014572462810e+01 1.049999999999990496e+00 8.168165558893036859e-02
1.720021977840411864e+01 1.049999999999987832e+00 4.513453183708193706e-02
1.735729941108360919e+01 1.049999999999995826e+00 6.344721051409862866e-02
1.751437904376309618e+01 1.049999999999976952e+00 6.993426791889589822e-02
1.767145867644258672e+01 1.050000000000001155e+00 4.709205087247880783e-02
1.782853830912207371e+01 1.049999999999968514e+00 7.634920724465743547e-02
1.798561794180156426e+01 1.049999999999957190e+00 4.625014832166485235e-02
1.814269757448105480e+01 1.049999999999984501e+00 6.615684554091316727e-02
1.829977720716054534e+01 1.049999999999988720e+00 9.053344748905800543e-02
1.845685683984003589e+01 1.049999999999996714e+00 7.232723310781707937e-02
1.861393647251952288e+01 1.049999999999988054e+00 1.012324968013587068e-01
1.877101610519901342e+01 1.049999999999974287e+00 8.143201679702727347e-02
