1 0.177606 
1.1 0.169706 
1.2 0.162575 
1.3 0.153544 
1.4 0.147012 
1.5 0.140066 
1.6 0.131853 
1.7 0.123203 
1.8 0.116041 
1.9 0.107946 
2 0.100911 
2.1 0.0932213 
2.2 0.085406 
2.3 0.0762838 
2.31 0.0742932 
2.32 0.074067 
2.33 0.0711017 
2.34 0.0698305 
2.35 0.0662724 
2.36 0.0689217 
2.37 0.068449 
2.38 0.0688708 
2.39 0.065254 
2.4 0.0670878 
2.41 0.0674391 
2.42 0.0686249 
2.43 0.0649561 
2.44 0.063002 
2.45 0.0608023 
2.46 0.058537 
2.47 0.0605455 
2.48 0.0550452 
2.49 0.0530509 
2.5 0.0539614 
2.51 0.0499637 
2.52 0.0526164 
2.53 0.0515567 
2.54 0.0497481 
2.55 0.0479687 
2.56 0.0506323 
2.57 0.0491271 
2.58 0.0487429 
2.59 0.0444293 
2.6 0.0445464 
2.61 0.0443822 
2.62 0.0443693 
2.63 0.0442685 
2.64 0.0435462 
2.65 0.0434894 
2.66 0.0435198 
2.67 0.04318 
2.68 0.0431106 
2.69 0.0429327 
2.7 0.0429427 
2.8 0.0425903 
2.9 0.0412176 
3 0.0409371 
3.1 0.0404367 
3.2 0.0397053 
3.3 0.0396019 
3.4 0.0396704 
3.5 0.0392545 
3.6 0.039356 
3.7 0.0400362 
3.8 0.039771 
3.9 0.0400111 
4 0.0420645 
