5.235987755982988295e-02 -2.029626466892864300e-16 -1.192680618167394790e+00
1.570796326794896558e-01 -2.610758831345094677e-16 -7.735409494088493210e-01
2.617993877991494078e-01 -1.595945597898662527e-16 -6.475056607519613650e-01
3.665191429188092154e-01 -1.231653667943533037e-16 -5.813188479086263127e-01
4.712388980384689674e-01 -3.382710778154773834e-16 -5.522726250357069544e-01
5.759586531581286639e-01 -1.023486850826316186e-16 -5.376350786266789195e-01
6.806784082777885825e-01 -6.505213034913026604e-17 -5.083528637506852244e-01
7.853981633974481680e-01 1.734723475976807094e-17 -5.036156520536267944e-01
8.901179185171080865e-01 -9.714451465470119729e-17 -4.889461900725320942e-01
9.948376736367677831e-01 9.194034422677077600e-17 -4.966698304424608801e-01
1.099557428756427591e+00 -1.006139616066548115e-16 -4.752019512426398640e-01
1.204277183876087287e+00 1.040834085586084257e-17 -4.563426071481584412e-01
1.308996938995747206e+00 1.569924745759010420e-16 -4.475832208897177478e-01
1.413716694115406902e+00 -2.862293735361731706e-17 -4.334438172857942861e-01
1.518436449235066821e+00 1.821459649775647449e-17 -4.253089827592308469e-01
1.623156204354726295e+00 5.551115123125782702e-17 -4.177319033222914313e-01
1.727875959474386214e+00 5.204170427930421283e-17 -4.019788475702307795e-01
1.832595714594045910e+00 1.040834085586084257e-17 -3.888891899920745021e-01
1.937315469713705829e+00 1.301042606982605321e-16 -3.781896629402455856e-01
2.042035224833365525e+00 4.510281037539698445e-17 -3.709284108731040197e-01
2.146754979953025000e+00 3.295974604355933479e-17 -3.561924538385113914e-01
2.251474735072684918e+00 1.179611963664228824e-16 -3.489646925188940596e-01
2.356194490192344837e+00 6.071532165918824830e-17 -3.426967336363131444e-01
2.460914245312004756e+00 -1.006139616066548115e-16 -3.313513198454369757e-01
2.565634000431664230e+00 6.591949208711866959e-17 -3.212318146431543120e-01
2.670353755551324149e+00 -6.591949208711866959e-17 -3.129816708243257084e-01
2.775073510670984067e+00 -3.122502256758252770e-17 -3.063134945062223613e-01
2.879793265790643986e+00 1.700029006457270953e-16 -2.924857640684653814e-01
2.984513020910303460e+00 1.006139616066548115e-16 -2.885695966383467481e-01
3.089232776029963379e+00 -2.515349040166370287e-17 -2.802860784119086124e-01
3.193952531149622853e+00 -1.127570259384924611e-16 -2.733816956336659887e-01
3.298672286269282772e+00 -2.081668171172168513e-17 -2.675254745713221416e-01
3.403392041388942246e+00 -7.372574772901430151e-17 -2.615289826380355898e-01
3.508111796508602165e+00 4.336808689942017736e-17 -2.541694281296021929e-01
3.612831551628262083e+00 2.211772431870429045e-16 -2.492869786735954496e-01
3.717551306747922002e+00 5.169475958410885141e-16 -2.424533983556205197e-01
3.822271061867581476e+00 -4.293440603042597559e-16 -2.361902492664589015e-01
3.926990816987241395e+00 7.719519468096791570e-17 -2.316648479421219986e-01
4.031710572106900869e+00 3.556183125752454544e-16 -2.257564629736633355e-01
4.136430327226561232e+00 2.966377143920340131e-16 -2.209637310554912748e-01
4.241150082346220707e+00 1.604619215278546562e-16 -2.168227257678357889e-01
4.345869837465881069e+00 2.324529457808921507e-16 -2.128797205052009589e-01
4.450589592585540544e+00 3.070460552478948557e-16 -2.073241017724389845e-01
4.555309347705200018e+00 1.665334536937734811e-16 -2.044657025417904450e-01
4.660029102824860381e+00 1.153591111524576718e-16 -2.003943805786309318e-01
4.764748857944519855e+00 2.792904796322659422e-16 -1.972289187284662348e-01
4.869468613064179330e+00 3.348016308635237692e-16 -1.938981277069825038e-01
4.974188368183839692e+00 2.029626466892864300e-16 -1.886730118248973742e-01
5.078908123303498279e+00 1.457167719820517959e-16 -1.874245982673399258e-01
5.183627878423158641e+00 2.896988204881267848e-16 -1.813411452881673047e-01
5.288347633542818116e+00 1.621966450038314633e-16 -1.795395306320763662e-01
5.393067388662477590e+00 1.543903893619358314e-16 -1.757783377805495761e-01
5.497787143782137953e+00 2.298508605669269400e-16 -1.742014149792761035e-01
5.602506898901797427e+00 6.938893903907228378e-17 -1.703900569186860836e-01
5.707226654021456902e+00 -3.122502256758252770e-17 -1.667632106677056636e-01
5.811946409141117265e+00 3.799044412389207537e-16 -1.638814155304592901e-01
5.916666164260776739e+00 2.723515857283587138e-16 -1.616874206087405841e-01
6.021385919380437102e+00 -4.076600168545496672e-17 -1.589478234224680764e-01
6.126105674500096576e+00 4.857225732735059864e-17 -1.560281882965924016e-01
6.230825429619756051e+00 2.064320936412400442e-16 -1.544651522086857853e-01
6.335545184739416413e+00 1.387778780781445676e-17 -1.524648864856735786e-01
6.440264939859075888e+00 9.540979117872439019e-17 -1.494427897644593495e-01
6.544984694978735362e+00 7.806255641895631925e-17 -1.477412587255439724e-01
6.649704450098395725e+00 -1.214306433183764966e-17 -1.450486217035446002e-01
6.754424205218055199e+00 -5.637851296924623057e-17 -1.429047615959778417e-01
6.859143960337715562e+00 1.630640067418198669e-16 -1.415632069075155597e-01
6.963863715457375037e+00 -2.081668171172168513e-17 -1.383641247479621694e-01
7.068583470577034511e+00 -7.632783294297951215e-17 -1.366982523455149423e-01
7.173303225696694874e+00 -8.933825901280556536e-17 -1.356009096882519471e-01
7.278022980816354348e+00 1.908195823574487804e-17 -1.343228455167263524e-01
7.382742735936013823e+00 9.367506770274758310e-17 -1.314380190220597322e-01
7.487462491055674185e+00 3.174543961037556983e-16 -1.296731497977779701e-01
7.592182246175332772e+00 3.642919299551294898e-17 -1.280229280756217669e-01
7.696902001294993134e+00 9.540979117872439019e-18 -1.268425969587266833e-01
7.801621756414652609e+00 2.133709875451472726e-16 -1.249144849309173355e-01
7.906341511534312083e+00 3.009745230819760309e-16 -1.227846085245228869e-01
8.011061266653973334e+00 8.413408858487514408e-17 -1.213220890048099243e-01
8.115781021773631920e+00 3.243932900076629267e-16 -1.206271971657044001e-01
8.220500776893292283e+00 1.101549407245272505e-16 -1.188232474516648790e-01
8.325220532012952646e+00 -7.979727989493312634e-17 -1.174519677229586556e-01
8.429940287132611232e+00 -9.627715291671279374e-17 -1.157369624259470819e-01
8.534660042252271595e+00 3.087807787238716628e-16 -1.146784409457355380e-01
8.639379797371930181e+00 7.277164981722705761e-16 -1.133527209046266970e-01
8.744099552491592320e+00 6.626643678231403101e-16 -1.128763485363687286e-01
8.848819307611250906e+00 -1.222980050563649002e-16 -1.108870119376867830e-01
8.953539062730909492e+00 3.642919299551294898e-16 -1.092012484367697878e-01
9.058258817850569855e+00 4.926614671774132148e-16 -1.082406698004369644e-01
9.162978572970228441e+00 1.838806884535415520e-16 -1.078228093717581715e-01
9.267698328089890580e+00 2.220446049250313081e-16 -1.061992543837964875e-01
9.372418083209549167e+00 3.382710778154773834e-17 -1.051243232591718840e-01
9.477137838329209529e+00 1.986258379993444123e-16 -1.043058463909002642e-01
9.581857593448868116e+00 1.448494102440633924e-16 -1.027600774348966101e-01
9.686577348568528478e+00 -6.331740687315345895e-17 -1.023538733299225040e-01
9.791297103688188841e+00 -2.341876692568689577e-17 -1.007850567202370623e-01
9.896016858807849204e+00 -1.682681771697502882e-16 -9.956638135687485847e-02
1.000073661392750779e+01 -4.206704429243757204e-16 -9.894960027389346213e-02
1.010545636904716815e+01 1.700029006457270953e-16 -9.776893525403537732e-02
1.021017612416682674e+01 1.587271980518778491e-16 -9.699353927488357785e-02
1.031489587928648710e+01 -7.979727989493312634e-17 -9.570255515711953431e-02
1.041961563440614746e+01 -6.418476861114186249e-17 -9.505918344369192197e-02
1.052433538952580783e+01 -1.830133267155531485e-16 -9.430021665939461450e-02
1.062905514464546641e+01 -1.778091562876227272e-16 -9.312203015736726652e-02
1.073377489976512678e+01 -1.804112415015879378e-16 -9.220679062137658588e-02
1.083849465488478536e+01 -2.350550309948573613e-16 -9.111639273507844694e-02
1.094321441000444750e+01 -1.743397093356691130e-16 -9.065051414519390005e-02
1.104793416512410609e+01 -2.966377143920340131e-16 -8.974595951710168107e-02
1.115265392024376645e+01 -2.142383492831356762e-16 -8.880539084806338135e-02
1.125737367536342504e+01 -1.535230276239474279e-16 -8.787094856849511637e-02
1.136209343048308362e+01 -4.128641872824800885e-16 -8.749566482922788158e-02
1.146681318560274576e+01 -2.046973701652632371e-16 -8.677181235817052474e-02
1.157153294072240435e+01 -2.072994553792284478e-16 -8.589254055414111133e-02
1.167625269584206471e+01 -3.070460552478948557e-16 -8.515921954736027644e-02
1.178097245096172330e+01 -2.558717127065790464e-16 -8.406843328901261736e-02
1.188569220608138366e+01 -1.916869440954371839e-16 -8.360149640910854996e-02
1.199041196120104225e+01 -2.012279232133096230e-16 -8.283878819071328892e-02
1.209513171632070438e+01 -1.379105163401561640e-16 -8.241084409719226511e-02
1.219985147144036297e+01 -6.158268339717665185e-17 -8.124044529967416883e-02
1.230457122656002333e+01 -5.984795992119984476e-17 -8.102114241572022646e-02
1.240929098167968192e+01 -4.510281037539698445e-17 -8.025178498819832140e-02
1.251401073679934228e+01 6.938893903907228378e-17 -7.964455013512017345e-02
1.261873049191900265e+01 3.321995456495585586e-16 -7.859734321349715058e-02
1.272345024703866301e+01 9.367506770274758310e-17 -7.835460171080319003e-02
1.282817000215832159e+01 -1.535230276239474279e-16 -7.774937211053063735e-02
1.293288975727798196e+01 -7.546047120499110861e-17 -7.685710767543940669e-02
1.303760951239764054e+01 -4.857225732735059864e-17 -7.647025797939886738e-02
1.314232926751730268e+01 -1.604619215278546562e-16 -7.577425326849845932e-02
1.324704902263696127e+01 -1.578598363138894456e-16 -7.514981608146242831e-02
1.335176877775662163e+01 -1.153591111524576718e-16 -7.471136065735120568e-02
1.345648853287628022e+01 -2.454633718507182039e-16 -7.410204146195908947e-02
1.356120828799594058e+01 -1.144917494144692682e-16 -7.351621158733419314e-02
1.366592804311559917e+01 -7.285838599102589797e-17 -7.302019762198803943e-02
1.377064779823526131e+01 8.413408858487514408e-17 -7.254135425746516264e-02
1.387536755335491989e+01 -2.471980953266950110e-16 -7.207748974776961859e-02
1.398008730847457848e+01 -9.107298248878237246e-17 -7.143244121528438684e-02
1.408480706359423884e+01 -1.431146867680865853e-16 -7.112458096798483786e-02
1.418952681871389743e+01 -4.857225732735059864e-17 -7.019306477592822391e-02
1.429424657383355957e+01 -2.341876692568689577e-17 -6.998903393892733082e-02
1.439896632895321815e+01 -6.071532165918824830e-17 -6.950453278047676042e-02
1.450368608407287851e+01 -1.647987302177966740e-17 -6.904746108546015726e-02
1.460840583919253710e+01 -7.285838599102589797e-17 -6.853972770259396385e-02
1.471312559431219746e+01 -6.938893903907228378e-18 -6.783486894679720269e-02
1.481784534943185783e+01 -8.239936510889833698e-17 -6.745874112778268983e-02
1.492256510455151819e+01 -1.535230276239474279e-16 -6.707906467358444591e-02
1.502728485967117678e+01 -1.084202172485504434e-16 -6.668268875578844956e-02
1.513200461479083714e+01 -1.188285581044112860e-16 -6.599874286980697558e-02
1.523672436991049572e+01 -1.700029006457270953e-16 -6.561532823144895776e-02
1.534144412503015609e+01 -7.979727989493312634e-17 -6.525527377637516113e-02
1.544616388014981645e+01 -4.510281037539698445e-17 -6.490479701317514172e-02
1.555088363526947681e+01 -3.642919299551294898e-17 -6.427696343165549553e-02
1.565560339038913540e+01 -4.770489558936219510e-17 -6.383732954117898872e-02
1.576032314550879576e+01 -7.285838599102589797e-17 -6.345106385514900915e-02
1.586504290062845435e+01 -6.245004513516505540e-17 -6.305210433506511225e-02
1.596976265574811649e+01 -3.989863994746656317e-17 -6.287589335701529447e-02
1.607448241086777685e+01 -1.196959198423996895e-16 -6.216217427614051383e-02
1.617920216598743366e+01 -8.153200337090993344e-17 -6.192100262061522864e-02
1.628392192110709402e+01 -2.255140518769849223e-16 -6.144907410230990297e-02
1.638864167622675438e+01 9.454242944073598665e-17 -6.111271914510281456e-02
1.649336143134641475e+01 -3.122502256758252770e-17 -6.077320186354762122e-02
1.659808118646607511e+01 -6.591949208711866959e-17 -6.043025728299578764e-02
1.670280094158573192e+01 -1.509209424099822172e-16 -6.004097788418541470e-02
1.680752069670539228e+01 -3.382710778154773834e-17 -5.964839229977043911e-02
1.691224045182505265e+01 -6.331740687315345895e-17 -5.936285827419670452e-02
1.701696020694471301e+01 -8.847089727481716182e-17 -5.898047969275872077e-02
1.712167996206437337e+01 -5.204170427930421283e-18 -5.857087862383796029e-02
1.722639971718403373e+01 -3.903127820947815962e-17 -5.833102462418210399e-02
1.733111947230369054e+01 -7.806255641895631925e-17 -5.784448826273111410e-02
1.743583922742335091e+01 6.678685382510707313e-17 -5.751209526632919400e-02
1.754055898254301127e+01 1.665334536937734811e-16 -5.735398544038733393e-02
1.764527873766267163e+01 6.245004513516505540e-17 -5.683562509765705678e-02
1.774999849278232844e+01 9.540979117872439019e-18 -5.652652516610292416e-02
1.785471824790198880e+01 1.908195823574487804e-17 -5.615692077217808442e-02
1.795943800302165272e+01 1.821459649775647449e-17 -5.601879370640100442e-02
1.806415775814131308e+01 -2.428612866367529932e-17 -5.550842361228058158e-02
1.816887751326096989e+01 -6.071532165918824830e-17 -5.529596901825621635e-02
1.827359726838063025e+01 -6.938893903907228378e-17 -5.496377743137833422e-02
1.837831702350029062e+01 -8.847089727481716182e-17 -5.474351599635218085e-02
1.848303677861995098e+01 -8.153200337090993344e-17 -5.431550490887088189e-02
1.858775653373960779e+01 -2.862293735361731706e-17 -5.401904981362624925e-02
1.869247628885926815e+01 -1.994931997373328159e-17 -5.368405624887465782e-02
1.879719604397892851e+01 -9.540979117872439019e-17 -5.340586764463187142e-02
