5.235987755982988295e-02 2.437286483747413968e-16 -7.110672784641427491e-01
1.570796326794896558e-01 3.460773334573730153e-16 -5.298049535931305121e-01
2.617993877991494078e-01 6.852157730108388023e-17 -4.757983822758466985e-01
3.665191429188092154e-01 1.084202172485504434e-16 -4.401269322456386468e-01
4.712388980384689674e-01 2.688821387764050996e-17 -4.433227721299912161e-01
5.759586531581286639e-01 1.032160468206200221e-16 -4.838393911250402635e-01
6.806784082777885825e-01 -9.974659986866640793e-17 -4.774647320147543672e-01
7.853981633974481680e-01 4.076600168545496672e-17 -4.626371172662006037e-01
8.901179185171080865e-01 1.674008154317618846e-16 -4.688892763162751942e-01
9.948376736367677831e-01 1.084202172485504434e-16 -4.465303782150009670e-01
1.099557428756427591e+00 5.811323644522303766e-17 -4.479621994439377808e-01
1.204277183876087287e+00 3.729655473350135253e-17 -4.345998165944616187e-01
1.308996938995747206e+00 8.847089727481716182e-17 -4.321233252460633389e-01
1.413716694115406902e+00 9.714451465470119729e-17 -4.194061793267783722e-01
1.518436449235066821e+00 1.301042606982605321e-17 -4.149929788630927208e-01
1.623156204354726295e+00 9.194034422677077600e-17 -4.169638017750106340e-01
1.727875959474386214e+00 1.500535806719938137e-16 -3.884817951926662349e-01
1.832595714594045910e+00 7.979727989493312634e-17 -3.876462186824775613e-01
1.937315469713705829e+00 1.587271980518778491e-16 -3.718155657613648191e-01
2.042035224833365525e+00 6.852157730108388023e-17 -3.586684641392980932e-01
2.146754979953025000e+00 5.811323644522303766e-17 -3.441830233387835891e-01
2.251474735072684918e+00 1.075528555105620399e-16 -3.322323462741598732e-01
2.356194490192344837e+00 9.801187639268960083e-17 -3.331109599911837305e-01
2.460914245312004756e+00 -5.117434254131580929e-17 -3.237335554017538031e-01
2.565634000431664230e+00 -1.691355389077386917e-16 -3.122432185067242627e-01
2.670353755551324149e+00 -1.535230276239474279e-16 -3.112067628502525607e-01
2.775073510670984067e+00 9.540979117872439019e-18 -2.973033094209568405e-01
2.879793265790643986e+00 -4.770489558936219510e-17 -2.884916242953062815e-01
2.984513020910303460e+00 -1.344410693882025498e-16 -2.824314934137647781e-01
3.089232776029963379e+00 -2.428612866367529932e-17 -2.753780075465089294e-01
3.193952531149622853e+00 -1.188285581044112860e-16 -2.684587876945591089e-01
3.298672286269282772e+00 -1.647987302177966740e-17 -2.610373427261469259e-01
3.403392041388942246e+00 5.117434254131580929e-17 -2.573149776743297035e-01
3.508111796508602165e+00 -1.726049858596923059e-16 -2.491421323643940866e-01
3.612831551628262083e+00 1.127570259384924611e-17 -2.452182834366019581e-01
3.717551306747922002e+00 2.194425197110660974e-16 -2.406629051837200217e-01
3.822271061867581476e+00 -3.165870343657672947e-16 -2.357380138093553568e-01
3.926990816987241395e+00 -5.724587470723463412e-17 -2.289425932254139373e-01
4.031710572106900869e+00 1.301042606982605321e-16 -2.225738690069129777e-01
4.136430327226561232e+00 8.586881206085195117e-17 -2.181344481688177461e-01
4.241150082346220707e+00 4.163336342344337027e-17 -2.153481685823853131e-01
4.345869837465881069e+00 7.892991815694472280e-17 -2.104137469580217856e-01
4.450589592585540544e+00 1.934216675714139910e-16 -2.059051359124260405e-01
4.555309347705200018e+00 -5.117434254131580929e-17 -2.020065017725203582e-01
4.660029102824860381e+00 -1.275021754842953214e-16 -2.001937955417256165e-01
4.764748857944519855e+00 3.729655473350135253e-17 -1.945122734782093743e-01
4.869468613064179330e+00 1.075528555105620399e-16 -1.899759586383005794e-01
4.974188368183839692e+00 5.637851296924623057e-17 -1.880782890970332799e-01
5.078908123303498279e+00 1.370431546021677605e-16 -1.842594800503738750e-01
5.183627878423158641e+00 1.752070710736575165e-16 -1.814019962858878232e-01
5.288347633542818116e+00 -2.602085213965210642e-18 -1.785031831329534358e-01
5.393067388662477590e+00 -4.943961906533900219e-17 -1.757720613248880126e-01
5.497787143782137953e+00 3.382710778154773834e-17 -1.724298003957522585e-01
5.602506898901797427e+00 -1.101549407245272505e-16 -1.693589569961596597e-01
5.707226654021456902e+00 9.627715291671279374e-17 -1.664852357085501444e-01
5.811946409141117265e+00 5.464378949326942347e-17 -1.636657969544441649e-01
5.916666164260776739e+00 1.301042606982605321e-17 -1.621466820504683659e-01
6.021385919380437102e+00 -9.540979117872439019e-17 -1.597077756068135401e-01
6.126105674500096576e+00 7.372574772901430151e-17 -1.571096152859454143e-01
6.230825429619756051e+00 1.838806884535415520e-16 -1.547633817912425491e-01
6.335545184739416413e+00 -1.431146867680865853e-16 -1.524492411146785853e-01
6.440264939859075888e+00 2.515349040166370287e-17 -1.499211905869658190e-01
6.544984694978735362e+00 -5.984795992119984476e-17 -1.475289594612463340e-01
6.649704450098395725e+00 -1.101549407245272505e-16 -1.458202080821439095e-01
6.754424205218055199e+00 -1.882174971434835697e-16 -1.434841201093765284e-01
6.859143960337715562e+00 -1.760744328116459201e-16 -1.408447083138454070e-01
6.963863715457375037e+00 -2.289834988289385365e-16 -1.385756415482424231e-01
7.068583470577034511e+00 -2.315855840429037471e-16 -1.374402718577338589e-01
7.173303225696694874e+00 -1.188285581044112860e-16 -1.358369360359048539e-01
7.278022980816354348e+00 -1.847480501915299556e-16 -1.339834041477148407e-01
7.382742735936013823e+00 -2.350550309948573613e-16 -1.315173682647073350e-01
7.487462491055674185e+00 1.127570259384924611e-17 -1.295143705880270613e-01
7.592182246175332772e+00 -1.387778780781445676e-17 -1.287164898339809016e-01
7.696902001294993134e+00 2.168404344971008868e-17 -1.272003291017432258e-01
7.801621756414652609e+00 7.719519468096791570e-17 -1.252715058445000862e-01
7.906341511534312083e+00 -9.540979117872439019e-18 -1.235804318787702694e-01
8.011061266653973334e+00 -8.847089727481716182e-17 -1.216532625877377316e-01
8.115781021773631920e+00 -7.025630077706068732e-17 -1.206346558814896802e-01
8.220500776893292283e+00 -5.984795992119984476e-17 -1.190421387251741348e-01
8.325220532012952646e+00 -2.558717127065790464e-16 -1.175541894857511649e-01
8.429940287132611232e+00 -3.426078865054194011e-16 -1.159067852199928278e-01
8.534660042252271595e+00 1.934216675714139910e-16 -1.144805929929180177e-01
8.639379797371930181e+00 4.059252933785728601e-16 -1.131924408402708859e-01
8.744099552491592320e+00 1.361757928641793569e-16 -1.118688852240907194e-01
8.848819307611250906e+00 1.136243876764808647e-16 -1.107388899644827646e-01
8.953539062730909492e+00 1.847480501915299556e-16 -1.097896418162568610e-01
9.058258817850569855e+00 2.020952849512980265e-16 -1.086570123977961683e-01
9.162978572970228441e+00 4.597017211338538800e-17 -1.073987814544063446e-01
9.267698328089890580e+00 -7.546047120499110861e-17 -1.057012268747215822e-01
9.372418083209549167e+00 -8.153200337090993344e-17 -1.049326532471313855e-01
9.477137838329209529e+00 3.382710778154773834e-17 -1.039966164845369107e-01
9.581857593448868116e+00 1.387778780781445676e-16 -1.033979063589699210e-01
9.686577348568528478e+00 -1.752070710736575165e-16 -1.017889766844941729e-01
9.791297103688188841e+00 -1.387778780781445676e-16 -1.014238523570920869e-01
9.896016858807849204e+00 -4.536301889679350552e-16 -9.945178635353740804e-02
1.000073661392750779e+01 -5.932754287840680263e-16 -9.882286039006710210e-02
1.010545636904716815e+01 1.240327285323417073e-16 -9.772212939733601611e-02
1.021017612416682674e+01 5.117434254131580929e-17 -9.672319286382749515e-02
1.031489587928648710e+01 -2.003605614753212194e-16 -9.540332834378145721e-02
1.041961563440614746e+01 -1.162264728904460753e-16 -9.434618770190707215e-02
1.052433538952580783e+01 -2.810252031082427493e-16 -9.374766359682965011e-02
1.062905514464546641e+01 -3.764349942869671395e-16 -9.307809075234557694e-02
1.073377489976512678e+01 -3.365363543395005763e-16 -9.150051109384400860e-02
1.083849465488478536e+01 -3.894454203567931927e-16 -9.100364792577415873e-02
1.094321441000444750e+01 -3.165870343657672947e-16 -9.006187619444398773e-02
1.104793416512410609e+01 -4.761815941556335474e-16 -8.926216457910071678e-02
1.115265392024376645e+01 -4.310787837802365630e-16 -8.820394064567967096e-02
1.125737367536342504e+01 -5.603156827405086915e-16 -8.765240300751418745e-02
1.136209343048308362e+01 -4.163336342344337027e-16 -8.722660730204087609e-02
1.146681318560274576e+01 -4.102621020685148778e-16 -8.663304009721434218e-02
1.157153294072240435e+01 -2.671474153004282925e-16 -8.549370967089098272e-02
1.167625269584206471e+01 -3.885780586188047891e-16 -8.490580100152400611e-02
1.178097245096172330e+01 -4.224051664003525275e-16 -8.424850243209786038e-02
1.188569220608138366e+01 -2.567390744445674500e-16 -8.366769617715316687e-02
1.199041196120104225e+01 -3.833738881908743679e-16 -8.252937899566850644e-02
1.209513171632070438e+01 -4.267419750902945452e-16 -8.220519881870821943e-02
1.219985147144036297e+01 -2.151057110211240797e-16 -8.165140884937649446e-02
1.230457122656002333e+01 -2.402592014227877826e-16 -8.083835463365175722e-02
1.240929098167968192e+01 -1.110223024625156540e-16 -8.004326554331686605e-02
1.251401073679934228e+01 -8.933825901280556536e-17 -7.933160145107545635e-02
1.261873049191900265e+01 -5.204170427930421283e-18 -7.901831970313111242e-02
1.272345024703866301e+01 -2.229119666630197116e-16 -7.792256683849055343e-02
1.282817000215832159e+01 -4.137315490204684920e-16 -7.763197823784914742e-02
1.293288975727798196e+01 -3.105155021998484699e-16 -7.700172294875676227e-02
1.303760951239764054e+01 -1.778091562876227272e-16 -7.651521727979419818e-02
1.314232926751730268e+01 -2.766883944183007316e-16 -7.579826420901723816e-02
1.324704902263696127e+01 -3.729655473350135253e-16 -7.537814119178544436e-02
1.335176877775662163e+01 -3.634245682171410863e-16 -7.486889260792271850e-02
1.345648853287628022e+01 -3.668940151690947005e-16 -7.435272184891983382e-02
1.356120828799594058e+01 -2.350550309948573613e-16 -7.355189522873858965e-02
1.366592804311559917e+01 -2.393918396847993790e-16 -7.323274627450780672e-02
1.377064779823526131e+01 -2.411265631607761861e-16 -7.217511130353634896e-02
1.387536755335491989e+01 -1.301042606982605321e-16 -7.169798614811861981e-02
1.398008730847457848e+01 -1.474514954580286030e-16 -7.148489171612731896e-02
1.408480706359423884e+01 -2.480654570646834145e-16 -7.087560444736923371e-02
1.418952681871389743e+01 -2.012279232133096230e-16 -7.015605329799971812e-02
1.429424657383355957e+01 -1.509209424099822172e-16 -6.990709408621427479e-02
1.439896632895321815e+01 -2.506675422786486251e-16 -6.950192051346751332e-02
1.450368608407287851e+01 -1.092875789865388469e-16 -6.901726535828464626e-02
1.460840583919253710e+01 -2.341876692568689577e-17 -6.849746201026413184e-02
1.471312559431219746e+01 -2.324529457808921507e-16 -6.799002385947904015e-02
1.481784534943185783e+01 -2.740863092043355209e-16 -6.753965722115161385e-02
1.492256510455151819e+01 -2.029626466892864300e-16 -6.709414324166396160e-02
1.502728485967117678e+01 -1.864827736675067626e-16 -6.670773741970750792e-02
1.513200461479083714e+01 -1.856154119295183591e-16 -6.597433684489856232e-02
1.523672436991049572e+01 -2.255140518769849223e-16 -6.560129737855904808e-02
1.534144412503015609e+01 -2.784231178942775387e-16 -6.518109181963116505e-02
1.544616388014981645e+01 -2.099015405931936584e-16 -6.476680747147572914e-02
1.555088363526947681e+01 -4.943961906533900219e-17 -6.431342576745392725e-02
1.565560339038913540e+01 -1.014813233446432150e-16 -6.386274021374974130e-02
1.576032314550879576e+01 -2.107689023311820620e-16 -6.345334991891216081e-02
1.586504290062845435e+01 -1.179611963664228824e-16 -6.311646736330350782e-02
1.596976265574811649e+01 -1.379105163401561640e-16 -6.290388258106356656e-02
1.607448241086777685e+01 -1.916869440954371839e-16 -6.234467849642856552e-02
1.617920216598743366e+01 -1.188285581044112860e-16 -6.188400097319797510e-02
1.628392192110709402e+01 -1.032160468206200221e-16 -6.170938923619719019e-02
1.638864167622675438e+01 -1.587271980518778491e-16 -6.135544755047455528e-02
1.649336143134641475e+01 -1.405126015541213746e-16 -6.063711407802701431e-02
1.659808118646607511e+01 -1.309716224362489356e-16 -6.040811874683260640e-02
1.670280094158573192e+01 -2.454633718507182039e-16 -5.989039917129081875e-02
1.680752069670539228e+01 -1.942890293094023946e-16 -5.955675586400956123e-02
1.691224045182505265e+01 -2.029626466892864300e-16 -5.923460822522372271e-02
1.701696020694471301e+01 -1.647987302177966740e-16 -5.896729260552464880e-02
1.712167996206437337e+01 -8.066464163292152989e-17 -5.854727914207879386e-02
1.722639971718403373e+01 -1.587271980518778491e-16 -5.825740072632651367e-02
1.733111947230369054e+01 -1.942890293094023946e-16 -5.790214728147150686e-02
1.743583922742335091e+01 -7.025630077706068732e-17 -5.771696799617885565e-02
1.754055898254301127e+01 2.775557561562891351e-17 -5.716109345619326682e-02
1.764527873766267163e+01 -2.862293735361731706e-17 -5.697461877833889105e-02
1.774999849278232844e+01 -3.469446951953614189e-17 -5.661581718095475002e-02
1.785471824790198880e+01 -8.847089727481716182e-17 -5.623270655790676281e-02
1.795943800302165272e+01 -2.602085213965210642e-17 -5.585439254585437135e-02
1.806415775814131308e+01 -1.127570259384924611e-16 -5.558783866043978672e-02
1.816887751326096989e+01 -1.110223024625156540e-16 -5.541138975987355830e-02
1.827359726838063025e+01 -4.163336342344337027e-17 -5.493986990127063680e-02
1.837831702350029062e+01 -1.014813233446432150e-16 -5.468090960232555725e-02
1.848303677861995098e+01 -1.075528555105620399e-16 -5.440043730145062428e-02
1.858775653373960779e+01 -3.989863994746656317e-17 -5.414818124056756943e-02
1.869247628885926815e+01 -1.144917494144692682e-16 -5.372737083589699397e-02
1.879719604397892851e+01 -8.847089727481716182e-17 -5.348699865518528884e-02
