5.235987755982988295e-02 -5.976122374740100440e-16 -1.782407219282978739e+00
1.570796326794896558e-01 -2.905661822261151883e-16 -1.477552135629988550e+00
2.617993877991494078e-01 -7.459310946700270506e-17 -1.263901275836628812e+00
3.665191429188092154e-01 -8.413408858487514408e-17 -1.104111331075808611e+00
4.712388980384689674e-01 -2.688821387764050996e-17 -9.864295047320619236e-01
5.759586531581286639e-01 -1.353084311261909534e-16 -9.012823400044822630e-01
6.806784082777885825e-01 -2.602085213965210642e-17 -8.245054232887720769e-01
7.853981633974481680e-01 -5.898059818321144121e-17 -7.688562968609609083e-01
8.901179185171080865e-01 -1.517883041479706208e-16 -7.176985030909153185e-01
9.948376736367677831e-01 1.457167719820517959e-16 -6.747989131097216209e-01
1.099557428756427591e+00 -1.301042606982605321e-17 -6.371131390074413758e-01
1.204277183876087287e+00 3.174543961037556983e-16 -6.018398686721864177e-01
1.308996938995747206e+00 -1.621966450038314633e-16 -5.722786619506884387e-01
1.413716694115406902e+00 -2.515349040166370287e-17 -5.414903754849369477e-01
1.518436449235066821e+00 1.569924745759010420e-16 -5.184634308775071254e-01
1.623156204354726295e+00 -4.423544863740858091e-17 -4.944936134218139157e-01
1.727875959474386214e+00 1.110223024625156540e-16 -4.709266224744775853e-01
1.832595714594045910e+00 2.489328188026718180e-16 -4.526946287004353087e-01
1.937315469713705829e+00 2.090341788552052549e-16 -4.360008614554010675e-01
2.042035224833365525e+00 -4.076600168545496672e-17 -4.188030184922352239e-01
2.146754979953025000e+00 1.127570259384924611e-17 -4.042973817831626571e-01
2.251474735072684918e+00 0.000000000000000000e+00 -3.890443450575305495e-01
2.356194490192344837e+00 -9.540979117872439019e-18 -3.763314610463834864e-01
2.460914245312004756e+00 6.331740687315345895e-17 -3.623627071162331403e-01
2.565634000431664230e+00 -3.339342691255353657e-16 -3.514467661200655346e-01
2.670353755551324149e+00 -1.170938346284344789e-16 -3.383778682629500767e-01
2.775073510670984067e+00 1.058181320345852328e-16 -3.270701861572500313e-01
2.879793265790643986e+00 8.673617379884035472e-18 -3.173551214265787346e-01
2.984513020910303460e+00 -3.035766082959412415e-17 -3.071045289759669061e-01
3.089232776029963379e+00 3.295974604355933479e-17 -2.980134081661249268e-01
3.193952531149622853e+00 -1.335737076502141463e-16 -2.899372993329930037e-01
3.298672286269282772e+00 -7.546047120499110861e-17 -2.816847284350008085e-01
3.403392041388942246e+00 6.331740687315345895e-17 -2.740477509054153882e-01
3.508111796508602165e+00 1.656660919557850775e-16 -2.663166449518560852e-01
3.612831551628262083e+00 1.647987302177966740e-16 -2.595827686117284649e-01
3.717551306747922002e+00 4.969982758673552325e-16 -2.538704276449402775e-01
3.822271061867581476e+00 -3.131175874138136805e-16 -2.477050035584121845e-01
3.926990816987241395e+00 -3.382710778154773834e-17 -2.418296600738161217e-01
4.031710572106900869e+00 -2.341876692568689577e-17 -2.359853767225921772e-01
4.136430327226561232e+00 3.287300986976049444e-16 -2.307841467219973186e-01
4.241150082346220707e+00 4.449565715880510197e-16 -2.253409768568271354e-01
4.345869837465881069e+00 2.680147770384166961e-16 -2.202021474290227210e-01
4.450589592585540544e+00 3.304648221735817515e-16 -2.160021948854180529e-01
4.555309347705200018e+00 1.899522206194603768e-16 -2.112120672688476419e-01
4.660029102824860381e+00 9.107298248878237246e-17 -2.067848533568556468e-01
4.764748857944519855e+00 3.564856743132338579e-16 -2.024310634059064973e-01
4.869468613064179330e+00 2.419939248987645897e-16 -1.983443807307191942e-01
4.974188368183839692e+00 4.553649124439118623e-16 -1.947342481300610439e-01
5.078908123303498279e+00 1.769417945496343236e-16 -1.905696865390463790e-01
5.183627878423158641e+00 3.053113317719180486e-16 -1.872148084720244576e-01
5.288347633542818116e+00 4.328135072562133701e-16 -1.834476920270901867e-01
5.393067388662477590e+00 -4.076600168545496672e-17 -1.805196535059349350e-01
5.497787143782137953e+00 1.257674520083185143e-16 -1.774746734849370622e-01
5.602506898901797427e+00 2.203098814490545010e-16 -1.737477709875000220e-01
5.707226654021456902e+00 -6.852157730108388023e-17 -1.708099014650365788e-01
5.811946409141117265e+00 2.792904796322659422e-16 -1.679322852240486552e-01
5.916666164260776739e+00 4.172009959724221062e-16 -1.652167870994221410e-01
6.021385919380437102e+00 1.847480501915299556e-16 -1.626933308438140990e-01
6.126105674500096576e+00 9.540979117872439019e-18 -1.597233748766441752e-01
6.230825429619756051e+00 9.454242944073598665e-17 -1.570716943092875240e-01
6.335545184739416413e+00 3.556183125752454544e-16 -1.546244477215699686e-01
6.440264939859075888e+00 1.856154119295183591e-16 -1.523075860760628453e-01
6.544984694978735362e+00 8.413408858487514408e-17 -1.499336370622721404e-01
6.649704450098395725e+00 -3.556183125752454544e-17 -1.475660273051778715e-01
6.754424205218055199e+00 -1.647987302177966740e-17 -1.453978027073666857e-01
6.859143960337715562e+00 1.604619215278546562e-16 -1.434253551159926088e-01
6.963863715457375037e+00 -1.604619215278546562e-16 -1.413498082937687528e-01
7.068583470577034511e+00 -1.543903893619358314e-16 -1.390899010477703035e-01
7.173303225696694874e+00 1.301042606982605321e-17 -1.372690168709941871e-01
7.278022980816354348e+00 -9.887923813067800438e-17 -1.354512460109998373e-01
7.382742735936013823e+00 -9.540979117872439019e-18 -1.335840361312505831e-01
7.487462491055674185e+00 1.335737076502141463e-16 -1.318316728452273434e-01
7.592182246175332772e+00 2.020952849512980265e-16 -1.299238732390070872e-01
7.696902001294993134e+00 1.058181320345852328e-16 -1.283002794389366819e-01
7.801621756414652609e+00 3.096481404618600664e-16 -1.266273541634644062e-01
7.906341511534312083e+00 1.864827736675067626e-16 -1.249594509188412250e-01
8.011061266653973334e+00 1.899522206194603768e-16 -1.233821224498296426e-01
8.115781021773631920e+00 3.209238430557093125e-17 -1.218484825419602485e-01
8.220500776893292283e+00 6.852157730108388023e-17 -1.203341371008751631e-01
8.325220532012952646e+00 -1.101549407245272505e-16 -1.187758131128481276e-01
8.429940287132611232e+00 -2.142383492831356762e-16 -1.174360573617620196e-01
8.534660042252271595e+00 2.376571162088225719e-16 -1.160264186272616377e-01
8.639379797371930181e+00 6.002143226879752547e-16 -1.146203526129480205e-01
8.744099552491592320e+00 1.413799632921097782e-16 -1.132492926861811133e-01
8.848819307611250906e+00 5.316927453868913744e-16 -1.121354853737079604e-01
8.953539062730909492e+00 3.764349942869671395e-16 -1.107550893686588683e-01
9.058258817850569855e+00 4.319461455182249665e-16 -1.095092365669297768e-01
9.162978572970228441e+00 2.298508605669269400e-16 -1.082634882365359208e-01
9.267698328089890580e+00 1.301042606982605321e-16 -1.071172276271361440e-01
9.372418083209549167e+00 1.734723475976807094e-18 -1.059477591837412053e-01
9.477137838329209529e+00 2.758210326803123280e-16 -1.047290610630229324e-01
9.581857593448868116e+00 3.391384395534657870e-16 -1.036381705660355812e-01
9.686577348568528478e+00 3.122502256758252770e-17 -1.026202456148011533e-01
9.791297103688188841e+00 -1.283695372222837250e-16 -1.015289778121928332e-01
9.896016858807849204e+00 -2.220446049250313081e-16 -1.004141541141372052e-01
1.000073661392750779e+01 -2.758210326803123280e-16 -9.941904640714227526e-02
1.010545636904716815e+01 3.139849491518020841e-16 -9.839553147484905726e-02
1.021017612416682674e+01 2.558717127065790464e-16 -9.739515422738466432e-02
1.031489587928648710e+01 1.483188571960170066e-16 -9.634039173137350087e-02
1.041961563440614746e+01 1.231653667943533037e-16 -9.536779451169188904e-02
1.052433538952580783e+01 3.989863994746656317e-17 -9.448647982534286172e-02
1.062905514464546641e+01 -4.076600168545496672e-17 -9.354019364286131344e-02
1.073377489976512678e+01 -6.071532165918824830e-18 -9.264917882883938471e-02
1.083849465488478536e+01 -4.770489558936219510e-17 -9.178188335039685897e-02
1.094321441000444750e+01 1.092875789865388469e-16 -9.098194741874218727e-02
1.104793416512410609e+01 -2.801578413702543457e-16 -9.015586473224668218e-02
1.115265392024376645e+01 -8.239936510889833698e-17 -8.932958977698970959e-02
1.125737367536342504e+01 -8.066464163292152989e-17 -8.843466375215613962e-02
1.136209343048308362e+01 -4.597017211338538800e-16 -8.772238057657788524e-02
1.146681318560274576e+01 -1.422473250300981817e-16 -8.686961560523058512e-02
1.157153294072240435e+01 -2.220446049250313081e-16 -8.610161525301555929e-02
1.167625269584206471e+01 -1.977584762613560088e-16 -8.533226924544162761e-02
1.178097245096172330e+01 -2.246466901389965187e-16 -8.460777952167448934e-02
1.188569220608138366e+01 -6.678685382510707313e-17 -8.389052312100127307e-02
1.199041196120104225e+01 9.540979117872439019e-17 -8.313852594534926199e-02
1.209513171632070438e+01 4.423544863740858091e-17 -8.247312567996330224e-02
1.219985147144036297e+01 5.204170427930421283e-17 -8.171985457261400632e-02
1.230457122656002333e+01 -8.326672684688674053e-17 -8.102766122797269710e-02
1.240929098167968192e+01 -1.448494102440633924e-16 -8.035159771043602628e-02
1.251401073679934228e+01 8.586881206085195117e-17 -7.971086692590784173e-02
1.261873049191900265e+01 4.553649124439118623e-16 -7.903976586388192227e-02
1.272345024703866301e+01 2.159730727591124833e-16 -7.841447054597036614e-02
1.282817000215832159e+01 -1.474514954580286030e-16 -7.779646666617053008e-02
1.293288975727798196e+01 1.838806884535415520e-16 -7.718511784264803222e-02
1.303760951239764054e+01 3.903127820947815962e-17 -7.658237650147112219e-02
1.314232926751730268e+01 -9.107298248878237246e-17 -7.598859776847896597e-02
1.324704902263696127e+01 -1.760744328116459201e-16 -7.537673682542812836e-02
1.335176877775662163e+01 -9.020562075079396891e-17 -7.475856736020858317e-02
1.345648853287628022e+01 -1.691355389077386917e-16 -7.422960635746966851e-02
1.356120828799594058e+01 -9.714451465470119729e-17 -7.366775268365270690e-02
1.366592804311559917e+01 -9.540979117872439019e-17 -7.314890359538878117e-02
1.377064779823526131e+01 -8.673617379884035472e-18 -7.259409124564919491e-02
1.387536755335491989e+01 -8.500145032286354763e-17 -7.204888520004448793e-02
1.398008730847457848e+01 -5.204170427930421283e-17 -7.152535059503582759e-02
1.408480706359423884e+01 -1.717376241217039023e-16 -7.099863754492956314e-02
1.418952681871389743e+01 -7.459310946700270506e-17 -7.043058447198297101e-02
1.429424657383355957e+01 -6.331740687315345895e-17 -6.988523443388727774e-02
1.439896632895321815e+01 -9.540979117872439019e-17 -6.944105942264287845e-02
1.450368608407287851e+01 1.994931997373328159e-17 -6.891229305191416687e-02
1.460840583919253710e+01 -1.474514954580286030e-17 -6.844260658807194142e-02
1.471312559431219746e+01 -7.285838599102589797e-17 -6.797878483734171029e-02
1.481784534943185783e+01 -3.642919299551294898e-17 -6.748283248896895514e-02
1.492256510455151819e+01 -5.377642775528101993e-17 -6.703401115125194598e-02
1.502728485967117678e+01 -6.505213034913026604e-17 -6.658255375686927824e-02
1.513200461479083714e+01 -7.459310946700270506e-17 -6.609705455212122605e-02
1.523672436991049572e+01 -2.688821387764050996e-17 -6.565809147506716792e-02
1.534144412503015609e+01 -7.285838599102589797e-17 -6.523292244450426547e-02
1.544616388014981645e+01 -8.066464163292152989e-17 -6.477639189036649148e-02
1.555088363526947681e+01 -3.989863994746656317e-17 -6.436045177805009565e-02
1.565560339038913540e+01 -2.602085213965210642e-18 -6.395006240722034274e-02
1.576032314550879576e+01 -8.586881206085195117e-17 -6.350220507122818214e-02
1.586504290062845435e+01 -3.209238430557093125e-17 -6.313332179652657306e-02
1.596976265574811649e+01 -3.035766082959412415e-17 -6.269591607578861581e-02
1.607448241086777685e+01 -1.084202172485504434e-16 -6.225437476032701090e-02
1.617920216598743366e+01 -5.030698080332740574e-17 -6.185513100206581349e-02
1.628392192110709402e+01 -7.199102425303749442e-17 -6.146856404574092825e-02
1.638864167622675438e+01 5.204170427930421283e-17 -6.107751113477928595e-02
1.649336143134641475e+01 2.602085213965210642e-18 -6.069056630351105097e-02
1.659808118646607511e+01 -9.540979117872439019e-17 -6.033615616229190404e-02
1.670280094158573192e+01 -1.465841337200401995e-16 -5.996418538934293607e-02
1.680752069670539228e+01 -4.857225732735059864e-17 -5.962088448746055702e-02
1.691224045182505265e+01 -8.239936510889833698e-17 -5.923529191182909381e-02
1.701696020694471301e+01 -4.076600168545496672e-17 -5.886386576762778905e-02
1.712167996206437337e+01 3.295974604355933479e-17 -5.851195795937824684e-02
1.722639971718403373e+01 7.719519468096791570e-17 -5.816434243490017225e-02
1.733111947230369054e+01 -6.331740687315345895e-17 -5.782125711425588344e-02
1.743583922742335091e+01 1.639313684798082704e-16 -5.748358448833985196e-02
1.754055898254301127e+01 2.055647319032516407e-16 -5.715098336050547512e-02
1.764527873766267163e+01 1.821459649775647449e-17 -5.680626636869069712e-02
1.774999849278232844e+01 9.540979117872439019e-18 -5.648369590443032273e-02
1.785471824790198880e+01 3.469446951953614189e-18 -5.615431414028212997e-02
1.795943800302165272e+01 5.030698080332740574e-17 -5.582693448813660919e-02
1.806415775814131308e+01 4.250072516143177381e-17 -5.548439781396895948e-02
1.816887751326096989e+01 8.066464163292152989e-17 -5.518419645208598456e-02
1.827359726838063025e+01 -2.602085213965210642e-17 -5.485975892851218533e-02
1.837831702350029062e+01 -2.428612866367529932e-17 -5.455606060488323028e-02
1.848303677861995098e+01 -3.989863994746656317e-17 -5.425735203806858475e-02
1.858775653373960779e+01 -4.857225732735059864e-17 -5.395132867459802306e-02
1.869247628885926815e+01 2.255140518769849223e-17 -5.365354385927033343e-02
1.879719604397892851e+01 -8.847089727481716182e-17 -5.333759336519469652e-02
