5.235987755982988295e-02 1.016547956922408957e-15 -7.282642613496484452e-02
1.570796326794896558e-01 9.315465065995454097e-16 -2.011366443720195851e-01
2.617993877991494078e-01 6.236330896136621504e-16 -2.960722350856626051e-01
3.665191429188092154e-01 3.712308238590367182e-16 -3.579703251178272261e-01
4.712388980384689674e-01 1.379105163401561640e-16 -3.939533700869950472e-01
5.759586531581286639e-01 1.665334536937734811e-16 -4.121895440651116571e-01
6.806784082777885825e-01 7.892991815694472280e-17 -4.198018206461217039e-01
7.853981633974481680e-01 3.295974604355933479e-17 -4.224089413796509596e-01
8.901179185171080865e-01 9.540979117872439019e-18 -4.234974243065996458e-01
9.948376736367677831e-01 1.387778780781445676e-17 -4.240146889930792584e-01
1.099557428756427591e+00 -5.811323644522303766e-17 -4.232895984115520038e-01
1.204277183876087287e+00 6.938893903907228378e-17 -4.203393098300450825e-01
1.308996938995747206e+00 1.934216675714139910e-16 -4.147417008928160898e-01
1.413716694115406902e+00 2.905661822261151883e-16 -4.067808914932008468e-01
1.518436449235066821e+00 2.879640970121499777e-16 -3.971181304550931435e-01
1.623156204354726295e+00 2.688821387764050996e-16 -3.866597185488052091e-01
1.727875959474386214e+00 2.792904796322659422e-16 -3.762510683462595429e-01
1.832595714594045910e+00 2.740863092043355209e-16 -3.664468444285909343e-01
1.937315469713705829e+00 1.960237527853792017e-16 -3.573498230284216648e-01
2.042035224833365525e+00 1.257674520083185143e-16 -3.488362060652796526e-01
2.146754979953025000e+00 1.838806884535415520e-16 -3.408021494205265567e-01
2.251474735072684918e+00 1.691355389077386917e-16 -3.331233640024373610e-01
2.356194490192344837e+00 1.804112415015879378e-16 -3.255750510414714416e-01
2.460914245312004756e+00 2.775557561562891351e-16 -3.179806779097255065e-01
2.565634000431664230e+00 2.055647319032516407e-16 -3.102673186506229031e-01
2.670353755551324149e+00 2.636779683484746784e-16 -3.023801489136112575e-01
2.775073510670984067e+00 2.185751579730776939e-16 -2.943182820736969241e-01
2.879793265790643986e+00 2.888314587501383812e-16 -2.862629109445811726e-01
2.984513020910303460e+00 1.613292832658430598e-16 -2.785471198157259409e-01
3.089232776029963379e+00 2.654126918244514854e-16 -2.714741749152434491e-01
3.193952531149622853e+00 1.301042606982605321e-16 -2.651167204622896789e-01
3.298672286269282772e+00 1.292368989602721285e-16 -2.593546486205106083e-01
3.403392041388942246e+00 2.220446049250313081e-16 -2.540042504291483150e-01
3.508111796508602165e+00 2.324529457808921507e-16 -2.488748012517821018e-01
3.612831551628262083e+00 2.220446049250313081e-16 -2.437985420544748205e-01
3.717551306747922002e+00 3.157196726277788912e-16 -2.386956438748901177e-01
3.822271061867581476e+00 2.654126918244514854e-16 -2.335924875398980582e-01
3.926990816987241395e+00 1.804112415015879378e-16 -2.285559301727257409e-01
4.031710572106900869e+00 2.411265631607761861e-16 -2.235846763139451299e-01
4.136430327226561232e+00 2.862293735361731706e-16 -2.186275348325615320e-01
4.241150082346220707e+00 2.550043509685906429e-16 -2.137053759323662705e-01
4.345869837465881069e+00 2.307182223049153436e-16 -2.090102775909735422e-01
4.450589592585540544e+00 3.556183125752454544e-16 -2.047399293417990762e-01
4.555309347705200018e+00 2.567390744445674500e-16 -2.009105087094952002e-01
4.660029102824860381e+00 2.584737979205442571e-16 -1.974165620894995643e-01
4.764748857944519855e+00 2.879640970121499777e-16 -1.941230097773533059e-01
4.869468613064179330e+00 2.393918396847993790e-16 -1.909233410637921347e-01
4.974188368183839692e+00 2.853620117981847670e-16 -1.877127168826057679e-01
5.078908123303498279e+00 2.688821387764050996e-16 -1.844043623301408197e-01
5.183627878423158641e+00 3.729655473350135253e-16 -1.810311559392606406e-01
5.288347633542818116e+00 3.885780586188047891e-16 -1.777300219445974161e-01
5.393067388662477590e+00 2.341876692568689577e-16 -1.746089002700070836e-01
5.497787143782137953e+00 3.087807787238716628e-16 -1.716735999323324435e-01
5.602506898901797427e+00 3.547509508372570508e-16 -1.688768745935478321e-01
5.707226654021456902e+00 3.712308238590367182e-16 -1.661921959271680793e-01
5.811946409141117265e+00 3.989863994746656317e-16 -1.636006233722298586e-01
5.916666164260776739e+00 3.217912047936977160e-16 -1.610741886334096096e-01
6.021385919380437102e+00 2.844946500601963635e-16 -1.585880638356938488e-01
6.126105674500096576e+00 2.341876692568689577e-16 -1.561455306913511476e-01
6.230825429619756051e+00 2.862293735361731706e-16 -1.537649563946856257e-01
6.335545184739416413e+00 3.321995456495585586e-16 -1.514360335768696331e-01
6.440264939859075888e+00 2.923009057020919954e-16 -1.491068610271673589e-01
6.544984694978735362e+00 3.747002708109903324e-16 -1.467442123687968392e-01
6.649704450098395725e+00 2.281161370909501329e-16 -1.443870002165690836e-01
6.754424205218055199e+00 2.550043509685906429e-16 -1.421210148322139544e-01
6.859143960337715562e+00 1.535230276239474279e-16 -1.400255258206239417e-01
6.963863715457375037e+00 1.752070710736575165e-16 -1.381369233987958522e-01
7.068583470577034511e+00 2.064320936412400442e-16 -1.364380847290115328e-01
7.173303225696694874e+00 1.474514954580286030e-16 -1.348615683159256895e-01
7.278022980816354348e+00 1.864827736675067626e-16 -1.333113049783739290e-01
7.382742735936013823e+00 3.139849491518020841e-16 -1.317073280769009702e-01
7.487462491055674185e+00 2.498001805406602216e-16 -1.300204519106543388e-01
7.592182246175332772e+00 2.949029909160572061e-16 -1.282664104496893664e-01
7.696902001294993134e+00 2.896988204881267848e-16 -1.264822390908336147e-01
7.801621756414652609e+00 3.426078865054194011e-16 -1.247100763255879485e-01
7.906341511534312083e+00 1.977584762613560088e-16 -1.229912517036474695e-01
8.011061266653973334e+00 2.844946500601963635e-16 -1.213480605043901345e-01
8.115781021773631920e+00 2.220446049250313081e-16 -1.197780254186204540e-01
8.220500776893292283e+00 2.862293735361731706e-16 -1.182905137860002925e-01
8.325220532012952646e+00 1.786765180256111307e-16 -1.169201326870453889e-01
8.429940287132611232e+00 1.431146867680865853e-16 -1.156991684139995896e-01
8.534660042252271595e+00 3.148523108897904876e-16 -1.146117974422308089e-01
8.639379797371930181e+00 4.666406150377611084e-16 -1.135850222526289671e-01
8.744099552491592320e+00 3.799044412389207537e-16 -1.125169332049325288e-01
8.848819307611250906e+00 3.564856743132338579e-16 -1.113237330320431401e-01
8.953539062730909492e+00 3.955169525227120175e-16 -1.099800579543565859e-01
9.058258817850569855e+00 4.258746133523061417e-16 -1.085324364367306338e-01
9.162978572970228441e+00 2.914335439641035919e-16 -1.070829197108714437e-01
9.267698328089890580e+00 2.402592014227877826e-16 -1.057475887727648695e-01
9.372418083209549167e+00 3.651592916931178934e-16 -1.045950105567295674e-01
9.477137838329209529e+00 2.515349040166370287e-16 -1.036059211082820397e-01
9.581857593448868116e+00 3.599551212651874721e-16 -1.026889934615843880e-01
9.686577348568528478e+00 2.376571162088225719e-16 -1.017550441042694570e-01
9.791297103688188841e+00 8.326672684688674053e-17 -1.007693712863075158e-01
9.896016858807849204e+00 -2.081668171172168513e-17 -9.973960437707096727e-02
1.000073661392750779e+01 -3.469446951953614189e-17 -9.869641284605461251e-02
1.010545636904716815e+01 1.327063459122257427e-16 -9.767203178534120123e-02
1.021017612416682674e+01 8.673617379884035472e-17 -9.669692506310381686e-02
1.031489587928648710e+01 -3.903127820947815962e-17 -9.578754874772502093e-02
1.041961563440614746e+01 -8.500145032286354763e-17 -9.493654170250663549e-02
1.052433538952580783e+01 4.163336342344337027e-17 -9.411815407263025846e-02
1.062905514464546641e+01 -1.630640067418198669e-16 -9.329177043789430024e-02
1.073377489976512678e+01 -8.153200337090993344e-17 -9.241961124251163451e-02
1.083849465488478536e+01 -1.231653667943533037e-16 -9.149930961387345296e-02
1.094321441000444750e+01 -1.595945597898662527e-16 -9.055790233851447601e-02
1.104793416512410609e+01 -1.587271980518778491e-16 -8.963543822999278654e-02
1.115265392024376645e+01 -1.968911145233676052e-16 -8.876126060105117566e-02
1.125737367536342504e+01 -2.801578413702543457e-16 -8.794596361566742182e-02
1.136209343048308362e+01 -2.185751579730776939e-16 -8.721398890921643055e-02
1.146681318560274576e+01 -1.821459649775647449e-16 -8.649920926347634542e-02
1.157153294072240435e+01 -2.263814136149733258e-16 -8.581253856457202178e-02
1.167625269584206471e+01 -2.046973701652632371e-16 -8.512611634130748395e-02
1.178097245096172330e+01 -1.639313684798082704e-16 -8.440710627477286676e-02
1.188569220608138366e+01 -2.203098814490545010e-16 -8.364401035814333918e-02
1.199041196120104225e+01 -1.769417945496343236e-16 -8.285738771602628450e-02
1.209513171632070438e+01 -1.717376241217039023e-16 -8.208422861964626005e-02
1.219985147144036297e+01 -9.454242944073598665e-17 -8.135299618191395299e-02
1.230457122656002333e+01 -9.887923813067800438e-17 -8.067627889013950782e-02
1.240929098167968192e+01 -1.110223024625156540e-16 -8.005222213063037384e-02
1.251401073679934228e+01 -1.092875789865388469e-16 -7.946026445793556714e-02
1.261873049191900265e+01 -4.163336342344337027e-17 -7.886743312950741935e-02
1.272345024703866301e+01 -8.847089727481716182e-17 -7.824651610197198848e-02
1.282817000215832159e+01 -1.032160468206200221e-16 -7.759286779455459859e-02
1.293288975727798196e+01 -9.367506770274758310e-17 -7.692659859585836146e-02
1.303760951239764054e+01 -3.122502256758252770e-17 -7.627447818292024118e-02
1.314232926751730268e+01 1.387778780781445676e-17 -7.565503139585111336e-02
1.324704902263696127e+01 -1.292368989602721285e-16 -7.507641456554897674e-02
1.335176877775662163e+01 -1.387778780781445676e-17 -7.453787086236458859e-02
1.345648853287628022e+01 -1.049507702965968292e-16 -7.402799622731155715e-02
1.356120828799594058e+01 -8.500145032286354763e-17 -7.352062783173374250e-02
1.366592804311559917e+01 -6.938893903907228378e-17 -7.299369948077680248e-02
1.377064779823526131e+01 -6.331740687315345895e-17 -7.245108254465813802e-02
1.387536755335491989e+01 -4.423544863740858091e-17 -7.191109964605682525e-02
1.398008730847457848e+01 -7.806255641895631925e-18 -7.138294870320363583e-02
1.408480706359423884e+01 -7.025630077706068732e-17 -7.086348985133324174e-02
1.418952681871389743e+01 -4.076600168545496672e-17 -7.034640112630091702e-02
1.429424657383355957e+01 2.081668171172168513e-17 -6.983334304089966471e-02
1.439896632895321815e+01 9.540979117872439019e-18 -6.933059084477420642e-02
1.450368608407287851e+01 5.204170427930421283e-18 -6.883987922422987737e-02
1.460840583919253710e+01 -8.413408858487514408e-17 -6.835787123425038359e-02
1.471312559431219746e+01 -3.989863994746656317e-17 -6.788428117790341887e-02
1.481784534943185783e+01 -6.071532165918824830e-17 -6.742199134559836993e-02
1.492256510455151819e+01 -1.040834085586084257e-17 -6.697605835481731940e-02
1.502728485967117678e+01 -7.719519468096791570e-17 -6.654827103340638095e-02
1.513200461479083714e+01 -7.892991815694472280e-17 -6.613109925512353215e-02
1.523672436991049572e+01 -1.474514954580286030e-17 -6.571354226250185337e-02
1.534144412503015609e+01 -5.117434254131580929e-17 -6.528918144315075389e-02
1.544616388014981645e+01 -2.775557561562891351e-17 -6.486077498640739625e-02
1.555088363526947681e+01 -7.025630077706068732e-17 -6.443362466672730715e-02
1.565560339038913540e+01 -1.821459649775647449e-17 -6.401057723734789040e-02
1.576032314550879576e+01 0.000000000000000000e+00 -6.359154921986501230e-02
1.586504290062845435e+01 1.994931997373328159e-17 -6.317406367221037322e-02
1.596976265574811649e+01 -1.214306433183764966e-17 -6.275979666325598449e-02
1.607448241086777685e+01 -4.770489558936219510e-17 -6.235355453316887564e-02
1.617920216598743366e+01 -1.734723475976807094e-18 -6.195626480299958744e-02
1.628392192110709402e+01 -3.035766082959412415e-17 -6.156324890491950141e-02
1.638864167622675438e+01 -1.474514954580286030e-17 -6.117252884864571999e-02
1.649336143134641475e+01 -3.209238430557093125e-17 -6.079030418623369847e-02
1.659808118646607511e+01 -6.071532165918824830e-17 -6.042763437903224399e-02
1.670280094158573192e+01 -4.597017211338538800e-17 -6.008541365008010504e-02
1.680752069670539228e+01 2.949029909160572061e-17 -5.974924061513199602e-02
1.691224045182505265e+01 -6.331740687315345895e-17 -5.940418376954059720e-02
1.701696020694471301e+01 1.994931997373328159e-17 -5.904526830012953031e-02
1.712167996206437337e+01 1.127570259384924611e-17 -5.867385160401189514e-02
1.722639971718403373e+01 -3.556183125752454544e-17 -5.829577102010098655e-02
1.733111947230369054e+01 -7.806255641895631925e-18 -5.792131311930391602e-02
1.743583922742335091e+01 5.204170427930421283e-18 -5.756338693019083519e-02
1.754055898254301127e+01 1.474514954580286030e-17 -5.723010977630358515e-02
1.764527873766267163e+01 -2.688821387764050996e-17 -5.691743064612220238e-02
1.774999849278232844e+01 -2.602085213965210642e-17 -5.661202214231183388e-02
1.785471824790198880e+01 1.301042606982605321e-17 -5.629984752010862292e-02
1.795943800302165272e+01 0.000000000000000000e+00 -5.597370438590439090e-02
1.806415775814131308e+01 -1.647987302177966740e-17 -5.563466512870458153e-02
1.816887751326096989e+01 -3.209238430557093125e-17 -5.528917047983500366e-02
1.827359726838063025e+01 -5.204170427930421283e-17 -5.494862378361837357e-02
1.837831702350029062e+01 -3.122502256758252770e-17 -5.462590721097115853e-02
1.848303677861995098e+01 -3.903127820947815962e-17 -5.432659519329118003e-02
1.858775653373960779e+01 -4.423544863740858091e-17 -5.404498514595768022e-02
1.869247628885926815e+01 -2.602085213965210642e-18 -5.376933274358360049e-02
1.879719604397892851e+01 -3.642919299551294898e-17 -5.349092095363922050e-02
