5.235987755982988295e-02 -4.198030811863873168e-16 -1.820375342940677044e+00
1.570796326794896558e-01 -1.960237527853792017e-16 -1.539006353154551032e+00
2.617993877991494078e-01 -2.471980953266950110e-16 -1.327943199439048705e+00
3.665191429188092154e-01 -1.873501354054951662e-16 -1.171765321279631955e+00
4.712388980384689674e-01 -9.974659986866640793e-17 -1.051340441577456986e+00
5.759586531581286639e-01 -6.245004513516505540e-17 -9.566009809537141528e-01
6.806784082777885825e-01 -8.500145032286354763e-17 -8.771238107651282423e-01
7.853981633974481680e-01 -2.393918396847993790e-16 -8.197183630797179044e-01
8.901179185171080865e-01 -5.030698080332740574e-17 -7.652880323214799052e-01
9.948376736367677831e-01 -1.561251128379126385e-17 -7.121847943296542027e-01
1.099557428756427591e+00 -7.632783294297951215e-17 -6.690190243479359200e-01
1.204277183876087287e+00 1.578598363138894456e-16 -6.295806218620100259e-01
1.308996938995747206e+00 -2.376571162088225719e-16 -5.970910414913620512e-01
1.413716694115406902e+00 -7.459310946700270506e-17 -5.636743434612359049e-01
1.518436449235066821e+00 -1.448494102440633924e-16 -5.362076458643719734e-01
1.623156204354726295e+00 -1.370431546021677605e-16 -5.106608414404060214e-01
1.727875959474386214e+00 -3.989863994746656317e-17 -4.879324941426167461e-01
1.832595714594045910e+00 -1.439820485060749888e-16 -4.666117000709657514e-01
1.937315469713705829e+00 1.127570259384924611e-17 -4.478740900521586132e-01
2.042035224833365525e+00 4.336808689942017736e-17 -4.296189175541147431e-01
2.146754979953025000e+00 1.249000902703301108e-16 -4.124407362100361851e-01
2.251474735072684918e+00 -5.204170427930421283e-17 -3.965395072746255023e-01
2.356194490192344837e+00 1.561251128379126385e-16 -3.820420125971889513e-01
2.460914245312004756e+00 -1.205632815803880931e-16 -3.684110462602123715e-01
2.565634000431664230e+00 7.112366251504909087e-17 -3.550807729894553955e-01
2.670353755551324149e+00 -1.335737076502141463e-16 -3.435136387336860109e-01
2.775073510670984067e+00 3.469446951953614189e-17 -3.321910832616576381e-01
2.879793265790643986e+00 8.326672684688674053e-17 -3.215777959865325775e-01
2.984513020910303460e+00 -6.245004513516505540e-17 -3.112481424282967368e-01
3.089232776029963379e+00 -1.162264728904460753e-16 -3.021796911766297389e-01
3.193952531149622853e+00 -1.960237527853792017e-16 -2.937571711289549969e-01
3.298672286269282772e+00 -1.795438797635995343e-16 -2.856260475691581036e-01
3.403392041388942246e+00 -1.864827736675067626e-16 -2.778270580579614846e-01
3.508111796508602165e+00 5.984795992119984476e-17 -2.702844877243429367e-01
3.612831551628262083e+00 7.112366251504909087e-17 -2.633384921732045969e-01
3.717551306747922002e+00 -5.984795992119984476e-17 -2.566369437203644410e-01
3.822271061867581476e+00 -8.326672684688674053e-17 -2.504092115012728215e-01
3.926990816987241395e+00 -1.075528555105620399e-16 -2.440169002669035359e-01
4.031710572106900869e+00 2.341876692568689577e-16 -2.383267645280150449e-01
4.136430327226561232e+00 2.142383492831356762e-16 -2.324394183860510055e-01
4.241150082346220707e+00 1.942890293094023946e-16 -2.270991033760412781e-01
4.345869837465881069e+00 2.099015405931936584e-16 -2.219284206693364625e-01
4.450589592585540544e+00 1.301042606982605321e-16 -2.169742671317484439e-01
4.555309347705200018e+00 2.489328188026718180e-16 -2.124321250615564538e-01
4.660029102824860381e+00 -1.734723475976807094e-17 -2.080012053544519346e-01
4.764748857944519855e+00 2.046973701652632371e-16 -2.035050791701527861e-01
4.869468613064179330e+00 5.464378949326942347e-17 -1.994906634208469254e-01
4.974188368183839692e+00 4.145989107584568956e-16 -1.956497627899811409e-01
5.078908123303498279e+00 1.370431546021677605e-16 -1.915983387212262246e-01
5.183627878423158641e+00 3.157196726277788912e-16 -1.879319804865781374e-01
5.288347633542818116e+00 -1.734723475976807094e-18 -1.843362015314481406e-01
5.393067388662477590e+00 -1.040834085586084257e-17 -1.807306533383406799e-01
5.497787143782137953e+00 -1.023486850826316186e-16 -1.777009727195363320e-01
5.602506898901797427e+00 6.418476861114186249e-17 -1.745547296797545500e-01
5.707226654021456902e+00 -1.127570259384924611e-17 -1.715431915944045094e-01
5.811946409141117265e+00 3.087807787238716628e-16 -1.685722893904465225e-01
5.916666164260776739e+00 2.003605614753212194e-16 -1.657628249670703990e-01
6.021385919380437102e+00 5.898059818321144121e-17 -1.630283503254511268e-01
6.126105674500096576e+00 1.630640067418198669e-16 -1.604221230615957006e-01
6.230825429619756051e+00 3.747002708109903324e-16 -1.577414637603642977e-01
6.335545184739416413e+00 2.081668171172168513e-17 -1.552481379097642999e-01
6.440264939859075888e+00 3.278627369596165408e-16 -1.529496701446474705e-01
6.544984694978735362e+00 3.469446951953614189e-18 -1.506083220370278697e-01
6.649704450098395725e+00 5.377642775528101993e-17 -1.482721492403086816e-01
6.754424205218055199e+00 -3.122502256758252770e-17 -1.461653403521899763e-01
6.859143960337715562e+00 9.194034422677077600e-17 -1.438912382089021225e-01
6.963863715457375037e+00 -1.231653667943533037e-16 -1.417782487768020072e-01
7.068583470577034511e+00 -5.724587470723463412e-17 -1.395840685836862716e-01
7.173303225696694874e+00 5.204170427930421283e-17 -1.377304215178698499e-01
7.278022980816354348e+00 -1.595945597898662527e-16 -1.358786040053427402e-01
7.382742735936013823e+00 -5.030698080332740574e-17 -1.339160177566965926e-01
7.487462491055674185e+00 -1.821459649775647449e-17 -1.321804543121329889e-01
7.592182246175332772e+00 6.661338147750939243e-16 -1.303956740832788730e-01
7.696902001294993134e+00 2.775557561562891351e-17 -1.286163520952861294e-01
7.801621756414652609e+00 7.979727989493312634e-17 -1.268868182721787086e-01
7.906341511534312083e+00 1.561251128379126385e-16 -1.252358921554377336e-01
8.011061266653973334e+00 8.673617379884035472e-18 -1.236888435581758178e-01
8.115781021773631920e+00 1.734723475976807094e-17 -1.220287590279007933e-01
8.220500776893292283e+00 -1.682681771697502882e-16 -1.204932182534459995e-01
8.325220532012952646e+00 -2.107689023311820620e-16 -1.189561239936803017e-01
8.429940287132611232e+00 -2.584737979205442571e-16 -1.175571021851258974e-01
8.534660042252271595e+00 8.847089727481716182e-17 -1.162945323386069679e-01
8.639379797371930181e+00 6.279698983036041682e-16 -1.147824588272903512e-01
8.744099552491592320e+00 2.393918396847993790e-16 -1.135191039345248704e-01
8.848819307611250906e+00 3.929148673087468069e-16 -1.122668946920405419e-01
8.953539062730909492e+00 5.429684479807406206e-16 -1.109935644066422228e-01
9.058258817850569855e+00 6.435824095873954320e-16 -1.096764963191312475e-01
9.162978572970228441e+00 1.856154119295183591e-16 -1.084550582433008725e-01
9.267698328089890580e+00 -3.122502256758252770e-17 -1.072463628436379629e-01
9.372418083209549167e+00 -5.464378949326942347e-17 -1.060106578594902649e-01
9.477137838329209529e+00 6.071532165918824830e-18 -1.048582217144513051e-01
9.581857593448868116e+00 -4.423544863740858091e-17 -1.037656781613273266e-01
9.686577348568528478e+00 -6.245004513516505540e-17 -1.026335255784826678e-01
9.791297103688188841e+00 5.204170427930421283e-17 -1.015771738855387463e-01
9.896016858807849204e+00 -2.428612866367529932e-16 -1.005180868987874954e-01
1.000073661392750779e+01 -1.561251128379126385e-17 -9.944464685213956490e-02
1.010545636904716815e+01 -3.642919299551294898e-17 -9.841547512244581963e-02
1.021017612416682674e+01 2.151057110211240797e-16 -9.742385101766951050e-02
1.031489587928648710e+01 7.632783294297951215e-17 -9.637941362789786970e-02
1.041961563440614746e+01 -3.209238430557093125e-17 -9.549949257569621819e-02
1.052433538952580783e+01 -1.968911145233676052e-16 -9.465457574893744452e-02
1.062905514464546641e+01 -2.697495005143935032e-16 -9.374532255875880904e-02
1.073377489976512678e+01 -6.938893903907228378e-17 -9.275214791255056990e-02
1.083849465488478536e+01 -1.370431546021677605e-16 -9.184217533758298746e-02
1.094321441000444750e+01 -1.656660919557850775e-16 -9.095272529649067739e-02
1.104793416512410609e+01 -1.838806884535415520e-16 -9.015788928289672488e-02
1.115265392024376645e+01 -1.760744328116459201e-16 -8.925885670721381282e-02
1.125737367536342504e+01 1.821459649775647449e-17 -8.848308740348431733e-02
1.136209343048308362e+01 -3.339342691255353657e-16 -8.767639782249327107e-02
1.146681318560274576e+01 -1.170938346284344789e-16 -8.689648741515373920e-02
1.157153294072240435e+01 -1.170938346284344789e-16 -8.614495582166575849e-02
1.167625269584206471e+01 -2.263814136149733258e-16 -8.535530333964343186e-02
1.178097245096172330e+01 -2.671474153004282925e-16 -8.462773655086364144e-02
1.188569220608138366e+01 8.500145032286354763e-17 -8.389043148137137473e-02
1.199041196120104225e+01 -4.683753385137379155e-17 -8.320073045687907676e-02
1.209513171632070438e+01 -4.336808689942017736e-18 -8.248655214912446743e-02
1.219985147144036297e+01 -9.194034422677077600e-17 -8.177481153026169847e-02
1.230457122656002333e+01 -1.179611963664228824e-16 -8.109607922065772967e-02
1.240929098167968192e+01 -1.023486850826316186e-16 -8.043181650238695468e-02
1.251401073679934228e+01 5.117434254131580929e-17 -7.980462515211336760e-02
1.261873049191900265e+01 2.836272883222079599e-16 -7.913700415147414957e-02
1.272345024703866301e+01 1.023486850826316186e-16 -7.849265368778274299e-02
1.282817000215832159e+01 -1.361757928641793569e-16 -7.780040691865849900e-02
1.293288975727798196e+01 -8.673617379884035472e-18 -7.718947772775286431e-02
1.303760951239764054e+01 2.168404344971008868e-17 -7.658356513624270390e-02
1.314232926751730268e+01 -1.188285581044112860e-16 -7.597210421486405574e-02
1.324704902263696127e+01 -1.838806884535415520e-16 -7.542454550136584723e-02
1.335176877775662163e+01 -7.372574772901430151e-17 -7.480460101858962818e-02
1.345648853287628022e+01 -1.144917494144692682e-16 -7.427258880797724117e-02
1.356120828799594058e+01 -1.647987302177966740e-16 -7.367033491624572217e-02
1.366592804311559917e+01 -1.387778780781445676e-16 -7.311409566476843869e-02
1.377064779823526131e+01 -2.550043509685906429e-16 -7.261065009406292292e-02
1.387536755335491989e+01 1.535230276239474279e-16 -7.203447242201196921e-02
1.398008730847457848e+01 -1.214306433183764966e-17 -7.151807901584372740e-02
1.408480706359423884e+01 2.602085213965210642e-18 -7.095296902147568696e-02
1.418952681871389743e+01 -2.428612866367529932e-17 -7.038914053535536008e-02
1.429424657383355957e+01 -2.168404344971008868e-17 -6.991242188938932844e-02
1.439896632895321815e+01 -7.719519468096791570e-17 -6.942456404364484579e-02
1.450368608407287851e+01 -1.387778780781445676e-16 -6.891243371739787238e-02
1.460840583919253710e+01 -3.382710778154773834e-17 -6.845232925645482192e-02
1.471312559431219746e+01 -7.112366251504909087e-17 -6.796649813019862985e-02
1.481784534943185783e+01 -4.943961906533900219e-17 -6.747380407037126271e-02
1.492256510455151819e+01 -1.509209424099822172e-16 -6.698849391763198047e-02
1.502728485967117678e+01 -4.943961906533900219e-17 -6.655943385974220916e-02
1.513200461479083714e+01 -1.049507702965968292e-16 -6.611982802561255923e-02
1.523672436991049572e+01 -1.873501354054951662e-16 -6.570146677385932388e-02
1.534144412503015609e+01 -5.551115123125782702e-17 -6.524124201141644208e-02
1.544616388014981645e+01 -8.413408858487514408e-17 -6.478737127565334375e-02
1.555088363526947681e+01 -5.377642775528101993e-17 -6.435205551364867049e-02
1.565560339038913540e+01 -1.630640067418198669e-16 -6.394992949858048503e-02
1.576032314550879576e+01 -4.076600168545496672e-17 -6.351546349583214734e-02
1.586504290062845435e+01 -1.040834085586084257e-17 -6.311202498038417930e-02
1.596976265574811649e+01 -3.729655473350135253e-17 -6.272723817080934350e-02
1.607448241086777685e+01 -1.994931997373328159e-17 -6.228779987816183278e-02
1.617920216598743366e+01 -2.515349040166370287e-17 -6.186024909125469734e-02
1.628392192110709402e+01 5.290906601729261638e-17 -6.147841300781974744e-02
1.638864167622675438e+01 -1.587271980518778491e-16 -6.106647934980946602e-02
1.649336143134641475e+01 -7.459310946700270506e-17 -6.071286374664344038e-02
1.659808118646607511e+01 -1.040834085586084257e-16 -6.033455759720027928e-02
1.670280094158573192e+01 -6.678685382510707313e-17 -5.993838811245055798e-02
1.680752069670539228e+01 2.602085213965210642e-18 -5.959414460638083610e-02
1.691224045182505265e+01 -1.049507702965968292e-16 -5.920843739708539499e-02
1.701696020694471301e+01 -6.678685382510707313e-17 -5.887280085803893448e-02
1.712167996206437337e+01 3.295974604355933479e-17 -5.851130775411772511e-02
1.722639971718403373e+01 -2.168404344971008868e-17 -5.816208969688144159e-02
1.733111947230369054e+01 -3.295974604355933479e-17 -5.781931240195908178e-02
1.743583922742335091e+01 6.765421556309547668e-17 -5.744649360866134480e-02
1.754055898254301127e+01 1.595945597898662527e-16 -5.710635824564350843e-02
1.764527873766267163e+01 4.076600168545496672e-17 -5.676469551551954762e-02
1.774999849278232844e+01 0.000000000000000000e+00 -5.644932589635812126e-02
1.785471824790198880e+01 -3.209238430557093125e-17 -5.612601366513487317e-02
1.795943800302165272e+01 1.561251128379126385e-17 -5.580498879276220986e-02
1.806415775814131308e+01 3.989863994746656317e-17 -5.547920706779758265e-02
1.816887751326096989e+01 1.474514954580286030e-17 -5.516102209610854179e-02
1.827359726838063025e+01 8.847089727481716182e-17 -5.485979518290519386e-02
1.837831702350029062e+01 -3.209238430557093125e-17 -5.454911489955886761e-02
1.848303677861995098e+01 -2.168404344971008868e-17 -5.424961610079587215e-02
1.858775653373960779e+01 -1.301042606982605321e-17 -5.393728308792722359e-02
1.869247628885926815e+01 5.204170427930421283e-17 -5.364515152131210662e-02
1.879719604397892851e+01 1.040834085586084257e-17 -5.335147823362137998e-02
