5.235987755982988295e-02 -8.465450562766818621e-16 -1.867129974613829235e+00
1.570796326794896558e-01 -1.344410693882025498e-16 -1.607689900464610799e+00
2.617993877991494078e-01 -1.127570259384924611e-16 -1.416700265393524560e+00
3.665191429188092154e-01 -4.371503159461553878e-16 -1.262216370907975005e+00
4.712388980384689674e-01 5.637851296924623057e-17 -1.137856528815045731e+00
5.759586531581286639e-01 7.979727989493312634e-17 -1.032529375798097337e+00
6.806784082777885825e-01 -1.058181320345852328e-16 -9.475830868348351643e-01
7.853981633974481680e-01 -2.237793284010081152e-16 -8.736153426165458313e-01
8.901179185171080865e-01 -1.292368989602721285e-16 -8.127909252830693987e-01
9.948376736367677831e-01 0.000000000000000000e+00 -7.557203953264830520e-01
1.099557428756427591e+00 -2.949029909160572061e-17 -7.067689911903116684e-01
1.204277183876087287e+00 6.245004513516505540e-17 -6.645535411194466446e-01
1.308996938995747206e+00 5.030698080332740574e-17 -6.271715703582602108e-01
1.413716694115406902e+00 -3.469446951953614189e-18 -5.922744935790927867e-01
1.518436449235066821e+00 -1.214306433183764966e-16 -5.609870825142853068e-01
1.623156204354726295e+00 5.204170427930421283e-18 -5.320652641011699435e-01
1.727875959474386214e+00 1.301042606982605321e-16 -5.064621381404257328e-01
1.832595714594045910e+00 3.122502256758252770e-17 -4.843592923114517501e-01
1.937315469713705829e+00 1.144917494144692682e-16 -4.624392568761095945e-01
2.042035224833365525e+00 2.012279232133096230e-16 -4.425613325988045910e-01
2.146754979953025000e+00 -7.285838599102589797e-17 -4.240616386505737245e-01
2.251474735072684918e+00 1.925543058334255875e-16 -4.066142234782597065e-01
2.356194490192344837e+00 1.413799632921097782e-16 -3.909470441458277601e-01
2.460914245312004756e+00 -5.117434254131580929e-16 -3.763175524130866201e-01
2.565634000431664230e+00 2.636779683484746784e-16 -3.629796750885015966e-01
2.670353755551324149e+00 -2.844946500601963635e-16 -3.503158252912015880e-01
2.775073510670984067e+00 -2.081668171172168513e-16 -3.386096689778636537e-01
2.879793265790643986e+00 3.053113317719180486e-16 -3.275593104089884466e-01
2.984513020910303460e+00 6.591949208711866959e-17 -3.171660895871042385e-01
3.089232776029963379e+00 -1.335737076502141463e-16 -3.075158317221459159e-01
3.193952531149622853e+00 -2.307182223049153436e-16 -2.984123119085317910e-01
3.298672286269282772e+00 -1.231653667943533037e-16 -2.897217533246119192e-01
3.403392041388942246e+00 -3.035766082959412415e-17 -2.813871137113750920e-01
3.508111796508602165e+00 6.071532165918824830e-17 -2.730544137591494613e-01
3.612831551628262083e+00 -3.122502256758252770e-17 -2.658883060668514875e-01
3.717551306747922002e+00 -4.180683577104105098e-16 -2.591495808935424527e-01
3.822271061867581476e+00 4.041905699025960530e-16 -2.526749709322236304e-01
3.926990816987241395e+00 -1.639313684798082704e-16 -2.462622860238324884e-01
4.031710572106900869e+00 3.582203977892106650e-16 -2.400668577650677260e-01
4.136430327226561232e+00 3.556183125752454544e-16 -2.344545207763213124e-01
4.241150082346220707e+00 9.020562075079396891e-17 -2.291599659048033089e-01
4.345869837465881069e+00 1.639313684798082704e-16 -2.239024362790176248e-01
4.450589592585540544e+00 1.630640067418198669e-16 -2.188281622340685628e-01
4.555309347705200018e+00 8.413408858487514408e-17 -2.141327372207618984e-01
4.660029102824860381e+00 6.938893903907228378e-18 -2.096090021931699687e-01
4.764748857944519855e+00 2.541369892306022393e-16 -2.051759102257608713e-01
4.869468613064179330e+00 3.261280134836397337e-16 -2.007727381017739288e-01
4.974188368183839692e+00 2.203098814490545010e-16 -1.967553305248080087e-01
5.078908123303498279e+00 2.471980953266950110e-16 -1.927607639920866089e-01
5.183627878423158641e+00 3.079134169858832593e-16 -1.891283018786499848e-01
5.288347633542818116e+00 1.144917494144692682e-16 -1.856364766880596595e-01
5.393067388662477590e+00 3.989863994746656317e-17 -1.822423900810791197e-01
5.497787143782137953e+00 4.857225732735059864e-17 -1.788682955060789392e-01
5.602506898901797427e+00 6.591949208711866959e-17 -1.756605222628978002e-01
5.707226654021456902e+00 -6.938893903907228378e-18 -1.725514803405108766e-01
5.811946409141117265e+00 2.064320936412400442e-16 -1.695324630061929017e-01
5.916666164260776739e+00 3.079134169858832593e-16 -1.665323107103602318e-01
6.021385919380437102e+00 -1.665334536937734811e-16 -1.637072293552127855e-01
6.126105674500096576e+00 -1.379105163401561640e-16 -1.609825814354487739e-01
6.230825429619756051e+00 2.385244779468109755e-16 -1.583195699931599365e-01
6.335545184739416413e+00 -4.076600168545496672e-17 -1.558039409586852719e-01
6.440264939859075888e+00 1.075528555105620399e-16 -1.532792353832641286e-01
6.544984694978735362e+00 -1.474514954580286030e-17 -1.509285283045393444e-01
6.649704450098395725e+00 -3.660266534311062969e-16 -1.486178762266086584e-01
6.754424205218055199e+00 -1.318389841742373392e-16 -1.463857953549180524e-01
6.859143960337715562e+00 -7.806255641895631925e-18 -1.442147555694589522e-01
6.963863715457375037e+00 -1.040834085586084257e-17 -1.421498113541586616e-01
7.068583470577034511e+00 -9.020562075079396891e-17 -1.401512695389895979e-01
7.173303225696694874e+00 -3.001071613439876273e-16 -1.381717488374608338e-01
7.278022980816354348e+00 2.341876692568689577e-17 -1.361949590721016068e-01
7.382742735936013823e+00 -2.498001805406602216e-16 -1.342742906181434159e-01
7.487462491055674185e+00 9.714451465470119729e-17 -1.324300086016645672e-01
7.592182246175332772e+00 1.734723475976807094e-16 -1.305929632900438564e-01
7.696902001294993134e+00 -1.908195823574487804e-17 -1.288290965876641714e-01
7.801621756414652609e+00 2.949029909160572061e-17 -1.271367500003952045e-01
7.906341511534312083e+00 8.673617379884035472e-18 -1.255331945089222245e-01
8.011061266653973334e+00 -1.214306433183764966e-17 -1.239039109278204098e-01
8.115781021773631920e+00 -4.857225732735059864e-17 -1.223603669134727401e-01
8.220500776893292283e+00 -1.240327285323417073e-16 -1.208294735634408978e-01
8.325220532012952646e+00 -3.937822290467352104e-16 -1.193365738719757430e-01
8.429940287132611232e+00 -3.929148673087468069e-16 -1.178435237948236014e-01
8.534660042252271595e+00 3.269953752216281373e-16 -1.163911933439623625e-01
8.639379797371930181e+00 3.348016308635237692e-16 -1.150187282164974317e-01
8.744099552491592320e+00 3.816391647148975608e-16 -1.137007661867670966e-01
8.848819307611250906e+00 1.092875789865388469e-16 -1.124096783919758397e-01
8.953539062730909492e+00 4.319461455182249665e-16 -1.110234963701585004e-01
9.058258817850569855e+00 4.883246584874711971e-16 -1.097743561174122362e-01
9.162978572970228441e+00 3.521488656232918402e-16 -1.085624421676875673e-01
9.267698328089890580e+00 3.009745230819760309e-16 -1.073725990075276304e-01
9.372418083209549167e+00 1.249000902703301108e-16 -1.061890129196382815e-01
9.477137838329209529e+00 2.949029909160572061e-16 -1.049933463995726957e-01
9.581857593448868116e+00 1.647987302177966740e-16 -1.039010684907819837e-01
9.686577348568528478e+00 3.955169525227120175e-16 -1.027959200555764868e-01
9.791297103688188841e+00 1.734723475976807094e-17 -1.017482156846010038e-01
9.896016858807849204e+00 -9.540979117872439019e-17 -1.006579061619830573e-01
1.000073661392750779e+01 -9.454242944073598665e-17 -9.961767056789759545e-02
1.010545636904716815e+01 -6.765421556309547668e-17 -9.856065088294853338e-02
1.021017612416682674e+01 6.158268339717665185e-17 -9.756569922010273344e-02
1.031489587928648710e+01 7.892991815694472280e-17 -9.656179843919007744e-02
1.041961563440614746e+01 5.204170427930421283e-17 -9.563407888818628577e-02
1.052433538952580783e+01 1.136243876764808647e-16 -9.464950098858818106e-02
1.062905514464546641e+01 -3.035766082959412415e-17 -9.378589521686445107e-02
1.073377489976512678e+01 -4.857225732735059864e-17 -9.286001568990526200e-02
1.083849465488478536e+01 9.540979117872439019e-17 -9.194373794372588671e-02
1.094321441000444750e+01 -1.431146867680865853e-16 -9.108880139259437070e-02
1.104793416512410609e+01 7.546047120499110861e-17 -9.023324129581702935e-02
1.115265392024376645e+01 -2.341876692568689577e-16 -8.940830046149803034e-02
1.125737367536342504e+01 -7.459310946700270506e-17 -8.856442198757656648e-02
1.136209343048308362e+01 -1.604619215278546562e-16 -8.779938139551832221e-02
1.146681318560274576e+01 -7.025630077706068732e-17 -8.699023965413296700e-02
1.157153294072240435e+01 -3.651592916931178934e-16 -8.619159099168136051e-02
1.167625269584206471e+01 -1.734723475976807094e-16 -8.544096147077195891e-02
1.178097245096172330e+01 -2.923009057020919954e-16 -8.467486818449562747e-02
1.188569220608138366e+01 -2.315855840429037471e-16 -8.394026426745765379e-02
1.199041196120104225e+01 -1.058181320345852328e-16 -8.321495893626860985e-02
1.209513171632070438e+01 -1.647987302177966740e-16 -8.251133692502045369e-02
1.219985147144036297e+01 2.324529457808921507e-16 -8.181697861111311698e-02
1.230457122656002333e+01 -3.556183125752454544e-17 -8.110985258953709587e-02
1.240929098167968192e+01 -3.469446951953614189e-17 -8.044848004220572779e-02
1.251401073679934228e+01 1.396452398161329711e-16 -7.979108308525750815e-02
1.261873049191900265e+01 4.362829542081669842e-16 -7.913376449416661962e-02
1.272345024703866301e+01 5.637851296924623057e-17 -7.849981544297870983e-02
1.282817000215832159e+01 -2.246466901389965187e-16 -7.787077129151756538e-02
1.293288975727798196e+01 -6.245004513516505540e-17 -7.723616868356282528e-02
1.303760951239764054e+01 -6.852157730108388023e-17 -7.661560941178818807e-02
1.314232926751730268e+01 -2.315855840429037471e-16 -7.598167005408661134e-02
1.324704902263696127e+01 -1.873501354054951662e-16 -7.539340213154339942e-02
1.335176877775662163e+01 -6.852157730108388023e-17 -7.485618076639566354e-02
1.345648853287628022e+01 -1.118896642005040576e-16 -7.428756871013078578e-02
1.356120828799594058e+01 -2.688821387764050996e-16 -7.373592294911854306e-02
1.366592804311559917e+01 1.734723475976807094e-18 -7.315517236910416832e-02
1.377064779823526131e+01 -7.025630077706068732e-17 -7.257378486396148798e-02
1.387536755335491989e+01 -5.290906601729261638e-17 -7.202589533156536494e-02
1.398008730847457848e+01 -1.942890293094023946e-16 -7.147340273137237077e-02
1.408480706359423884e+01 -1.535230276239474279e-16 -7.097805140313322159e-02
1.418952681871389743e+01 -1.344410693882025498e-16 -7.045319514535827721e-02
1.429424657383355957e+01 -1.379105163401561640e-16 -6.996084191849973044e-02
1.439896632895321815e+01 -6.505213034913026604e-17 -6.946533332336267408e-02
1.450368608407287851e+01 -3.729655473350135253e-17 -6.897351963510107986e-02
1.460840583919253710e+01 -1.014813233446432150e-16 -6.847658648012515392e-02
1.471312559431219746e+01 -1.674008154317618846e-16 -6.798384240961699576e-02
1.481784534943185783e+01 -7.459310946700270506e-17 -6.750205057213734539e-02
1.492256510455151819e+01 -6.852157730108388023e-17 -6.703749967440703061e-02
1.502728485967117678e+01 -1.179611963664228824e-16 -6.655955140292506289e-02
1.513200461479083714e+01 -1.587271980518778491e-16 -6.611963735290346533e-02
1.523672436991049572e+01 -1.058181320345852328e-16 -6.565472303332112181e-02
1.534144412503015609e+01 -6.158268339717665185e-17 -6.521518199099272939e-02
1.544616388014981645e+01 -1.977584762613560088e-16 -6.477183792206264723e-02
1.555088363526947681e+01 -9.801187639268960083e-17 -6.433108460726841282e-02
1.565560339038913540e+01 -2.602085213965210642e-17 -6.389887299239589702e-02
1.576032314550879576e+01 -4.683753385137379155e-17 -6.348251384115782825e-02
1.586504290062845435e+01 -1.023486850826316186e-16 -6.307416417635020034e-02
1.596976265574811649e+01 -5.117434254131580929e-17 -6.267872059924214923e-02
1.607448241086777685e+01 -8.586881206085195117e-17 -6.226938865605549656e-02
1.617920216598743366e+01 -1.144917494144692682e-16 -6.189188867263342719e-02
1.628392192110709402e+01 -8.153200337090993344e-17 -6.148428946282627483e-02
1.638864167622675438e+01 1.821459649775647449e-17 -6.109091812429774671e-02
1.649336143134641475e+01 5.204170427930421283e-17 -6.068647959893122557e-02
1.659808118646607511e+01 -1.474514954580286030e-16 -6.029378365547861940e-02
1.670280094158573192e+01 -7.892991815694472280e-17 -5.992935232673133467e-02
1.680752069670539228e+01 2.602085213965210642e-18 -5.956416192307478763e-02
1.691224045182505265e+01 -6.852157730108388023e-17 -5.922592510606151939e-02
1.701696020694471301e+01 -1.309716224362489356e-16 -5.886761580740270533e-02
1.712167996206437337e+01 -3.122502256758252770e-17 -5.849444416439763400e-02
1.722639971718403373e+01 -1.734723475976807094e-17 -5.813837127926872739e-02
1.733111947230369054e+01 -8.239936510889833698e-17 -5.778473234109469947e-02
1.743583922742335091e+01 6.852157730108388023e-17 -5.744307790664494873e-02
1.754055898254301127e+01 1.960237527853792017e-16 -5.710787319053971245e-02
1.764527873766267163e+01 5.984795992119984476e-17 -5.677070858554261745e-02
1.774999849278232844e+01 -3.469446951953614189e-18 -5.644221721070932785e-02
1.785471824790198880e+01 8.326672684688674053e-17 -5.612030879519006032e-02
1.795943800302165272e+01 1.275021754842953214e-16 -5.578809456392162108e-02
1.806415775814131308e+01 -1.214306433183764966e-17 -5.546959464159378211e-02
1.816887751326096989e+01 -3.729655473350135253e-17 -5.515568609374157938e-02
1.827359726838063025e+01 -2.862293735361731706e-17 -5.484181569297269521e-02
1.837831702350029062e+01 -1.084202172485504434e-16 -5.453271356448875784e-02
1.848303677861995098e+01 -2.081668171172168513e-17 -5.422086232790204741e-02
1.858775653373960779e+01 -6.418476861114186249e-17 -5.392216367291424728e-02
1.869247628885926815e+01 3.469446951953614189e-18 -5.361582833695935357e-02
1.879719604397892851e+01 -3.035766082959412415e-17 -5.331438757802019202e-02
