5.235987755982988295e-02 2.428612866367529932e-17 -1.258409135073905283e+00
1.570796326794896558e-01 2.506675422786486251e-16 -8.724481306608591336e-01
2.617993877991494078e-01 2.055647319032516407e-16 -7.115777841151772476e-01
3.665191429188092154e-01 2.255140518769849223e-16 -6.202585518854382141e-01
4.712388980384689674e-01 1.405126015541213746e-16 -5.921953008651786865e-01
5.759586531581286639e-01 1.266348137463069179e-16 -5.778498137415518654e-01
6.806784082777885825e-01 2.255140518769849223e-16 -5.544227808972090887e-01
7.853981633974481680e-01 1.960237527853792017e-16 -5.262796547024857219e-01
8.901179185171080865e-01 1.708702623837154988e-16 -5.230005809909726855e-01
9.948376736367677831e-01 2.029626466892864300e-16 -4.982217642770838117e-01
1.099557428756427591e+00 4.597017211338538800e-17 -4.932964777679945678e-01
1.204277183876087287e+00 1.760744328116459201e-16 -4.730223431294803826e-01
1.308996938995747206e+00 5.984795992119984476e-17 -4.675025682906992497e-01
1.413716694115406902e+00 1.613292832658430598e-16 -4.442676219715188113e-01
1.518436449235066821e+00 1.144917494144692682e-16 -4.290278731099068654e-01
1.623156204354726295e+00 1.006139616066548115e-16 -4.167602215540825994e-01
1.727875959474386214e+00 8.673617379884035472e-17 -4.037589019914928912e-01
1.832595714594045910e+00 1.838806884535415520e-16 -3.947513896433034741e-01
1.937315469713705829e+00 1.301042606982605321e-16 -3.820007531448110782e-01
2.042035224833365525e+00 4.943961906533900219e-17 -3.689693543820511956e-01
2.146754979953025000e+00 1.838806884535415520e-16 -3.545402865813058746e-01
2.251474735072684918e+00 1.040834085586084257e-17 -3.472601750392386166e-01
2.356194490192344837e+00 1.769417945496343236e-16 -3.387488786907750793e-01
2.460914245312004756e+00 6.245004513516505540e-17 -3.289958034725348757e-01
2.565634000431664230e+00 -2.766883944183007316e-16 -3.214320219829644998e-01
2.670353755551324149e+00 -7.546047120499110861e-17 -3.140062609192166287e-01
2.775073510670984067e+00 4.336808689942017736e-17 -3.025103963303970023e-01
2.879793265790643986e+00 3.209238430557093125e-17 -2.946712125620393752e-01
2.984513020910303460e+00 -5.377642775528101993e-17 -2.873428941592003349e-01
3.089232776029963379e+00 2.012279232133096230e-16 -2.803817448260977341e-01
3.193952531149622853e+00 -2.255140518769849223e-17 -2.725661500352665745e-01
3.298672286269282772e+00 -1.561251128379126385e-17 -2.656904510568497413e-01
3.403392041388942246e+00 7.892991815694472280e-17 -2.613860966033397792e-01
3.508111796508602165e+00 3.816391647148975608e-17 -2.556051944685313604e-01
3.612831551628262083e+00 -5.551115123125782702e-17 -2.502430021827977691e-01
3.717551306747922002e+00 2.949029909160572061e-16 -2.436609518258991969e-01
3.822271061867581476e+00 -1.335737076502141463e-16 -2.376625150095417749e-01
3.926990816987241395e+00 9.887923813067800438e-17 -2.314299187072504649e-01
4.031710572106900869e+00 3.235259282696745231e-16 -2.266739722246380317e-01
4.136430327226561232e+00 1.647987302177966740e-16 -2.223214834651195404e-01
4.241150082346220707e+00 1.994931997373328159e-16 -2.186071805870676565e-01
4.345869837465881069e+00 3.053113317719180486e-16 -2.138246245152918279e-01
4.450589592585540544e+00 2.844946500601963635e-16 -2.090313108402248599e-01
4.555309347705200018e+00 1.040834085586084257e-17 -2.047578090789752281e-01
4.660029102824860381e+00 -5.204170427930421283e-18 -1.998773207604827573e-01
4.764748857944519855e+00 1.006139616066548115e-16 -1.955424740944947115e-01
4.869468613064179330e+00 2.393918396847993790e-16 -1.936263232240131305e-01
4.974188368183839692e+00 2.584737979205442571e-16 -1.882884648526058358e-01
5.078908123303498279e+00 1.526556658859590243e-16 -1.868616034404298187e-01
5.183627878423158641e+00 3.165870343657672947e-16 -1.819266863319141947e-01
5.288347633542818116e+00 7.806255641895631925e-17 -1.794695029722723489e-01
5.393067388662477590e+00 4.336808689942017736e-17 -1.757668327238009476e-01
5.497787143782137953e+00 -1.040834085586084257e-17 -1.729824636947690508e-01
5.602506898901797427e+00 -2.775557561562891351e-17 -1.705322166958268271e-01
5.707226654021456902e+00 8.673617379884035472e-18 -1.668787572466120528e-01
5.811946409141117265e+00 1.353084311261909534e-16 -1.647160577254181968e-01
5.916666164260776739e+00 2.411265631607761861e-16 -1.625517430667922092e-01
6.021385919380437102e+00 3.035766082959412415e-17 -1.592306443089495371e-01
6.126105674500096576e+00 3.989863994746656317e-17 -1.566680167654664335e-01
6.230825429619756051e+00 2.671474153004282925e-16 -1.549289140390666120e-01
6.335545184739416413e+00 1.370431546021677605e-16 -1.519390957516816854e-01
6.440264939859075888e+00 1.040834085586084257e-16 -1.496671600863363760e-01
6.544984694978735362e+00 1.908195823574487804e-16 -1.480169712631812518e-01
6.649704450098395725e+00 -1.387778780781445676e-16 -1.454831858592260663e-01
6.754424205218055199e+00 4.423544863740858091e-17 -1.436844229365213943e-01
6.859143960337715562e+00 -8.673617379884035472e-18 -1.413090357770825922e-01
6.963863715457375037e+00 2.081668171172168513e-17 -1.390241018284546215e-01
7.068583470577034511e+00 3.989863994746656317e-17 -1.378556296035201578e-01
7.173303225696694874e+00 4.683753385137379155e-17 -1.356135504488301669e-01
7.278022980816354348e+00 7.806255641895631925e-18 -1.335314818716708263e-01
7.382742735936013823e+00 3.729655473350135253e-17 -1.319152305395800973e-01
7.487462491055674185e+00 3.807718029769091572e-16 -1.305961720497839096e-01
7.592182246175332772e+00 2.359223927328457648e-16 -1.284460595557501972e-01
7.696902001294993134e+00 -2.602085213965210642e-17 -1.272439099809334062e-01
7.801621756414652609e+00 2.177077962350892903e-16 -1.256590272560330623e-01
7.906341511534312083e+00 1.301042606982605321e-16 -1.235405492127002597e-01
8.011061266653973334e+00 -3.989863994746656317e-17 -1.216792832557196113e-01
8.115781021773631920e+00 -2.602085213965210642e-17 -1.202541498548206217e-01
8.220500776893292283e+00 1.214306433183764966e-17 -1.189703858315122736e-01
8.325220532012952646e+00 -1.170938346284344789e-16 -1.178124567459119532e-01
8.429940287132611232e+00 -6.591949208711866959e-17 -1.163912210318545082e-01
8.534660042252271595e+00 1.977584762613560088e-16 -1.155046678810013189e-01
8.639379797371930181e+00 5.481726184086710418e-16 -1.138168753217869561e-01
8.744099552491592320e+00 5.533767888366014631e-16 -1.122471928539641173e-01
8.848819307611250906e+00 1.734723475976807094e-17 -1.106040674192312334e-01
8.953539062730909492e+00 3.469446951953614189e-16 -1.096723015230621351e-01
9.058258817850569855e+00 4.406197628981090020e-16 -1.086183341130201180e-01
9.162978572970228441e+00 4.059252933785728601e-16 -1.074565799753047501e-01
9.267698328089890580e+00 -1.734723475976807094e-18 -1.064052555799831490e-01
9.372418083209549167e+00 1.101549407245272505e-16 -1.054285525642989774e-01
9.477137838329209529e+00 1.353084311261909534e-16 -1.044093513166523268e-01
9.581857593448868116e+00 1.275021754842953214e-16 -1.031273054470985134e-01
9.686577348568528478e+00 4.597017211338538800e-17 -1.023425383787272547e-01
9.791297103688188841e+00 -8.847089727481716182e-17 -1.010050509512027267e-01
9.896016858807849204e+00 -2.116362640691704655e-16 -9.997945544014982810e-02
1.000073661392750779e+01 -2.402592014227877826e-16 -9.883736207109485028e-02
1.010545636904716815e+01 7.719519468096791570e-17 -9.791219072848651728e-02
1.021017612416682674e+01 1.144917494144692682e-16 -9.703676908060324124e-02
1.031489587928648710e+01 -3.816391647148975608e-17 -9.598917285378080755e-02
1.041961563440614746e+01 4.423544863740858091e-17 -9.477425718519137676e-02
1.052433538952580783e+01 -1.266348137463069179e-16 -9.379074131063960817e-02
1.062905514464546641e+01 -2.090341788552052549e-16 -9.346629465755865174e-02
1.073377489976512678e+01 -2.445960101127298003e-16 -9.200200707022797297e-02
1.083849465488478536e+01 -2.428612866367529932e-16 -9.147710561385259675e-02
1.094321441000444750e+01 -3.608224830031758756e-16 -9.043293498950809306e-02
1.104793416512410609e+01 -2.801578413702543457e-16 -8.984280870623884141e-02
1.115265392024376645e+01 -2.324529457808921507e-16 -8.893806202421648821e-02
1.125737367536342504e+01 -4.683753385137379155e-17 -8.795962920446186162e-02
1.136209343048308362e+01 -4.180683577104105098e-16 -8.764684604663047773e-02
1.146681318560274576e+01 -1.726049858596923059e-16 -8.685868789016112923e-02
1.157153294072240435e+01 -2.393918396847993790e-16 -8.588778704768681993e-02
1.167625269584206471e+01 -2.229119666630197116e-16 -8.505496506948503899e-02
1.178097245096172330e+01 -2.020952849512980265e-16 -8.442811024521346130e-02
1.188569220608138366e+01 -3.911801438327699998e-16 -8.369014576830387242e-02
1.199041196120104225e+01 -1.465841337200401995e-16 -8.289135216175609611e-02
1.209513171632070438e+01 -9.194034422677077600e-17 -8.237329951122818184e-02
1.219985147144036297e+01 3.469446951953614189e-18 -8.182077061250603300e-02
1.230457122656002333e+01 -8.933825901280556536e-17 -8.067304440750192041e-02
1.240929098167968192e+01 -8.673617379884035472e-17 -8.020609852028154352e-02
1.251401073679934228e+01 2.636779683484746784e-16 -7.946605182604404849e-02
1.261873049191900265e+01 3.035766082959412415e-17 -7.913813909404142366e-02
1.272345024703866301e+01 2.688821387764050996e-17 -7.839444592535263490e-02
1.282817000215832159e+01 -2.090341788552052549e-16 -7.758931784245778895e-02
1.293288975727798196e+01 -1.387778780781445676e-16 -7.705388088238152022e-02
1.303760951239764054e+01 -1.301042606982605321e-17 -7.654073068080030628e-02
1.314232926751730268e+01 -2.255140518769849223e-16 -7.588044807109095569e-02
1.324704902263696127e+01 -2.125036258071588691e-16 -7.522240132365165532e-02
1.335176877775662163e+01 -7.806255641895631925e-18 -7.472674989994054773e-02
1.345648853287628022e+01 -2.541369892306022393e-16 -7.423864502829810585e-02
1.356120828799594058e+01 -1.986258379993444123e-16 -7.346836466007661270e-02
1.366592804311559917e+01 -1.092875789865388469e-16 -7.331999443777716119e-02
1.377064779823526131e+01 -1.240327285323417073e-16 -7.247365116994411438e-02
1.387536755335491989e+01 -2.324529457808921507e-16 -7.203304660662861181e-02
1.398008730847457848e+01 -1.448494102440633924e-16 -7.148654156588940545e-02
1.408480706359423884e+01 -1.474514954580286030e-16 -7.078486498283330375e-02
1.418952681871389743e+01 -9.020562075079396891e-17 -7.042967693892591974e-02
1.429424657383355957e+01 -4.163336342344337027e-17 -6.983482351607719907e-02
1.439896632895321815e+01 -7.112366251504909087e-17 -6.921231206157740790e-02
1.450368608407287851e+01 6.852157730108388023e-17 -6.888022792218022328e-02
1.460840583919253710e+01 -3.556183125752454544e-17 -6.850749601843597603e-02
1.471312559431219746e+01 -4.336808689942017736e-17 -6.799304047833071296e-02
1.481784534943185783e+01 -9.887923813067800438e-17 -6.757861104190981960e-02
1.492256510455151819e+01 -1.656660919557850775e-16 -6.706210250117471128e-02
1.502728485967117678e+01 -1.422473250300981817e-16 -6.664278636657507138e-02
1.513200461479083714e+01 -1.413799632921097782e-16 -6.603794169770732525e-02
1.523672436991049572e+01 -1.674008154317618846e-16 -6.563141766170892122e-02
1.534144412503015609e+01 -9.540979117872439019e-17 -6.514479374939009804e-02
1.544616388014981645e+01 -4.423544863740858091e-17 -6.476390331567659364e-02
1.555088363526947681e+01 -5.030698080332740574e-17 -6.430452889112446557e-02
1.565560339038913540e+01 3.382710778154773834e-17 -6.397701866151916938e-02
1.576032314550879576e+01 -9.367506770274758310e-17 -6.368714168103642437e-02
1.586504290062845435e+01 -7.112366251504909087e-17 -6.317291277245563885e-02
1.596976265574811649e+01 -5.984795992119984476e-17 -6.269661064580199505e-02
1.607448241086777685e+01 -8.760353553682875827e-17 -6.241116714034100621e-02
1.617920216598743366e+01 -1.118896642005040576e-16 -6.188271573728584829e-02
1.628392192110709402e+01 -1.613292832658430598e-16 -6.147956980947555383e-02
1.638864167622675438e+01 -8.847089727481716182e-17 -6.115732657247577309e-02
1.649336143134641475e+01 -3.903127820947815962e-17 -6.058076070261809998e-02
1.659808118646607511e+01 -1.014813233446432150e-16 -6.046005350621971863e-02
1.670280094158573192e+01 -1.500535806719938137e-16 -5.995880431968829416e-02
1.680752069670539228e+01 -3.469446951953614189e-18 -5.963939136700339289e-02
1.691224045182505265e+01 -8.239936510889833698e-17 -5.932204188110799109e-02
1.701696020694471301e+01 -1.309716224362489356e-16 -5.892273365231535942e-02
1.712167996206437337e+01 8.673617379884035472e-18 -5.853387544575214263e-02
1.722639971718403373e+01 -7.199102425303749442e-17 -5.823103321845151531e-02
1.733111947230369054e+01 -1.066854937725736363e-16 -5.792309944124069548e-02
1.743583922742335091e+01 1.040834085586084257e-17 -5.749302291904971607e-02
1.754055898254301127e+01 5.724587470723463412e-17 -5.710594568043120961e-02
1.764527873766267163e+01 1.448494102440633924e-16 -5.691482724881147953e-02
1.774999849278232844e+01 -2.081668171172168513e-17 -5.654605996909335686e-02
1.785471824790198880e+01 1.908195823574487804e-17 -5.630122889255925744e-02
1.795943800302165272e+01 9.540979117872439019e-18 -5.578656518261662645e-02
1.806415775814131308e+01 -7.806255641895631925e-18 -5.552294144033868839e-02
1.816887751326096989e+01 -4.336808689942017736e-17 -5.527656142411978279e-02
1.827359726838063025e+01 -1.006139616066548115e-16 -5.493190177831067111e-02
1.837831702350029062e+01 -5.811323644522303766e-17 -5.461848786089289198e-02
1.848303677861995098e+01 -3.642919299551294898e-17 -5.435039076482870574e-02
1.858775653373960779e+01 -4.770489558936219510e-17 -5.402055361732328864e-02
1.869247628885926815e+01 -1.734723475976807094e-18 -5.365693061394571223e-02
1.879719604397892851e+01 -7.719519468096791570e-17 -5.336029777168944943e-02
