5.235987755982988295e-02 -8.508818649666238798e-16 -1.789654502161762029e+00
1.570796326794896558e-01 -3.035766082959412415e-16 -1.511483577493212715e+00
2.617993877991494078e-01 -1.387778780781445676e-17 -1.307201004555519797e+00
3.665191429188092154e-01 -1.049507702965968292e-16 -1.146557495273264893e+00
4.712388980384689674e-01 -6.765421556309547668e-17 -1.030641526546975939e+00
5.759586531581286639e-01 -2.220446049250313081e-16 -9.371702059370999871e-01
6.806784082777885825e-01 -4.683753385137379155e-17 -8.593741401969400284e-01
7.853981633974481680e-01 -1.439820485060749888e-16 -7.936207484177012494e-01
8.901179185171080865e-01 -1.196959198423996895e-16 -7.395098131012743936e-01
9.948376736367677831e-01 1.127570259384924611e-17 -6.941514976262987968e-01
1.099557428756427591e+00 8.326672684688674053e-17 -6.525015332395414092e-01
1.204277183876087287e+00 3.174543961037556983e-16 -6.156237703567701836e-01
1.308996938995747206e+00 -2.185751579730776939e-16 -5.813290793160893477e-01
1.413716694115406902e+00 -9.367506770274758310e-17 -5.545772446879136952e-01
1.518436449235066821e+00 1.335737076502141463e-16 -5.290678227848246706e-01
1.623156204354726295e+00 -7.632783294297951215e-17 -5.043934609155045212e-01
1.727875959474386214e+00 8.673617379884035472e-17 -4.803826654864919998e-01
1.832595714594045910e+00 2.185751579730776939e-16 -4.622935606769806305e-01
1.937315469713705829e+00 1.474514954580286030e-17 -4.416262012660486791e-01
2.042035224833365525e+00 1.196959198423996895e-16 -4.250575317736450809e-01
2.146754979953025000e+00 -6.938893903907228378e-18 -4.088872544398064468e-01
2.251474735072684918e+00 -3.642919299551294898e-17 -3.939303798341239338e-01
2.356194490192344837e+00 8.673617379884035472e-18 -3.782135351157083769e-01
2.460914245312004756e+00 -2.099015405931936584e-16 -3.651878448261146604e-01
2.565634000431664230e+00 1.222980050563649002e-16 -3.521138391417235614e-01
2.670353755551324149e+00 8.847089727481716182e-17 -3.409883181385675033e-01
2.775073510670984067e+00 1.214306433183764966e-17 -3.291544386379830489e-01
2.879793265790643986e+00 7.285838599102589797e-17 -3.190334560487587123e-01
2.984513020910303460e+00 1.318389841742373392e-16 -3.096465348052505617e-01
3.089232776029963379e+00 -5.724587470723463412e-17 -3.003241486322219544e-01
3.193952531149622853e+00 -9.627715291671279374e-17 -2.912486451780929575e-01
3.298672286269282772e+00 -2.029626466892864300e-16 -2.834877154603919758e-01
3.403392041388942246e+00 -8.673617379884035472e-18 -2.759035051694906926e-01
3.508111796508602165e+00 -2.255140518769849223e-17 -2.685826269746507400e-01
3.612831551628262083e+00 -5.551115123125782702e-17 -2.618378534274503067e-01
3.717551306747922002e+00 -1.335737076502141463e-16 -2.554063060319705647e-01
3.822271061867581476e+00 -4.857225732735059864e-17 -2.492109687878992785e-01
3.926990816987241395e+00 6.765421556309547668e-17 -2.429119758452532585e-01
4.031710572106900869e+00 2.194425197110660974e-16 -2.371461747542791265e-01
4.136430327226561232e+00 4.007211229506424388e-16 -2.315687587551056303e-01
4.241150082346220707e+00 1.196959198423996895e-16 -2.262449728192481302e-01
4.345869837465881069e+00 1.700029006457270953e-16 -2.211931572604296514e-01
4.450589592585540544e+00 1.318389841742373392e-16 -2.164030005453099759e-01
4.555309347705200018e+00 5.637851296924623057e-17 -2.118365385116491306e-01
4.660029102824860381e+00 2.775557561562891351e-17 -2.075500743847255025e-01
4.764748857944519855e+00 1.387778780781445676e-16 -2.030444084019991935e-01
4.869468613064179330e+00 8.153200337090993344e-17 -1.991670800625675031e-01
4.974188368183839692e+00 4.388850394221321949e-16 -1.952106890862496391e-01
5.078908123303498279e+00 7.372574772901430151e-17 -1.916988955393962024e-01
5.183627878423158641e+00 3.365363543395005763e-16 -1.877565041900816079e-01
5.288347633542818116e+00 3.183217578417441018e-16 -1.842845416412328685e-01
5.393067388662477590e+00 6.158268339717665185e-17 -1.811259618733552235e-01
5.497787143782137953e+00 3.469446951953614189e-17 -1.776356741619667945e-01
5.602506898901797427e+00 -8.847089727481716182e-17 -1.743309191891753429e-01
5.707226654021456902e+00 -8.673617379884035472e-17 -1.714264733534782148e-01
5.811946409141117265e+00 1.266348137463069179e-16 -1.682246673383207269e-01
5.916666164260776739e+00 1.986258379993444123e-16 -1.656133394229117040e-01
6.021385919380437102e+00 -6.678685382510707313e-17 -1.626884333276235051e-01
6.126105674500096576e+00 6.938893903907228378e-18 -1.600708614784095707e-01
6.230825429619756051e+00 6.245004513516505540e-17 -1.575026487707282263e-01
6.335545184739416413e+00 6.938893903907228378e-18 -1.553412870019447722e-01
6.440264939859075888e+00 1.734723475976807094e-17 -1.527913323470601881e-01
6.544984694978735362e+00 -1.110223024625156540e-16 -1.505477671576956056e-01
6.649704450098395725e+00 -4.284766985662713523e-16 -1.481095227837559702e-01
6.754424205218055199e+00 -1.301042606982605321e-16 -1.457703857738067432e-01
6.859143960337715562e+00 -1.908195823574487804e-17 -1.436192447190719756e-01
6.963863715457375037e+00 -4.943961906533900219e-17 -1.415676066001131106e-01
7.068583470577034511e+00 0.000000000000000000e+00 -1.394966633158249147e-01
7.173303225696694874e+00 -8.153200337090993344e-17 -1.374934871906895728e-01
7.278022980816354348e+00 -5.204170427930421283e-17 -1.355002124345707770e-01
7.382742735936013823e+00 -1.101549407245272505e-16 -1.335117887091493705e-01
7.487462491055674185e+00 3.642919299551294898e-17 -1.318401652744985442e-01
7.592182246175332772e+00 5.204170427930421283e-17 -1.300076374163522119e-01
7.696902001294993134e+00 -1.040834085586084257e-17 -1.282991605567515292e-01
7.801621756414652609e+00 -6.331740687315345895e-17 -1.265847884993013539e-01
7.906341511534312083e+00 3.903127820947815962e-17 -1.248899178058514997e-01
8.011061266653973334e+00 -9.714451465470119729e-17 -1.233251197103854557e-01
8.115781021773631920e+00 -1.014813233446432150e-16 -1.217518943156119526e-01
8.220500776893292283e+00 1.595945597898662527e-16 -1.204154551981522214e-01
8.325220532012952646e+00 -2.419939248987645897e-16 -1.189870583334895204e-01
8.429940287132611232e+00 -2.498001805406602216e-16 -1.175206808469866360e-01
8.534660042252271595e+00 2.636779683484746784e-16 -1.162288997750181574e-01
8.639379797371930181e+00 6.565928356572214852e-16 -1.149302293192270286e-01
8.744099552491592320e+00 3.035766082959412415e-16 -1.135361289566304555e-01
8.848819307611250906e+00 3.183217578417441018e-16 -1.120624589285459660e-01
8.953539062730909492e+00 3.035766082959412415e-16 -1.107616315273749624e-01
9.058258817850569855e+00 3.452099717193846118e-16 -1.095007285434127092e-01
9.162978572970228441e+00 2.532696274926138358e-16 -1.082048473719681991e-01
9.267698328089890580e+00 7.199102425303749442e-17 -1.070606128255399414e-01
9.372418083209549167e+00 4.423544863740858091e-17 -1.058323602086637949e-01
9.477137838329209529e+00 2.706168622523819067e-16 -1.048193216159758745e-01
9.581857593448868116e+00 3.174543961037556983e-16 -1.037147963603641532e-01
9.686577348568528478e+00 2.402592014227877826e-16 -1.025789831427729309e-01
9.791297103688188841e+00 6.505213034913026604e-17 -1.014894931609125750e-01
9.896016858807849204e+00 -2.107689023311820620e-16 -1.004578171858075547e-01
1.000073661392750779e+01 -2.506675422786486251e-16 -9.939459672807537949e-02
1.010545636904716815e+01 1.040834085586084257e-17 -9.836741819199643078e-02
1.021017612416682674e+01 1.066854937725736363e-16 -9.738857458656205446e-02
1.031489587928648710e+01 -2.428612866367529932e-17 -9.644040570106812704e-02
1.041961563440614746e+01 3.989863994746656317e-17 -9.542271437024901770e-02
1.052433538952580783e+01 -1.040834085586084257e-17 -9.453936423999935446e-02
1.062905514464546641e+01 -1.604619215278546562e-16 -9.363931539186118314e-02
1.073377489976512678e+01 -1.014813233446432150e-16 -9.265135011369095286e-02
1.083849465488478536e+01 -5.377642775528101993e-17 -9.185162168677163397e-02
1.094321441000444750e+01 -5.464378949326942347e-17 -9.098917039503878756e-02
1.104793416512410609e+01 -2.636779683484746784e-16 -9.013355696234431891e-02
1.115265392024376645e+01 -2.177077962350892903e-16 -8.930670074477969900e-02
1.125737367536342504e+01 6.938893903907228378e-18 -8.845402776667864175e-02
1.136209343048308362e+01 -3.044439700339296451e-16 -8.773097632222795483e-02
1.146681318560274576e+01 -1.908195823574487804e-16 -8.688026438940105178e-02
1.157153294072240435e+01 -1.214306433183764966e-16 -8.612418471634791795e-02
1.167625269584206471e+01 -3.174543961037556983e-16 -8.533862515129089776e-02
1.178097245096172330e+01 -1.743397093356691130e-16 -8.463055857606317789e-02
1.188569220608138366e+01 -1.092875789865388469e-16 -8.386271346077661670e-02
1.199041196120104225e+01 3.035766082959412415e-17 -8.319964670296929599e-02
1.209513171632070438e+01 -1.899522206194603768e-16 -8.249014919170569171e-02
1.219985147144036297e+01 6.158268339717665185e-17 -8.176417821133927233e-02
1.230457122656002333e+01 -1.179611963664228824e-16 -8.101837412360038404e-02
1.240929098167968192e+01 9.714451465470119729e-17 -8.034821653375592843e-02
1.251401073679934228e+01 5.030698080332740574e-17 -7.969663536394538950e-02
1.261873049191900265e+01 3.946495907847236140e-16 -7.905157134194341906e-02
1.272345024703866301e+01 2.211772431870429045e-16 -7.843022486077554090e-02
1.282817000215832159e+01 -1.908195823574487804e-17 -7.784151043609353893e-02
1.293288975727798196e+01 -8.413408858487514408e-17 -7.715226467217534134e-02
1.303760951239764054e+01 -5.464378949326942347e-17 -7.657622116917152388e-02
1.314232926751730268e+01 -3.469446951953614189e-17 -7.595530287760357546e-02
1.324704902263696127e+01 -2.471980953266950110e-16 -7.541197446760428136e-02
1.335176877775662163e+01 -1.908195823574487804e-16 -7.481127159892780876e-02
1.345648853287628022e+01 -1.994931997373328159e-16 -7.422800895838843616e-02
1.356120828799594058e+01 -8.153200337090993344e-17 -7.365636289009014348e-02
1.366592804311559917e+01 -7.979727989493312634e-17 -7.314770918325418092e-02
1.377064779823526131e+01 -9.020562075079396891e-17 -7.257828474191503620e-02
1.387536755335491989e+01 -1.387778780781445676e-16 -7.203091199491133689e-02
1.398008730847457848e+01 -1.179611963664228824e-16 -7.153632963844197556e-02
1.408480706359423884e+01 -1.726049858596923059e-16 -7.101868960139870457e-02
1.418952681871389743e+01 -1.257674520083185143e-16 -7.046570109441306629e-02
1.429424657383355957e+01 -2.949029909160572061e-17 -6.996679894325988358e-02
1.439896632895321815e+01 -1.179611963664228824e-16 -6.946483300213296408e-02
1.450368608407287851e+01 -1.682681771697502882e-16 -6.895318955711940423e-02
1.460840583919253710e+01 -8.933825901280556536e-17 -6.847160067908233949e-02
1.471312559431219746e+01 -1.066854937725736363e-16 -6.798138462837169382e-02
1.481784534943185783e+01 -1.205632815803880931e-16 -6.750076465175169904e-02
1.492256510455151819e+01 -4.597017211338538800e-17 -6.702862444636541184e-02
1.502728485967117678e+01 -1.535230276239474279e-16 -6.657096115247708445e-02
1.513200461479083714e+01 -1.387778780781445676e-16 -6.610844914181458754e-02
1.523672436991049572e+01 -8.673617379884035472e-17 -6.566322062703018603e-02
1.534144412503015609e+01 -1.656660919557850775e-16 -6.521639419516181424e-02
1.544616388014981645e+01 -1.578598363138894456e-16 -6.477406897612239534e-02
1.555088363526947681e+01 -1.257674520083185143e-16 -6.433539875133037489e-02
1.565560339038913540e+01 -1.708702623837154988e-16 -6.391591503506463545e-02
1.576032314550879576e+01 -1.552577510999242349e-16 -6.348293687881804981e-02
1.586504290062845435e+01 -4.683753385137379155e-17 -6.306951753605832822e-02
1.596976265574811649e+01 -8.586881206085195117e-17 -6.266931015381223269e-02
1.607448241086777685e+01 -1.431146867680865853e-16 -6.223969001798294876e-02
1.617920216598743366e+01 -8.847089727481716182e-17 -6.184737851519829521e-02
1.628392192110709402e+01 -1.526556658859590243e-16 -6.148092561143328472e-02
1.638864167622675438e+01 -3.642919299551294898e-17 -6.108798827078239235e-02
1.649336143134641475e+01 8.673617379884035472e-19 -6.069131782796445551e-02
1.659808118646607511e+01 -3.989863994746656317e-17 -6.034320476738528477e-02
1.670280094158573192e+01 -1.153591111524576718e-16 -5.996516311528981430e-02
1.680752069670539228e+01 -1.040834085586084257e-17 -5.959026356166650940e-02
1.691224045182505265e+01 -1.465841337200401995e-16 -5.921549613310295168e-02
1.701696020694471301e+01 -3.035766082959412415e-17 -5.888194751420583462e-02
1.712167996206437337e+01 -1.734723475976807094e-18 -5.851517155502510698e-02
1.722639971718403373e+01 -2.081668171172168513e-17 -5.818102478095826119e-02
1.733111947230369054e+01 -6.418476861114186249e-17 -5.779914183804891331e-02
1.743583922742335091e+01 1.266348137463069179e-16 -5.747610908045163586e-02
1.754055898254301127e+01 2.315855840429037471e-16 -5.714557040690112361e-02
1.764527873766267163e+01 4.250072516143177381e-17 -5.681256848234116086e-02
1.774999849278232844e+01 4.336808689942017736e-17 -5.648512333900974902e-02
1.785471824790198880e+01 -7.806255641895631925e-18 -5.615814927280025209e-02
1.795943800302165272e+01 8.847089727481716182e-17 -5.580919006032521168e-02
1.806415775814131308e+01 2.602085213965210642e-17 -5.547777696693067390e-02
1.816887751326096989e+01 4.163336342344337027e-17 -5.516139419503349184e-02
1.827359726838063025e+01 6.938893903907228378e-18 -5.486974628766054518e-02
1.837831702350029062e+01 -2.949029909160572061e-17 -5.454812516352713914e-02
1.848303677861995098e+01 -5.204170427930421283e-17 -5.425521213656461783e-02
1.858775653373960779e+01 -6.938893903907228378e-18 -5.394399760717576153e-02
1.869247628885926815e+01 3.469446951953614189e-18 -5.365021006894535316e-02
1.879719604397892851e+01 -4.076600168545496672e-17 -5.333500419319078811e-02
