5.235987755982988295e-02 -3.460773334573730153e-16 -1.376048963311072182e+00
1.570796326794896558e-01 -1.647987302177966740e-17 -9.403860741344830521e-01
2.617993877991494078e-01 -1.101549407245272505e-16 -7.469398239244163795e-01
3.665191429188092154e-01 -4.250072516143177381e-17 -6.718755069966260152e-01
4.712388980384689674e-01 -1.084202172485504434e-16 -6.378252495994127802e-01
5.759586531581286639e-01 -9.540979117872439019e-18 -5.981514372522960254e-01
6.806784082777885825e-01 1.994931997373328159e-17 -5.624613366578975482e-01
7.853981633974481680e-01 6.852157730108388023e-17 -5.486197448536035415e-01
8.901179185171080865e-01 -9.540979117872439019e-17 -5.228082188598840441e-01
9.948376736367677831e-01 -5.117434254131580929e-17 -5.121953179894038755e-01
1.099557428756427591e+00 3.209238430557093125e-17 -4.984959549523119149e-01
1.204277183876087287e+00 3.729655473350135253e-17 -4.836963676551835345e-01
1.308996938995747206e+00 -5.811323644522303766e-17 -4.653530827636898071e-01
1.413716694115406902e+00 7.806255641895631925e-18 -4.531133207133811736e-01
1.518436449235066821e+00 8.239936510889833698e-17 -4.389063388467995264e-01
1.623156204354726295e+00 1.222980050563649002e-16 -4.291877484446662283e-01
1.727875959474386214e+00 1.821459649775647449e-16 -4.102767717729962627e-01
1.832595714594045910e+00 1.630640067418198669e-16 -3.989426969733163020e-01
1.937315469713705829e+00 1.882174971434835697e-16 -3.807513722672650758e-01
2.042035224833365525e+00 1.153591111524576718e-16 -3.717071449515202963e-01
2.146754979953025000e+00 -1.500535806719938137e-16 -3.635130260990024897e-01
2.251474735072684918e+00 2.584737979205442571e-16 -3.511119710367606728e-01
2.356194490192344837e+00 2.038300084272748336e-16 -3.411565939404694880e-01
2.460914245312004756e+00 5.984795992119984476e-17 -3.323115944791008580e-01
2.565634000431664230e+00 -1.587271980518778491e-16 -3.192707787467083946e-01
2.670353755551324149e+00 -2.862293735361731706e-17 -3.103553204559869605e-01
2.775073510670984067e+00 1.413799632921097782e-16 -3.036446714969221472e-01
2.879793265790643986e+00 7.025630077706068732e-17 -2.956409307873801295e-01
2.984513020910303460e+00 1.257674520083185143e-16 -2.883295427961947155e-01
3.089232776029963379e+00 3.382710778154773834e-17 -2.814524044209338327e-01
3.193952531149622853e+00 9.974659986866640793e-17 -2.737218914096036793e-01
3.298672286269282772e+00 -3.729655473350135253e-17 -2.667068391198971211e-01
3.403392041388942246e+00 1.665334536937734811e-16 -2.611423608431284737e-01
3.508111796508602165e+00 1.309716224362489356e-16 -2.544325174860909700e-01
3.612831551628262083e+00 1.760744328116459201e-16 -2.478292719204790995e-01
3.717551306747922002e+00 3.807718029769091572e-16 -2.424992830801321886e-01
3.822271061867581476e+00 -2.836272883222079599e-16 -2.371861670459172178e-01
3.926990816987241395e+00 1.240327285323417073e-16 -2.311841203605888295e-01
4.031710572106900869e+00 3.200564813177209089e-16 -2.259780658310104329e-01
4.136430327226561232e+00 4.015884846886308424e-16 -2.216280080054718327e-01
4.241150082346220707e+00 2.558717127065790464e-16 -2.183435202494309058e-01
4.345869837465881069e+00 1.604619215278546562e-16 -2.136023203692876127e-01
4.450589592585540544e+00 1.647987302177966740e-16 -2.085642342374851022e-01
4.555309347705200018e+00 1.708702623837154988e-16 -2.042676520429905773e-01
4.660029102824860381e+00 5.984795992119984476e-17 -2.014624177050871323e-01
4.764748857944519855e+00 1.387778780781445676e-16 -1.969938486203258177e-01
4.869468613064179330e+00 2.818925648462311528e-16 -1.930965875518051711e-01
4.974188368183839692e+00 3.287300986976049444e-16 -1.897586873902115667e-01
5.078908123303498279e+00 2.923009057020919954e-16 -1.865868929134544552e-01
5.183627878423158641e+00 2.437286483747413968e-16 -1.823490857978711521e-01
5.288347633542818116e+00 1.431146867680865853e-16 -1.805132726387925768e-01
5.393067388662477590e+00 -1.301042606982605321e-17 -1.764479407473523720e-01
5.497787143782137953e+00 2.515349040166370287e-17 -1.737413279820535505e-01
5.602506898901797427e+00 8.153200337090993344e-17 -1.706381463167437329e-01
5.707226654021456902e+00 1.500535806719938137e-16 -1.676620618662544859e-01
5.811946409141117265e+00 2.090341788552052549e-16 -1.641038581421201403e-01
5.916666164260776739e+00 1.032160468206200221e-16 -1.626037110526241392e-01
6.021385919380437102e+00 4.770489558936219510e-17 -1.591499895754080740e-01
6.126105674500096576e+00 1.101549407245272505e-16 -1.565439417709433845e-01
6.230825429619756051e+00 -1.509209424099822172e-16 -1.547129101867981138e-01
6.335545184739416413e+00 1.292368989602721285e-16 -1.527286584584342244e-01
6.440264939859075888e+00 1.275021754842953214e-16 -1.503569948155247804e-01
6.544984694978735362e+00 -1.908195823574487804e-17 -1.477337528395072652e-01
6.649704450098395725e+00 6.071532165918824830e-18 -1.449616410983906034e-01
6.754424205218055199e+00 -6.852157730108388023e-17 -1.438162597411846710e-01
6.859143960337715562e+00 1.760744328116459201e-16 -1.408349767995568658e-01
6.963863715457375037e+00 2.341876692568689577e-17 -1.395301674972384554e-01
7.068583470577034511e+00 -1.301042606982605321e-17 -1.381024397531078751e-01
7.173303225696694874e+00 -6.158268339717665185e-17 -1.357582637545208248e-01
7.278022980816354348e+00 -1.361757928641793569e-16 -1.337675277021363185e-01
7.382742735936013823e+00 -1.058181320345852328e-16 -1.323808823913447674e-01
7.487462491055674185e+00 2.185751579730776939e-16 -1.306446215326133586e-01
7.592182246175332772e+00 6.071532165918824830e-18 -1.285604799351286465e-01
7.696902001294993134e+00 -6.765421556309547668e-17 -1.274552823616814379e-01
7.801621756414652609e+00 4.943961906533900219e-17 -1.256569027821539397e-01
7.906341511534312083e+00 4.943961906533900219e-17 -1.237702641547554216e-01
8.011061266653973334e+00 -4.597017211338538800e-17 -1.222884376126554540e-01
8.115781021773631920e+00 1.127570259384924611e-17 -1.209328398928309900e-01
8.220500776893292283e+00 -1.587271980518778491e-16 -1.194448692847337457e-01
8.325220532012952646e+00 -2.159730727591124833e-16 -1.180024784475634247e-01
8.429940287132611232e+00 -2.844946500601963635e-16 -1.164981181310610070e-01
8.534660042252271595e+00 6.852157730108388023e-17 -1.149305144993095912e-01
8.639379797371930181e+00 6.132247487578013079e-16 -1.139603956807044571e-01
8.744099552491592320e+00 2.732189474663471174e-16 -1.123802928520240552e-01
8.848819307611250906e+00 1.647987302177966740e-16 -1.111493310215048991e-01
8.953539062730909492e+00 3.599551212651874721e-16 -1.095939523014326372e-01
9.058258817850569855e+00 2.298508605669269400e-16 -1.085463164903716776e-01
9.162978572970228441e+00 1.899522206194603768e-16 -1.073871238409046663e-01
9.267698328089890580e+00 -1.821459649775647449e-17 -1.060879836277011379e-01
9.372418083209549167e+00 -1.205632815803880931e-16 -1.051729773421316294e-01
9.477137838329209529e+00 1.691355389077386917e-16 -1.039694520855846682e-01
9.581857593448868116e+00 2.628106066104862748e-16 -1.029843759766599642e-01
9.686577348568528478e+00 -1.405126015541213746e-16 -1.018414796661546162e-01
9.791297103688188841e+00 -1.994931997373328159e-17 -1.012694864669527461e-01
9.896016858807849204e+00 -3.634245682171410863e-16 -1.002003681409336794e-01
1.000073661392750779e+01 -3.799044412389207537e-16 -9.876902981776079782e-02
1.010545636904716815e+01 2.697495005143935032e-16 -9.813508639512869003e-02
1.021017612416682674e+01 6.071532165918824830e-18 -9.707659548421626594e-02
1.031489587928648710e+01 -1.023486850826316186e-16 -9.600649301489364018e-02
1.041961563440614746e+01 -5.204170427930421283e-17 -9.526618174721410148e-02
1.052433538952580783e+01 -1.717376241217039023e-16 -9.427361990832533456e-02
1.062905514464546641e+01 -2.177077962350892903e-16 -9.311541707608517182e-02
1.073377489976512678e+01 -6.331740687315345895e-17 -9.214575102951400032e-02
1.083849465488478536e+01 -2.740863092043355209e-16 -9.168083969392658295e-02
1.094321441000444750e+01 -2.784231178942775387e-16 -9.084696726848309756e-02
1.104793416512410609e+01 -2.610758831345094677e-16 -8.984251652512470487e-02
1.115265392024376645e+01 -2.810252031082427493e-16 -8.885654004523851901e-02
1.125737367536342504e+01 -1.110223024625156540e-16 -8.803646363302602973e-02
1.136209343048308362e+01 -5.889386200941260086e-16 -8.770715807340474790e-02
1.146681318560274576e+01 -2.445960101127298003e-16 -8.682765514174811683e-02
1.157153294072240435e+01 -1.465841337200401995e-16 -8.566454273298577948e-02
1.167625269584206471e+01 -2.307182223049153436e-16 -8.495292135300469560e-02
1.178097245096172330e+01 -2.055647319032516407e-16 -8.459470173019030537e-02
1.188569220608138366e+01 -3.582203977892106650e-16 -8.377903039209144698e-02
1.199041196120104225e+01 -2.341876692568689577e-16 -8.308832271532343161e-02
1.209513171632070438e+01 -2.064320936412400442e-16 -8.225989185520907188e-02
1.219985147144036297e+01 -1.647987302177966740e-17 -8.145682319890863721e-02
1.230457122656002333e+01 -1.075528555105620399e-16 -8.084741938258176164e-02
1.240929098167968192e+01 -1.431146867680865853e-16 -8.033825578210493368e-02
1.251401073679934228e+01 1.977584762613560088e-16 -7.971962193376903871e-02
1.261873049191900265e+01 2.784231178942775387e-16 -7.889556663530611358e-02
1.272345024703866301e+01 -6.938893903907228378e-18 -7.842195980401658884e-02
1.282817000215832159e+01 -2.524022657546254322e-16 -7.769649318458489440e-02
1.293288975727798196e+01 -1.361757928641793569e-16 -7.722121774406801031e-02
1.303760951239764054e+01 -2.428612866367529932e-17 -7.659745336208137467e-02
1.314232926751730268e+01 -7.025630077706068732e-17 -7.569615639262917972e-02
1.324704902263696127e+01 -1.752070710736575165e-16 -7.534932127785741451e-02
1.335176877775662163e+01 -1.431146867680865853e-16 -7.465522221509007794e-02
1.345648853287628022e+01 -2.792904796322659422e-16 -7.414287212112580239e-02
1.356120828799594058e+01 -2.498001805406602216e-16 -7.346379150516849088e-02
1.366592804311559917e+01 -9.974659986866640793e-17 -7.314564634182592340e-02
1.377064779823526131e+01 1.353084311261909534e-16 -7.239539564406029248e-02
1.387536755335491989e+01 -9.540979117872439019e-17 -7.203132503730018399e-02
1.398008730847457848e+01 -1.014813233446432150e-16 -7.144399545894628001e-02
1.408480706359423884e+01 -1.838806884535415520e-16 -7.082319819064686328e-02
1.418952681871389743e+01 -8.760353553682875827e-17 -7.052115157316241056e-02
1.429424657383355957e+01 -1.188285581044112860e-16 -6.981931438542270107e-02
1.439896632895321815e+01 -1.179611963664228824e-16 -6.932404988563445336e-02
1.450368608407287851e+01 -1.023486850826316186e-16 -6.877699228116981867e-02
1.460840583919253710e+01 -8.673617379884035472e-17 -6.841410720348486962e-02
1.471312559431219746e+01 -5.724587470723463412e-17 -6.780434705896642988e-02
1.481784534943185783e+01 -1.014813233446432150e-16 -6.727648342146320959e-02
1.492256510455151819e+01 -1.136243876764808647e-16 -6.702021135829039356e-02
1.502728485967117678e+01 -6.678685382510707313e-17 -6.655891719153422814e-02
1.513200461479083714e+01 -9.194034422677077600e-17 -6.612039778153308567e-02
1.523672436991049572e+01 -1.500535806719938137e-16 -6.567137506279682735e-02
1.534144412503015609e+01 -1.023486850826316186e-16 -6.542330774068974564e-02
1.544616388014981645e+01 -8.153200337090993344e-17 -6.493209880346947904e-02
1.555088363526947681e+01 -8.239936510889833698e-17 -6.438501793352199853e-02
1.565560339038913540e+01 -1.040834085586084257e-16 -6.406320392591431656e-02
1.576032314550879576e+01 -1.110223024625156540e-16 -6.359684394681307251e-02
1.586504290062845435e+01 -8.847089727481716182e-17 -6.318499010625217016e-02
1.596976265574811649e+01 -5.030698080332740574e-17 -6.262744627316546575e-02
1.607448241086777685e+01 -1.405126015541213746e-16 -6.238295003107618975e-02
1.617920216598743366e+01 -5.117434254131580929e-17 -6.191280189796154187e-02
1.628392192110709402e+01 -7.112366251504909087e-17 -6.148057905525517591e-02
1.638864167622675438e+01 1.249000902703301108e-16 -6.120942827169224831e-02
1.649336143134641475e+01 -6.505213034913026604e-17 -6.069258972526528351e-02
1.659808118646607511e+01 -1.569924745759010420e-16 -6.046278528737662750e-02
1.670280094158573192e+01 -1.309716224362489356e-16 -6.001627555522923152e-02
1.680752069670539228e+01 -8.500145032286354763e-17 -5.968088860737086332e-02
1.691224045182505265e+01 -6.938893903907228378e-17 -5.925087752264399099e-02
1.701696020694471301e+01 -3.295974604355933479e-17 -5.902274459548519786e-02
1.712167996206437337e+01 -4.336808689942017736e-18 -5.850413431757865018e-02
1.722639971718403373e+01 -5.377642775528101993e-17 -5.814605914388747132e-02
1.733111947230369054e+01 -9.540979117872439019e-17 -5.787051020251354760e-02
1.743583922742335091e+01 6.591949208711866959e-17 -5.748009486284612335e-02
1.754055898254301127e+01 1.578598363138894456e-16 -5.721724045069290915e-02
1.764527873766267163e+01 1.049507702965968292e-16 -5.680242131920418269e-02
1.774999849278232844e+01 -1.387778780781445676e-17 -5.648946926591104367e-02
1.785471824790198880e+01 2.428612866367529932e-17 -5.622903549996188799e-02
1.795943800302165272e+01 9.540979117872439019e-18 -5.593209390583570723e-02
1.806415775814131308e+01 -4.336808689942017736e-17 -5.556681449607005913e-02
1.816887751326096989e+01 -3.989863994746656317e-17 -5.520298612479524608e-02
1.827359726838063025e+01 -9.887923813067800438e-17 -5.489996508966943356e-02
1.837831702350029062e+01 -4.597017211338538800e-17 -5.456063969091853871e-02
1.848303677861995098e+01 -1.994931997373328159e-17 -5.438480886150437454e-02
1.858775653373960779e+01 -2.688821387764050996e-17 -5.409304245721005544e-02
1.869247628885926815e+01 -5.290906601729261638e-17 -5.366664462557632631e-02
1.879719604397892851e+01 -1.821459649775647449e-16 -5.334216308991193700e-02
