5.235987755982988295e-02 5.082739784612044787e-16 -4.705877383919097184e-02
1.570796326794896558e-01 4.466912950640278268e-16 -1.356074131562830520e-01
2.617993877991494078e-01 2.072994553792284478e-16 -2.100684648111719732e-01
3.665191429188092154e-01 1.101549407245272505e-16 -2.671247840726944656e-01
4.712388980384689674e-01 4.336808689942017736e-18 -3.075135422854547440e-01
5.759586531581286639e-01 -1.118896642005040576e-16 -3.340224232851936592e-01
6.806784082777885825e-01 -1.136243876764808647e-16 -3.501903672359911179e-01
7.853981633974481680e-01 1.821459649775647449e-17 -3.594942476444588642e-01
8.901179185171080865e-01 7.372574772901430151e-17 -3.647186168522201788e-01
9.948376736367677831e-01 1.882174971434835697e-16 -3.676313316177359791e-01
1.099557428756427591e+00 1.821459649775647449e-16 -3.690980203384983671e-01
1.204277183876087287e+00 1.977584762613560088e-16 -3.694277574832991462e-01
1.308996938995747206e+00 1.726049858596923059e-16 -3.686410750190570740e-01
1.413716694115406902e+00 1.856154119295183591e-16 -3.665654395760865603e-01
1.518436449235066821e+00 8.326672684688674053e-17 -3.629572216223392322e-01
1.623156204354726295e+00 1.908195823574487804e-17 -3.577318929060241959e-01
1.727875959474386214e+00 5.637851296924623057e-17 -3.511133402652475977e-01
1.832595714594045910e+00 6.505213034913026604e-17 -3.435735060969630772e-01
1.937315469713705829e+00 1.396452398161329711e-16 -3.356586362597276940e-01
2.042035224833365525e+00 1.708702623837154988e-16 -3.278515564432374352e-01
2.146754979953025000e+00 1.994931997373328159e-16 -3.204977819536174999e-01
2.251474735072684918e+00 2.801578413702543457e-16 -3.137472869141219034e-01
2.356194490192344837e+00 3.035766082959412415e-16 -3.075210243719029846e-01
2.460914245312004756e+00 2.628106066104862748e-16 -3.015689817854715349e-01
2.565634000431664230e+00 1.344410693882025498e-16 -2.955982137249581476e-01
2.670353755551324149e+00 5.290906601729261638e-17 -2.894026729484990845e-01
2.775073510670984067e+00 4.943961906533900219e-17 -2.829376810752003424e-01
2.879793265790643986e+00 3.035766082959412415e-17 -2.763177400524685634e-01
2.984513020910303460e+00 3.989863994746656317e-17 -2.697513596146913217e-01
3.089232776029963379e+00 7.199102425303749442e-17 -2.634478086272082908e-01
3.193952531149622853e+00 1.474514954580286030e-17 -2.575396999173172885e-01
3.298672286269282772e+00 6.852157730108388023e-17 -2.520596843965994815e-01
3.403392041388942246e+00 1.968911145233676052e-16 -2.469523316823319659e-01
3.508111796508602165e+00 1.630640067418198669e-16 -2.420942055968176021e-01
3.612831551628262083e+00 1.639313684798082704e-16 -2.373296017529074597e-01
3.717551306747922002e+00 1.465841337200401995e-16 -2.325363496902800586e-01
3.822271061867581476e+00 2.072994553792284478e-16 -2.276831117823059358e-01
3.926990816987241395e+00 2.220446049250313081e-16 -2.228248678693798279e-01
4.031710572106900869e+00 2.949029909160572061e-16 -2.180479292472928543e-01
4.136430327226561232e+00 2.437286483747413968e-16 -2.134314972870010596e-01
4.241150082346220707e+00 1.613292832658430598e-16 -2.090467459352625679e-01
4.345869837465881069e+00 2.333203075188805542e-16 -2.049507196312319313e-01
4.450589592585540544e+00 2.975050761300224167e-16 -2.011529243895393559e-01
4.555309347705200018e+00 2.437286483747413968e-16 -1.976008920431014115e-01
4.660029102824860381e+00 2.749536709423239245e-16 -1.942163174288613625e-01
4.764748857944519855e+00 2.107689023311820620e-16 -1.909388913708485735e-01
4.869468613064179330e+00 2.836272883222079599e-16 -1.877321454799769085e-01
4.974188368183839692e+00 2.732189474663471174e-16 -1.845658823386756298e-01
5.078908123303498279e+00 3.183217578417441018e-16 -1.814186894401805805e-01
5.183627878423158641e+00 2.454633718507182039e-16 -1.782975229413320539e-01
5.288347633542818116e+00 1.951563910473907981e-16 -1.752347661813302149e-01
5.393067388662477590e+00 2.419939248987645897e-16 -1.722593011943900632e-01
5.497787143782137953e+00 2.810252031082427493e-16 -1.693776071943380035e-01
5.602506898901797427e+00 2.524022657546254322e-16 -1.665858499192245379e-01
5.707226654021456902e+00 2.463307335887066074e-16 -1.638877972789801740e-01
5.811946409141117265e+00 3.027092465579528380e-16 -1.612902330266300643e-01
5.916666164260776739e+00 2.784231178942775387e-16 -1.587874459643688896e-01
6.021385919380437102e+00 3.044439700339296451e-16 -1.563618737758230015e-01
6.126105674500096576e+00 3.027092465579528380e-16 -1.540010637574065755e-01
6.230825429619756051e+00 2.732189474663471174e-16 -1.517091908462140093e-01
6.335545184739416413e+00 2.949029909160572061e-16 -1.494971036457207192e-01
6.440264939859075888e+00 1.934216675714139910e-16 -1.473685559633579611e-01
6.544984694978735362e+00 2.107689023311820620e-16 -1.453198856233379188e-01
6.649704450098395725e+00 1.656660919557850775e-16 -1.433436066118797814e-01
6.754424205218055199e+00 1.231653667943533037e-16 -1.414288293090517901e-01
6.859143960337715562e+00 1.170938346284344789e-16 -1.395619498856844887e-01
6.963863715457375037e+00 2.610758831345094677e-16 -1.377302994574065298e-01
7.068583470577034511e+00 1.804112415015879378e-16 -1.359262342735624296e-01
7.173303225696694874e+00 1.890848588814719733e-16 -1.341469326053708055e-01
7.278022980816354348e+00 2.341876692568689577e-16 -1.323904527107201967e-01
7.382742735936013823e+00 1.691355389077386917e-16 -1.306539740851954956e-01
7.487462491055674185e+00 3.113828639378368734e-16 -1.289343785562318823e-01
7.592182246175332772e+00 2.203098814490545010e-16 -1.272317272510628539e-01
7.696902001294993134e+00 1.353084311261909534e-16 -1.255515300924612554e-01
7.801621756414652609e+00 2.194425197110660974e-16 -1.239046434487916237e-01
7.906341511534312083e+00 1.309716224362489356e-16 -1.223074787181713530e-01
8.011061266653973334e+00 1.760744328116459201e-16 -1.207782601569722392e-01
8.115781021773631920e+00 1.752070710736575165e-16 -1.193284495427119618e-01
8.220500776893292283e+00 1.483188571960170066e-16 -1.179590829959436815e-01
8.325220532012952646e+00 1.700029006457270953e-16 -1.166630767461848961e-01
8.429940287132611232e+00 1.604619215278546562e-16 -1.154282373009071772e-01
8.534660042252271595e+00 2.289834988289385365e-16 -1.142364344983839014e-01
8.639379797371930181e+00 3.599551212651874721e-16 -1.130653551673883872e-01
8.744099552491592320e+00 3.261280134836397337e-16 -1.118947146028629047e-01
8.848819307611250906e+00 1.656660919557850775e-16 -1.107091810828641498e-01
8.953539062730909492e+00 2.940356291780688025e-16 -1.094972162083793499e-01
9.058258817850569855e+00 2.350550309948573613e-16 -1.082533867569923508e-01
9.162978572970228441e+00 1.639313684798082704e-16 -1.069846870582454312e-01
9.267698328089890580e+00 1.361757928641793569e-16 -1.057150179135786655e-01
9.372418083209549167e+00 1.361757928641793569e-16 -1.044788556766061416e-01
9.477137838329209529e+00 1.006139616066548115e-16 -1.033063866111682411e-01
9.581857593448868116e+00 8.500145032286354763e-17 -1.022129518926760267e-01
9.686577348568528478e+00 -3.209238430557093125e-17 -1.011990104639006738e-01
9.791297103688188841e+00 -1.821459649775647449e-17 -1.002512987061753430e-01
9.896016858807849204e+00 -9.454242944073598665e-17 -9.934138977802282888e-02
1.000073661392750779e+01 -2.411265631607761861e-16 -9.843174235224295965e-02
1.010545636904716815e+01 -1.162264728904460753e-16 -9.749113986556290357e-02
1.021017612416682674e+01 -7.892991815694472280e-17 -9.650718816560457936e-02
1.031489587928648710e+01 -2.125036258071588691e-16 -9.548765846822671044e-02
1.041961563440614746e+01 -2.272487753529617294e-16 -9.445567378778553513e-02
1.052433538952580783e+01 -2.671474153004282925e-16 -9.344205145475900642e-02
1.062905514464546641e+01 -2.038300084272748336e-16 -9.247689097661079827e-02
1.073377489976512678e+01 -2.662800535624398890e-16 -9.158195104344271642e-02
1.083849465488478536e+01 -2.706168622523819067e-16 -9.076593089084189492e-02
1.094321441000444750e+01 -2.376571162088225719e-16 -9.002248825455869130e-02
1.104793416512410609e+01 -2.853620117981847670e-16 -8.933125523688915937e-02
1.115265392024376645e+01 -3.651592916931178934e-16 -8.866207879379188472e-02
1.125737367536342504e+01 -3.608224830031758756e-16 -8.798243091354687739e-02
1.136209343048308362e+01 -3.313321839115701550e-16 -8.729447370311338439e-02
1.146681318560274576e+01 -3.001071613439876273e-16 -8.653152877391606657e-02
1.157153294072240435e+01 -3.096481404618600664e-16 -8.572761061567618635e-02
1.167625269584206471e+01 -2.749536709423239245e-16 -8.490316458524330145e-02
1.178097245096172330e+01 -2.992397996059992238e-16 -8.408552811736134946e-02
1.188569220608138366e+01 -2.142383492831356762e-16 -8.330143251145490091e-02
1.199041196120104225e+01 -2.229119666630197116e-16 -8.257053933397252854e-02
1.209513171632070438e+01 -2.194425197110660974e-16 -8.189982290095179640e-02
1.219985147144036297e+01 -2.359223927328457648e-16 -8.128137021634332382e-02
1.230457122656002333e+01 -1.899522206194603768e-16 -8.069586869342632030e-02
1.240929098167968192e+01 -2.081668171172168513e-16 -8.011921977728168887e-02
1.251401073679934228e+01 -1.509209424099822172e-16 -7.952852131866323948e-02
1.261873049191900265e+01 -1.222980050563649002e-16 -7.890698657558840867e-02
1.272345024703866301e+01 -1.405126015541213746e-16 -7.824915037929955353e-02
1.282817000215832159e+01 -2.072994553792284478e-16 -7.756372766819154274e-02
1.293288975727798196e+01 -1.405126015541213746e-16 -7.687043346700583868e-02
1.303760951239764054e+01 -1.006139616066548115e-16 -7.619205661370644089e-02
1.314232926751730268e+01 -1.249000902703301108e-16 -7.554666015562960801e-02
1.324704902263696127e+01 -1.465841337200401995e-16 -7.494408327897025823e-02
1.335176877775662163e+01 -8.760353553682875827e-17 -7.438619574301481852e-02
1.345648853287628022e+01 -1.092875789865388469e-16 -7.386674559203741663e-02
1.356120828799594058e+01 -1.084202172485504434e-16 -7.337189798034458865e-02
1.366592804311559917e+01 -1.379105163401561640e-16 -7.288515599410164136e-02
1.377064779823526131e+01 -1.240327285323417073e-16 -7.239403664784851977e-02
1.387536755335491989e+01 -1.188285581044112860e-16 -7.189343789649151051e-02
1.398008730847457848e+01 -1.092875789865388469e-16 -7.138498939292886591e-02
1.408480706359423884e+01 -8.413408858487514408e-17 -7.087460066232019462e-02
1.418952681871389743e+01 -6.331740687315345895e-17 -7.036994319378832297e-02
1.429424657383355957e+01 -1.335737076502141463e-16 -6.987716431464827127e-02
1.439896632895321815e+01 -1.188285581044112860e-16 -6.939766232210496655e-02
1.450368608407287851e+01 -1.136243876764808647e-16 -6.892788722050988137e-02
1.460840583919253710e+01 -1.092875789865388469e-16 -6.846200160435171600e-02
1.471312559431219746e+01 -7.806255641895631925e-17 -6.799511164668144148e-02
1.481784534943185783e+01 -6.245004513516505540e-17 -6.752460011150088204e-02
1.492256510455151819e+01 -8.760353553682875827e-17 -6.705039840844652377e-02
1.502728485967117678e+01 -9.107298248878237246e-17 -6.657534603499698500e-02
1.513200461479083714e+01 -1.144917494144692682e-16 -6.610433727861991793e-02
1.523672436991049572e+01 -9.020562075079396891e-17 -6.564271866983478754e-02
1.534144412503015609e+01 -6.765421556309547668e-17 -6.519472731575205737e-02
1.544616388014981645e+01 -7.372574772901430151e-17 -6.476218645299097743e-02
1.555088363526947681e+01 -1.023486850826316186e-16 -6.434411681467855360e-02
1.565560339038913540e+01 -1.014813233446432150e-16 -6.393747012128908613e-02
1.576032314550879576e+01 -1.006139616066548115e-16 -6.353769227855129986e-02
1.586504290062845435e+01 -1.032160468206200221e-16 -6.314004073925455485e-02
1.596976265574811649e+01 -5.898059818321144121e-17 -6.274210775063203405e-02
1.607448241086777685e+01 -5.811323644522303766e-17 -6.234543926374407768e-02
1.617920216598743366e+01 -8.500145032286354763e-17 -6.195477551499463387e-02
1.628392192110709402e+01 -7.806255641895631925e-17 -6.157530200891462441e-02
1.638864167622675438e+01 -6.158268339717665185e-17 -6.121034210476229698e-02
1.649336143134641475e+01 -9.540979117872439019e-17 -6.085998172714800203e-02
1.659808118646607511e+01 -7.719519468096791570e-17 -6.052003319521923747e-02
1.670280094158573192e+01 -7.112366251504909087e-17 -6.018234162629994277e-02
1.680752069670539228e+01 -3.209238430557093125e-17 -5.983743955655847213e-02
1.691224045182505265e+01 -5.984795992119984476e-17 -5.947860752388589578e-02
1.701696020694471301e+01 -7.112366251504909087e-17 -5.910420564954393940e-02
1.712167996206437337e+01 -3.295974604355933479e-17 -5.871720066773023633e-02
1.722639971718403373e+01 -6.852157730108388023e-17 -5.832435323675403543e-02
1.733111947230369054e+01 -8.500145032286354763e-17 -5.793568534853453522e-02
1.743583922742335091e+01 -4.510281037539698445e-17 -5.756219926026649725e-02
1.754055898254301127e+01 -2.688821387764050996e-17 -5.721201462213630629e-02
1.764527873766267163e+01 -4.770489558936219510e-17 -5.688720172602404479e-02
1.774999849278232844e+01 -4.943961906533900219e-17 -5.658333210662890023e-02
1.785471824790198880e+01 -5.117434254131580929e-17 -5.629172505976318130e-02
1.795943800302165272e+01 -6.418476861114186249e-17 -5.600229653468995206e-02
1.806415775814131308e+01 -3.989863994746656317e-17 -5.570580146688936668e-02
1.816887751326096989e+01 -6.158268339717665185e-17 -5.539604900506854557e-02
1.827359726838063025e+01 -4.943961906533900219e-17 -5.507188155521254569e-02
1.837831702350029062e+01 -6.678685382510707313e-17 -5.473760539297119893e-02
1.848303677861995098e+01 -6.591949208711866959e-17 -5.440132759245951133e-02
1.858775653373960779e+01 -6.331740687315345895e-17 -5.407242381875031201e-02
1.869247628885926815e+01 -7.806255641895631925e-17 -5.375919046365044279e-02
1.879719604397892851e+01 -7.285838599102589797e-17 -5.346664455731021948e-02
