5.235987755982988295e-02 5.438358097187290241e-16 -6.396101762649594735e-02
1.570796326794896558e-01 4.917941054394248113e-16 -1.803886002544597134e-01
2.617993877991494078e-01 5.004677228193088467e-16 -2.701172238502389522e-01
3.665191429188092154e-01 6.236330896136621504e-16 -3.311596879132110982e-01
4.712388980384689674e-01 6.617970060851519065e-16 -3.688971730891331124e-01
5.759586531581286639e-01 5.126107871511464964e-16 -3.903126352276817812e-01
6.806784082777885825e-01 2.107689023311820620e-16 -4.017496355746549286e-01
7.853981633974481680e-01 2.341876692568689577e-17 -4.079673509952245203e-01
8.901179185171080865e-01 2.688821387764050996e-17 -4.115625676902979202e-01
9.948376736367677831e-01 2.038300084272748336e-16 -4.131997480733216044e-01
1.099557428756427591e+00 4.623038063478190907e-16 -4.126196027896717466e-01
1.204277183876087287e+00 6.357761539454998001e-16 -4.095818652673299809e-01
1.308996938995747206e+00 6.591949208711866959e-16 -4.042009005998510318e-01
1.413716694115406902e+00 5.915407053080912192e-16 -3.969097846768844251e-01
1.518436449235066821e+00 3.651592916931178934e-16 -3.883478691652093584e-01
1.623156204354726295e+00 1.639313684798082704e-16 -3.792724430281210202e-01
1.727875959474386214e+00 6.071532165918824830e-18 -3.703506972812658504e-01
1.832595714594045910e+00 4.770489558936219510e-17 -3.618944593952190258e-01
1.937315469713705829e+00 1.587271980518778491e-16 -3.538064249200800759e-01
2.042035224833365525e+00 3.434752482434078047e-16 -3.457878664098015253e-01
2.146754979953025000e+00 4.969982758673552325e-16 -3.376222085869154954e-01
2.251474735072684918e+00 6.245004513516505540e-16 -3.293120276106156208e-01
2.356194490192344837e+00 6.080205783298708866e-16 -3.210737613224349807e-01
2.460914245312004756e+00 3.929148673087468069e-16 -3.132318835325877959e-01
2.565634000431664230e+00 2.628106066104862748e-16 -3.059854770650449751e-01
2.670353755551324149e+00 -1.821459649775647449e-17 -2.992015506726976026e-01
2.775073510670984067e+00 3.903127820947815962e-17 -2.925121645477169463e-01
2.879793265790643986e+00 8.066464163292152989e-17 -2.856053698164059962e-01
2.984513020910303460e+00 1.552577510999242349e-16 -2.784177024979858639e-01
3.089232776029963379e+00 2.281161370909501329e-16 -2.711357839179230345e-01
3.193952531149622853e+00 4.119968255444916849e-16 -2.640835606883560338e-01
3.298672286269282772e+00 3.712308238590367182e-16 -2.576094966751720228e-01
3.403392041388942246e+00 3.608224830031758756e-16 -2.519381475992014119e-01
3.508111796508602165e+00 3.356689926015121728e-16 -2.470106897111279953e-01
3.612831551628262083e+00 2.489328188026718180e-16 -2.424764377123149184e-01
3.717551306747922002e+00 2.593411596585326606e-16 -2.379029140167710221e-01
3.822271061867581476e+00 2.307182223049153436e-16 -2.330127600277114297e-01
3.926990816987241395e+00 3.564856743132338579e-16 -2.277566620488123972e-01
4.031710572106900869e+00 4.206704429243757204e-16 -2.222616377413157707e-01
4.136430327226561232e+00 4.675079767757495119e-16 -2.167854294891123079e-01
4.241150082346220707e+00 3.773023560249555430e-16 -2.116697934768385636e-01
4.345869837465881069e+00 3.981190377366772282e-16 -2.072077541893319053e-01
4.450589592585540544e+00 3.512815038853034366e-16 -2.034754444862294231e-01
4.555309347705200018e+00 3.096481404618600664e-16 -2.002846513772581216e-01
4.660029102824860381e+00 2.914335439641035919e-16 -1.973075431885034647e-01
4.764748857944519855e+00 4.119968255444916849e-16 -1.942434837226760802e-01
4.869468613064179330e+00 3.963843142607004211e-16 -1.909164124417682129e-01
4.974188368183839692e+00 4.987329993433320396e-16 -1.873020904590514124e-01
5.078908123303498279e+00 4.518954654919582481e-16 -1.835332470855827458e-01
5.183627878423158641e+00 4.744468706796567403e-16 -1.798530034863200788e-01
5.288347633542818116e+00 4.172009959724221062e-16 -1.764828916260521574e-01
5.393067388662477590e+00 3.929148673087468069e-16 -1.735051470285275399e-01
5.497787143782137953e+00 3.651592916931178934e-16 -1.708465886437967041e-01
5.602506898901797427e+00 3.773023560249555430e-16 -1.683427245943023287e-01
5.707226654021456902e+00 3.764349942869671395e-16 -1.658238502010236370e-01
5.811946409141117265e+00 4.432218481120742126e-16 -1.631895409492360449e-01
5.916666164260776739e+00 4.683753385137379155e-16 -1.604522543687895708e-01
6.021385919380437102e+00 3.807718029769091572e-16 -1.577234302124908560e-01
6.126105674500096576e+00 4.067926551165612636e-16 -1.551467461301497819e-01
6.230825429619756051e+00 3.599551212651874721e-16 -1.528196896167392238e-01
6.335545184739416413e+00 2.975050761300224167e-16 -1.507336986781396271e-01
6.440264939859075888e+00 2.697495005143935032e-16 -1.487716977246607841e-01
6.544984694978735362e+00 2.714842239903703103e-16 -1.467764134759795558e-01
6.649704450098395725e+00 3.252606517456513302e-16 -1.446479195272269702e-01
6.754424205218055199e+00 3.478120569333498224e-16 -1.424027495550756472e-01
6.859143960337715562e+00 3.660266534311062969e-16 -1.401533634208300128e-01
6.963863715457375037e+00 1.474514954580286030e-16 -1.380308683958058058e-01
7.068583470577034511e+00 3.044439700339296451e-16 -1.361129136459403033e-01
7.173303225696694874e+00 1.899522206194603768e-16 -1.343987233295645123e-01
7.278022980816354348e+00 2.766883944183007316e-16 -1.328277104518283958e-01
7.382742735936013823e+00 2.558717127065790464e-16 -1.313124705615452970e-01
7.487462491055674185e+00 4.137315490204684920e-16 -1.297664324558464588e-01
7.592182246175332772e+00 2.870967352741615741e-16 -1.281334940424784796e-01
7.696902001294993134e+00 3.252606517456513302e-16 -1.264064021682274053e-01
7.801621756414652609e+00 3.781697177629439466e-16 -1.246194308563846886e-01
7.906341511534312083e+00 3.599551212651874721e-16 -1.228316321954405627e-01
8.011061266653973334e+00 2.827599265842195564e-16 -1.211075256226794294e-01
8.115781021773631920e+00 1.812786032395763414e-16 -1.194989956442613632e-01
8.220500776893292283e+00 3.356689926015121728e-16 -1.180355628880722929e-01
8.325220532012952646e+00 2.775557561562891351e-16 -1.167206030068056177e-01
8.429940287132611232e+00 2.870967352741615741e-16 -1.155290502891963000e-01
8.534660042252271595e+00 3.712308238590367182e-16 -1.144108822571185680e-01
8.639379797371930181e+00 4.536301889679350552e-16 -1.133069139145681803e-01
8.744099552491592320e+00 4.154662724964452991e-16 -1.121720678510383373e-01
8.848819307611250906e+00 3.374037160774889799e-16 -1.109882419033455803e-01
8.953539062730909492e+00 3.894454203567931927e-16 -1.097605786286030977e-01
9.058258817850569855e+00 4.241398898763293346e-16 -1.085075670274654874e-01
9.162978572970228441e+00 4.224051664003525275e-16 -1.072506332252194244e-01
9.267698328089890580e+00 3.512815038853034366e-16 -1.060099165892984530e-01
9.372418083209549167e+00 3.356689926015121728e-16 -1.048026200936034297e-01
9.477137838329209529e+00 2.810252031082427493e-16 -1.036406665864166021e-01
9.581857593448868116e+00 2.975050761300224167e-16 -1.025312634032684300e-01
9.686577348568528478e+00 1.977584762613560088e-16 -1.014813674748578781e-01
9.791297103688188841e+00 2.185751579730776939e-16 -1.004969074708603749e-01
9.896016858807849204e+00 1.465841337200401995e-16 -9.957205239370199579e-02
1.000073661392750779e+01 9.540979117872439019e-18 -9.868228916634291803e-02
1.010545636904716815e+01 5.290906601729261638e-17 -9.779465095560370413e-02
1.021017612416682674e+01 4.076600168545496672e-17 -9.688314805980532962e-02
1.031489587928648710e+01 0.000000000000000000e+00 -9.593517983279860328e-02
1.041961563440614746e+01 -4.597017211338538800e-17 -9.495406233077360869e-02
1.052433538952580783e+01 -8.847089727481716182e-17 -9.395913328082841631e-02
1.062905514464546641e+01 -5.117434254131580929e-17 -9.298049605757538472e-02
1.073377489976512678e+01 -1.604619215278546562e-16 -9.204879103287580411e-02
1.083849465488478536e+01 -1.266348137463069179e-16 -9.118068074080035168e-02
1.094321441000444750e+01 -1.587271980518778491e-16 -9.036941251130969910e-02
1.104793416512410609e+01 -1.587271980518778491e-16 -8.959141951364019141e-02
1.115265392024376645e+01 -1.890848588814719733e-16 -8.882118629574956015e-02
1.125737367536342504e+01 -1.873501354054951662e-16 -8.804194131578298166e-02
1.136209343048308362e+01 -1.240327285323417073e-16 -8.727820676571448888e-02
1.146681318560274576e+01 -1.188285581044112860e-16 -8.648617851905240905e-02
1.157153294072240435e+01 -1.752070710736575165e-16 -8.571532561052497279e-02
1.167625269584206471e+01 -1.942890293094023946e-16 -8.498157476342374506e-02
1.178097245096172330e+01 -7.025630077706068732e-17 -8.428302398973938625e-02
1.188569220608138366e+01 -1.249000902703301108e-16 -8.360373947629394509e-02
1.199041196120104225e+01 -5.290906601729261638e-17 -8.292471960053784952e-02
1.209513171632070438e+01 -3.556183125752454544e-17 -8.223152471404358843e-02
1.219985147144036297e+01 -6.938893903907228378e-18 -8.151913024451301615e-02
1.230457122656002333e+01 -3.382710778154773834e-17 -8.079464354180834751e-02
1.240929098167968192e+01 -9.194034422677077600e-17 -8.007604202377081870e-02
1.251401073679934228e+01 -3.989863994746656317e-17 -7.938309112514234378e-02
1.261873049191900265e+01 1.006139616066548115e-16 -7.872607745814150237e-02
1.272345024703866301e+01 1.647987302177966740e-17 -7.810126398302433270e-02
1.282817000215832159e+01 3.209238430557093125e-17 -7.749527600642712455e-02
1.293288975727798196e+01 4.423544863740858091e-17 -7.689336968321121291e-02
1.303760951239764054e+01 1.994931997373328159e-17 -7.628803203832602853e-02
1.314232926751730268e+01 5.464378949326942347e-17 -7.568239062528604733e-02
1.324704902263696127e+01 4.510281037539698445e-17 -7.508777385381466829e-02
1.335176877775662163e+01 1.387778780781445676e-17 -7.451881496792159276e-02
1.345648853287628022e+01 1.301042606982605321e-17 -7.398283258766033543e-02
1.356120828799594058e+01 -4.163336342344337027e-17 -7.347107896845868347e-02
1.366592804311559917e+01 5.464378949326942347e-17 -7.296515385793146680e-02
1.377064779823526131e+01 7.112366251504909087e-17 -7.245181906650058345e-02
1.387536755335491989e+01 3.642919299551294898e-17 -7.192657388578614641e-02
1.398008730847457848e+01 -1.387778780781445676e-17 -7.139008716549935518e-02
1.408480706359423884e+01 5.030698080332740574e-17 -7.084861597688231483e-02
1.418952681871389743e+01 -2.341876692568689577e-17 -7.031458791490978466e-02
1.429424657383355957e+01 1.994931997373328159e-17 -6.980087188483577454e-02
1.439896632895321815e+01 1.734723475976807094e-17 -6.931259278296091064e-02
1.450368608407287851e+01 1.647987302177966740e-17 -6.884571714182644020e-02
1.460840583919253710e+01 3.556183125752454544e-17 -6.839217828972933566e-02
1.471312559431219746e+01 -5.204170427930421283e-18 -6.794456632686490805e-02
1.481784534943185783e+01 5.377642775528101993e-17 -6.749554553588221761e-02
1.492256510455151819e+01 -4.336808689942017736e-18 -6.703835845759172074e-02
1.502728485967117678e+01 1.387778780781445676e-17 -6.657262569690493292e-02
1.513200461479083714e+01 -1.214306433183764966e-17 -6.610705620604633015e-02
1.523672436991049572e+01 9.540979117872439019e-18 -6.565419217973729460e-02
1.534144412503015609e+01 2.775557561562891351e-17 -6.522144926418224631e-02
1.544616388014981645e+01 -2.688821387764050996e-17 -6.480713120287510953e-02
1.555088363526947681e+01 1.387778780781445676e-17 -6.440416347469982150e-02
1.565560339038913540e+01 -1.301042606982605321e-17 -6.400581910541984498e-02
1.576032314550879576e+01 -2.428612866367529932e-17 -6.360613916826206304e-02
1.586504290062845435e+01 1.908195823574487804e-17 -6.319941919497040761e-02
1.596976265574811649e+01 -2.081668171172168513e-17 -6.278377529885796615e-02
1.607448241086777685e+01 3.556183125752454544e-17 -6.236433722731485330e-02
1.617920216598743366e+01 -2.081668171172168513e-17 -6.195113202836944472e-02
1.628392192110709402e+01 6.938893903907228378e-18 -6.155262947114067962e-02
1.638864167622675438e+01 2.862293735361731706e-17 -6.117209373135616690e-02
1.649336143134641475e+01 2.168404344971008868e-17 -6.080871389017468431e-02
1.659808118646607511e+01 -1.994931997373328159e-17 -6.045848816852066043e-02
1.670280094158573192e+01 8.673617379884035472e-19 -6.011260509445699729e-02
1.680752069670539228e+01 3.729655473350135253e-17 -5.976034436700776442e-02
1.691224045182505265e+01 2.688821387764050996e-17 -5.939780465751888505e-02
1.701696020694471301e+01 3.642919299551294898e-17 -5.903038655190614992e-02
1.712167996206437337e+01 1.301042606982605321e-17 -5.866671059698536084e-02
1.722639971718403373e+01 3.209238430557093125e-17 -5.831263931182167903e-02
1.733111947230369054e+01 2.515349040166370287e-17 -5.796923809515590331e-02
1.743583922742335091e+01 4.336808689942017736e-17 -5.763234261203466213e-02
1.754055898254301127e+01 7.632783294297951215e-17 -5.729497290336769966e-02
1.764527873766267163e+01 -4.336808689942017736e-18 -5.695166444925135740e-02
1.774999849278232844e+01 -2.602085213965210642e-18 -5.660184287713868057e-02
1.785471824790198880e+01 2.862293735361731706e-17 -5.625088321478240172e-02
1.795943800302165272e+01 2.341876692568689577e-17 -5.590729502177517463e-02
1.806415775814131308e+01 9.540979117872439019e-18 -5.557777635336794142e-02
1.816887751326096989e+01 6.938893903907228378e-18 -5.526403209972612085e-02
1.827359726838063025e+01 -1.561251128379126385e-17 -5.496308735680231761e-02
1.837831702350029062e+01 -3.469446951953614189e-18 -5.466900732153814890e-02
1.848303677861995098e+01 -3.816391647148975608e-17 -5.437506866676869444e-02
1.858775653373960779e+01 -1.040834085586084257e-17 -5.407644378958441356e-02
1.869247628885926815e+01 -8.673617379884035472e-18 -5.377338716981680533e-02
1.879719604397892851e+01 -2.515349040166370287e-17 -5.347155324931313763e-02
