5.235987755982988295e-02 2.758210326803123280e-16 -5.977842031878255469e-02
1.570796326794896558e-01 3.174543961037556983e-16 -1.699908870794573645e-01
2.617993877991494078e-01 2.341876692568689577e-16 -2.573069164513249185e-01
3.665191429188092154e-01 2.810252031082427493e-16 -3.182140284817062681e-01
4.712388980384689674e-01 1.977584762613560088e-16 -3.565299353724601383e-01
5.759586531581286639e-01 -1.734723475976807094e-18 -3.788229166439779361e-01
6.806784082777885825e-01 -1.968911145233676052e-16 -3.913995374685377282e-01
7.853981633974481680e-01 -2.966377143920340131e-16 -3.988411705485562786e-01
8.901179185171080865e-01 -2.038300084272748336e-16 -4.035432745388863873e-01
9.948376736367677831e-01 -5.898059818321144121e-17 -4.061193160070248331e-01
1.099557428756427591e+00 1.908195823574487804e-17 -4.063426168529493676e-01
1.204277183876087287e+00 7.112366251504909087e-17 -4.039789256370385773e-01
1.308996938995747206e+00 1.405126015541213746e-16 -3.991412068978843486e-01
1.413716694115406902e+00 5.898059818321144121e-17 -3.922704909470131063e-01
1.518436449235066821e+00 -1.734723475976807094e-16 -3.840347753313385626e-01
1.623156204354726295e+00 -3.096481404618600664e-16 -3.752570590365120196e-01
1.727875959474386214e+00 -2.983724378680108202e-16 -3.667179279196168817e-01
1.832595714594045910e+00 -2.324529457808921507e-16 -3.588416207089724641e-01
1.937315469713705829e+00 -1.890848588814719733e-16 -3.515438037386646730e-01
2.042035224833365525e+00 7.719519468096791570e-17 -3.444058821894192546e-01
2.146754979953025000e+00 1.613292832658430598e-16 -3.370132349336130151e-01
2.251474735072684918e+00 3.191891195797325054e-16 -3.292087586997290427e-01
2.356194490192344837e+00 3.105155021998484699e-16 -3.211429162314230479e-01
2.460914245312004756e+00 7.459310946700270506e-17 -3.131383343703889044e-01
2.565634000431664230e+00 -1.162264728904460753e-16 -3.054592382674367057e-01
2.670353755551324149e+00 -2.931682674400803990e-16 -2.981441002071635871e-01
2.775073510670984067e+00 -2.602085213965210642e-16 -2.910240124833786135e-01
2.879793265790643986e+00 -2.133709875451472726e-16 -2.838950991789899181e-01
2.984513020910303460e+00 -5.724587470723463412e-17 -2.766978592380576751e-01
3.089232776029963379e+00 6.071532165918824830e-17 -2.695629916932150705e-01
3.193952531149622853e+00 1.023486850826316186e-16 -2.627222029164090200e-01
3.298672286269282772e+00 1.543903893619358314e-16 -2.563987363915409823e-01
3.403392041388942246e+00 1.786765180256111307e-16 -2.507183323821081111e-01
3.508111796508602165e+00 5.551115123125782702e-17 -2.456325391844811634e-01
3.612831551628262083e+00 4.683753385137379155e-17 -2.409103653998924954e-01
3.717551306747922002e+00 -3.642919299551294898e-17 -2.362450999281480446e-01
3.822271061867581476e+00 -6.765421556309547668e-17 -2.314162491267365562e-01
3.926990816987241395e+00 3.122502256758252770e-17 -2.263778165835866329e-01
4.031710572106900869e+00 9.714451465470119729e-17 -2.212306981245004689e-01
4.136430327226561232e+00 1.977584762613560088e-16 -2.161632753153550635e-01
4.241150082346220707e+00 1.743397093356691130e-16 -2.114075294955783668e-01
4.345869837465881069e+00 1.162264728904460753e-16 -2.071625789757282898e-01
4.450589592585540544e+00 1.170938346284344789e-16 -2.034779596534615764e-01
4.555309347705200018e+00 1.144917494144692682e-16 -2.002028737939603731e-01
4.660029102824860381e+00 3.295974604355933479e-17 -1.970732332190168468e-01
4.764748857944519855e+00 8.500145032286354763e-17 -1.938585388253918351e-01
4.869468613064179330e+00 5.811323644522303766e-17 -1.904566253756104499e-01
4.974188368183839692e+00 1.110223024625156540e-16 -1.868998313328840699e-01
5.078908123303498279e+00 1.387778780781445676e-16 -1.833158689046013312e-01
5.183627878423158641e+00 1.968911145233676052e-16 -1.798697058590603415e-01
5.288347633542818116e+00 6.591949208711866959e-17 -1.766885954886956989e-01
5.393067388662477590e+00 6.765421556309547668e-17 -1.737983287862343296e-01
5.497787143782137953e+00 -3.469446951953614189e-18 -1.711148747715174889e-01
5.602506898901797427e+00 6.071532165918824830e-17 -1.684991371762311063e-01
5.707226654021456902e+00 2.255140518769849223e-17 -1.658345099634546960e-01
5.811946409141117265e+00 1.240327285323417073e-16 -1.630803038388631276e-01
5.916666164260776739e+00 1.231653667943533037e-16 -1.602823303419018131e-01
6.021385919380437102e+00 3.469446951953614189e-17 -1.575460582303172541e-01
6.126105674500096576e+00 -6.245004513516505540e-17 -1.549838791050955622e-01
6.230825429619756051e+00 2.775557561562891351e-17 -1.526561328856435029e-01
6.335545184739416413e+00 -4.857225732735059864e-17 -1.505284206330468333e-01
6.440264939859075888e+00 3.035766082959412415e-17 -1.484843815198066963e-01
6.544984694978735362e+00 -1.908195823574487804e-17 -1.463999245709785013e-01
6.649704450098395725e+00 -7.112366251504909087e-17 -1.442232727421332295e-01
6.754424205218055199e+00 7.632783294297951215e-17 -1.420012174205465549e-01
6.859143960337715562e+00 -3.469446951953614189e-18 -1.398420593923841715e-01
6.963863715457375037e+00 1.908195823574487804e-17 -1.378497161548938033e-01
7.068583470577034511e+00 -4.510281037539698445e-17 -1.360701847674199993e-01
7.173303225696694874e+00 -4.423544863740858091e-17 -1.344728171240702208e-01
7.278022980816354348e+00 3.642919299551294898e-17 -1.329694694594432680e-01
7.382742735936013823e+00 -4.423544863740858091e-17 -1.314575300686255666e-01
7.487462491055674185e+00 -2.081668171172168513e-17 -1.298609961449986583e-01
7.592182246175332772e+00 1.491862189340054101e-16 -1.281548591614235511e-01
7.696902001294993134e+00 -1.040834085586084257e-17 -1.263661545574918943e-01
7.801621756414652609e+00 2.428612866367529932e-17 -1.245562984733414036e-01
7.906341511534312083e+00 1.431146867680865853e-16 -1.227990232862332665e-01
8.011061266653973334e+00 9.107298248878237246e-17 -1.211561682603279066e-01
8.115781021773631920e+00 3.816391647148975608e-17 -1.196557970310631325e-01
8.220500776893292283e+00 5.551115123125782702e-17 -1.182873696103580174e-01
8.325220532012952646e+00 -2.775557561562891351e-17 -1.170145344757284878e-01
8.429940287132611232e+00 4.770489558936219510e-17 -1.157927502641869222e-01
8.534660042252271595e+00 6.071532165918824830e-17 -1.145813843557435541e-01
8.639379797371930181e+00 2.437286483747413968e-16 -1.133527505176015054e-01
8.744099552491592320e+00 1.032160468206200221e-16 -1.121015242789101252e-01
8.848819307611250906e+00 5.117434254131580929e-17 -1.108440681461605043e-01
8.953539062730909492e+00 1.110223024625156540e-16 -1.096034167438334483e-01
9.058258817850569855e+00 1.335737076502141463e-16 -1.083930733776112265e-01
9.162978572970228441e+00 7.459310946700270506e-17 -1.072118829613456642e-01
9.267698328089890580e+00 1.370431546021677605e-16 -1.060519010898576808e-01
9.372418083209549167e+00 2.862293735361731706e-17 -1.049079874342860597e-01
9.477137838329209529e+00 1.387778780781445676e-16 -1.037799370012030681e-01
9.581857593448868116e+00 1.222980050563649002e-16 -1.026722943230411189e-01
9.686577348568528478e+00 2.515349040166370287e-17 -1.015970499693254064e-01
9.791297103688188841e+00 -1.353084311261909534e-16 -1.005690185752537574e-01
9.896016858807849204e+00 -1.127570259384924611e-16 -9.959096475205070353e-02
1.000073661392750779e+01 -2.324529457808921507e-16 -9.864577467617560713e-02
1.010545636904716815e+01 -1.561251128379126385e-16 -9.770729065791829149e-02
1.021017612416682674e+01 -1.665334536937734811e-16 -9.675473827755090572e-02
1.031489587928648710e+01 -3.087807787238716628e-16 -9.577796539129855569e-02
1.041961563440614746e+01 -2.836272883222079599e-16 -9.477951125978731350e-02
1.052433538952580783e+01 -2.480654570646834145e-16 -9.377718218709696352e-02
1.062905514464546641e+01 -3.469446951953614189e-16 -9.280166955698604392e-02
1.073377489976512678e+01 -2.810252031082427493e-16 -9.188480358161364714e-02
1.083849465488478536e+01 -3.512815038853034366e-16 -9.104394260488525570e-02
1.094321441000444750e+01 -4.345482307321901772e-16 -9.027308642902412417e-02
1.104793416512410609e+01 -4.380176776841437913e-16 -8.954591389744256946e-02
1.115265392024376645e+01 -3.764349942869671395e-16 -8.882649686418156443e-02
1.125737367536342504e+01 -3.807718029769091572e-16 -8.808315756880374936e-02
1.136209343048308362e+01 -4.727121472036799332e-16 -8.733006850509072994e-02
1.146681318560274576e+01 -3.955169525227120175e-16 -8.652298793471475957e-02
1.157153294072240435e+01 -4.007211229506424388e-16 -8.572077246116834026e-02
1.167625269584206471e+01 -3.321995456495585586e-16 -8.495546495170439028e-02
1.178097245096172330e+01 -4.761815941556335474e-16 -8.424272597953823272e-02
1.188569220608138366e+01 -3.755676325489787359e-16 -8.357717793328686695e-02
1.199041196120104225e+01 -3.738329090730019288e-16 -8.293644370997335646e-02
1.209513171632070438e+01 -3.842412499288627714e-16 -8.228816000012216525e-02
1.219985147144036297e+01 -3.417405247674309976e-16 -8.160358581367585518e-02
1.230457122656002333e+01 -2.367897544708341684e-16 -8.087490178955021591e-02
1.240929098167968192e+01 -3.139849491518020841e-16 -8.012126038026896879e-02
1.251401073679934228e+01 -2.801578413702543457e-16 -7.937695898764313140e-02
1.261873049191900265e+01 -1.231653667943533037e-16 -7.867321021883186272e-02
1.272345024703866301e+01 -2.350550309948573613e-16 -7.802606974500651826e-02
1.282817000215832159e+01 -2.593411596585326606e-16 -7.743267289286970279e-02
1.293288975727798196e+01 -1.916869440954371839e-16 -7.687450186136109143e-02
1.303760951239764054e+01 -1.812786032395763414e-16 -7.632676560362150475e-02
1.314232926751730268e+01 -2.359223927328457648e-16 -7.576966537587331851e-02
1.324704902263696127e+01 -1.674008154317618846e-16 -7.519551442778242556e-02
1.335176877775662163e+01 -2.437286483747413968e-16 -7.460889262508930975e-02
1.345648853287628022e+01 -2.099015405931936584e-16 -7.402039862914606971e-02
1.356120828799594058e+01 -1.916869440954371839e-16 -7.343926247964031873e-02
1.366592804311559917e+01 -1.778091562876227272e-16 -7.287094561124884962e-02
1.377064779823526131e+01 -2.246466901389965187e-16 -7.231886716414900884e-02
1.387536755335491989e+01 -1.162264728904460753e-16 -7.178484985844006683e-02
1.398008730847457848e+01 -1.526556658859590243e-16 -7.126845284106675393e-02
1.408480706359423884e+01 -1.847480501915299556e-16 -7.076804297033603697e-02
1.418952681871389743e+01 -6.678685382510707313e-17 -7.028215245335547867e-02
1.429424657383355957e+01 -1.144917494144692682e-16 -6.980903258583340265e-02
1.439896632895321815e+01 -1.700029006457270953e-16 -6.934618079168874960e-02
1.450368608407287851e+01 -1.162264728904460753e-16 -6.889092707141042382e-02
1.460840583919253710e+01 -1.752070710736575165e-16 -6.843961598923918588e-02
1.471312559431219746e+01 -1.231653667943533037e-16 -6.798655277039070133e-02
1.481784534943185783e+01 -1.890848588814719733e-16 -6.752579435223736437e-02
1.492256510455151819e+01 -1.465841337200401995e-16 -6.705492888775294036e-02
1.502728485967117678e+01 -1.327063459122257427e-16 -6.657757788092834306e-02
1.513200461479083714e+01 -1.465841337200401995e-16 -6.610214952500721719e-02
1.523672436991049572e+01 -1.136243876764808647e-16 -6.563840057618662571e-02
1.534144412503015609e+01 -1.674008154317618846e-16 -6.519359272794579552e-02
1.544616388014981645e+01 -1.214306433183764966e-16 -6.476973529927035345e-02
1.555088363526947681e+01 -1.821459649775647449e-16 -6.436328843542157840e-02
1.565560339038913540e+01 -9.974659986866640793e-17 -6.396812691940029216e-02
1.576032314550879576e+01 -1.266348137463069179e-16 -6.357904491946106407e-02
1.586504290062845435e+01 -9.714451465470119729e-17 -6.319306721391555748e-02
1.596976265574811649e+01 -4.163336342344337027e-17 -6.280833598950112673e-02
1.607448241086777685e+01 -1.630640067418198669e-16 -6.242334943157576421e-02
1.617920216598743366e+01 -8.933825901280556536e-17 -6.203733267220086500e-02
1.628392192110709402e+01 -7.025630077706068732e-17 -6.164981680794150154e-02
1.638864167622675438e+01 -1.240327285323417073e-16 -6.126031235089482441e-02
1.649336143134641475e+01 -1.353084311261909534e-16 -6.086919779228728428e-02
1.659808118646607511e+01 -1.179611963664228824e-16 -6.047825483538332714e-02
1.670280094158573192e+01 -1.465841337200401995e-16 -6.009003891638486916e-02
1.680752069670539228e+01 -1.387778780781445676e-16 -5.970799142942916082e-02
1.691224045182505265e+01 -8.500145032286354763e-17 -5.933722916731663105e-02
1.701696020694471301e+01 -1.214306433183764966e-16 -5.898291824762835756e-02
1.712167996206437337e+01 -6.678685382510707313e-17 -5.864632213021027385e-02
1.722639971718403373e+01 -7.372574772901430151e-17 -5.832221285146826223e-02
1.733111947230369054e+01 -1.170938346284344789e-16 -5.800000748928853950e-02
1.743583922742335091e+01 -1.032160468206200221e-16 -5.766809648229115348e-02
1.754055898254301127e+01 -3.816391647148975608e-17 -5.731930699217002712e-02
1.764527873766267163e+01 -9.367506770274758310e-17 -5.695446180995938912e-02
1.774999849278232844e+01 -1.084202172485504434e-16 -5.658252997605899698e-02
1.785471824790198880e+01 -6.245004513516505540e-17 -5.621769153093301996e-02
1.795943800302165272e+01 -9.367506770274758310e-17 -5.587352124112797414e-02
1.806415775814131308e+01 -1.413799632921097782e-16 -5.555587447725611472e-02
1.816887751326096989e+01 -1.465841337200401995e-16 -5.525961798509083922e-02
1.827359726838063025e+01 -9.367506770274758310e-17 -5.497260967550083449e-02
1.837831702350029062e+01 -1.196959198423996895e-16 -5.468297889705200227e-02
1.848303677861995098e+01 -7.025630077706068732e-17 -5.438380018751858003e-02
1.858775653373960779e+01 -1.101549407245272505e-16 -5.407466017405931913e-02
1.869247628885926815e+01 -1.153591111524576718e-16 -5.376187642053578686e-02
1.879719604397892851e+01 -1.301042606982605321e-16 -5.345592107751794692e-02
