5.235987755982988295e-02 1.347012779095990709e-15 -4.069066876195319427e-02
1.570796326794896558e-01 1.176142516712275210e-15 -1.182545070627006728e-01
2.617993877991494078e-01 6.427150478494070285e-16 -1.857866119012867578e-01
3.665191429188092154e-01 2.706168622523819067e-16 -2.401492091381033367e-01
4.712388980384689674e-01 -7.459310946700270506e-17 -2.810670743736148336e-01
5.759586531581286639e-01 -2.792904796322659422e-16 -3.101055855692146923e-01
6.806784082777885825e-01 -3.955169525227120175e-16 -3.296921344176382829e-01
7.853981633974481680e-01 -4.111294638065032814e-16 -3.423846301140717197e-01
8.901179185171080865e-01 -2.628106066104862748e-16 -3.503882751211845337e-01
9.948376736367677831e-01 -7.285838599102589797e-17 -3.553091502890551867e-01
1.099557428756427591e+00 1.682681771697502882e-16 -3.581196151531230720e-01
1.204277183876087287e+00 3.087807787238716628e-16 -3.592788699776413019e-01
1.308996938995747206e+00 4.145989107584568956e-16 -3.589215318755508699e-01
1.413716694115406902e+00 4.770489558936219510e-16 -3.570336745340087492e-01
1.518436449235066821e+00 3.946495907847236140e-16 -3.536022246634790700e-01
1.623156204354726295e+00 3.174543961037556983e-16 -3.487374103165794548e-01
1.727875959474386214e+00 2.324529457808921507e-16 -3.427340153140944201e-01
1.832595714594045910e+00 2.185751579730776939e-16 -3.360220400610051117e-01
1.937315469713705829e+00 7.285838599102589797e-17 -3.290316894155488892e-01
2.042035224833365525e+00 3.209238430557093125e-17 -3.220702191197852837e-01
2.146754979953025000e+00 3.122502256758252770e-17 -3.152791981502657270e-01
2.251474735072684918e+00 1.127570259384924611e-16 -3.086698412199567199e-01
2.356194490192344837e+00 7.459310946700270506e-17 -3.021856461558203866e-01
2.460914245312004756e+00 1.110223024625156540e-16 -2.957543583301956436e-01
2.565634000431664230e+00 9.367506770274758310e-17 -2.893279062873030938e-01
2.670353755551324149e+00 1.301042606982605321e-16 -2.829157359907965574e-01
2.775073510670984067e+00 1.058181320345852328e-16 -2.765952502308020589e-01
2.879793265790643986e+00 1.370431546021677605e-16 -2.704781914435844259e-01
2.984513020910303460e+00 1.960237527853792017e-16 -2.646559953419609368e-01
3.089232776029963379e+00 2.185751579730776939e-16 -2.591642590167260174e-01
3.193952531149622853e+00 2.879640970121499777e-16 -2.539811035492450797e-01
3.298672286269282772e+00 2.411265631607761861e-16 -2.490436269749088383e-01
3.403392041388942246e+00 1.474514954580286030e-16 -2.442624247908778967e-01
3.508111796508602165e+00 2.706168622523819067e-16 -2.395386521247490630e-01
3.612831551628262083e+00 2.072994553792284478e-16 -2.347920763587416915e-01
3.717551306747922002e+00 6.245004513516505540e-17 -2.299910373706755551e-01
3.822271061867581476e+00 8.500145032286354763e-17 -2.251643561023792262e-01
3.926990816987241395e+00 8.153200337090993344e-17 -2.203863039766506271e-01
4.031710572106900869e+00 1.752070710736575165e-16 -2.157495299189496896e-01
4.136430327226561232e+00 1.543903893619358314e-16 -2.113402238606260641e-01
4.241150082346220707e+00 2.324529457808921507e-16 -2.072218979273809936e-01
4.345869837465881069e+00 2.237793284010081152e-16 -2.034234155326732907e-01
4.450589592585540544e+00 2.758210326803123280e-16 -1.999307250380863432e-01
4.555309347705200018e+00 2.072994553792284478e-16 -1.966881901280206346e-01
4.660029102824860381e+00 2.584737979205442571e-16 -1.936116257821768605e-01
4.764748857944519855e+00 3.677613769070831040e-16 -1.906078977445202494e-01
4.869468613064179330e+00 2.775557561562891351e-16 -1.875952397409676453e-01
4.974188368183839692e+00 2.185751579730776939e-16 -1.845207627481662005e-01
5.078908123303498279e+00 3.053113317719180486e-16 -1.813719672268974403e-01
5.183627878423158641e+00 2.307182223049153436e-16 -1.781764268552442632e-01
5.288347633542818116e+00 2.012279232133096230e-16 -1.749880818038891395e-01
5.393067388662477590e+00 1.535230276239474279e-16 -1.718672548895874563e-01
5.497787143782137953e+00 2.324529457808921507e-16 -1.688631820256176752e-01
5.602506898901797427e+00 1.474514954580286030e-16 -1.660055010654975516e-01
5.707226654021456902e+00 1.951563910473907981e-16 -1.633039625392534722e-01
5.811946409141117265e+00 1.977584762613560088e-16 -1.607518326389133501e-01
5.916666164260776739e+00 2.168404344971008868e-16 -1.583295321032037184e-01
6.021385919380437102e+00 1.509209424099822172e-16 -1.560092092433479904e-01
6.126105674500096576e+00 1.856154119295183591e-16 -1.537614279979230558e-01
6.230825429619756051e+00 1.301042606982605321e-16 -1.515622433654440493e-01
6.335545184739416413e+00 3.105155021998484699e-16 -1.493966929556084233e-01
6.440264939859075888e+00 1.899522206194603768e-16 -1.472588739151657888e-01
6.544984694978735362e+00 1.890848588814719733e-16 -1.451502906983717367e-01
6.649704450098395725e+00 2.151057110211240797e-16 -1.430783498602092030e-01
6.754424205218055199e+00 9.540979117872439019e-17 -1.410534574031706290e-01
6.859143960337715562e+00 1.335737076502141463e-16 -1.390859210477938257e-01
6.963863715457375037e+00 2.949029909160572061e-17 -1.371831134378622974e-01
7.068583470577034511e+00 1.621966450038314633e-16 -1.353468405826132592e-01
7.173303225696694874e+00 1.509209424099822172e-16 -1.335731243508542221e-01
7.278022980816354348e+00 1.335737076502141463e-16 -1.318533298437452872e-01
7.382742735936013823e+00 2.949029909160572061e-17 -1.301758253163351475e-01
7.487462491055674185e+00 2.055647319032516407e-16 -1.285276653118383738e-01
7.592182246175332772e+00 1.951563910473907981e-16 -1.268972480530478897e-01
7.696902001294993134e+00 2.107689023311820620e-16 -1.252787306925980393e-01
7.801621756414652609e+00 8.673617379884035472e-17 -1.236753841180999458e-01
7.906341511534312083e+00 5.117434254131580929e-17 -1.220999764174403590e-01
8.011061266653973334e+00 2.237793284010081152e-16 -1.205721196367657566e-01
8.115781021773631920e+00 1.370431546021677605e-16 -1.191131726845706673e-01
8.220500776893292283e+00 9.020562075079396891e-17 -1.177396791326268816e-01
8.325220532012952646e+00 9.974659986866640793e-17 -1.164562523752384338e-01
8.429940287132611232e+00 1.491862189340054101e-16 -1.152511163300086738e-01
8.534660042252271595e+00 2.654126918244514854e-16 -1.140969007854146372e-01
8.639379797371930181e+00 3.556183125752454544e-16 -1.129580895246512645e-01
8.744099552491592320e+00 2.376571162088225719e-16 -1.118011457693457444e-01
8.848819307611250906e+00 1.665334536937734811e-16 -1.106027808847151184e-01
8.953539062730909492e+00 1.760744328116459201e-16 -1.093553280440551223e-01
9.058258817850569855e+00 1.682681771697502882e-16 -1.080691012894759162e-01
9.162978572970228441e+00 5.984795992119984476e-17 -1.067705799789592791e-01
9.267698328089890580e+00 1.023486850826316186e-16 -1.054955558474081206e-01
9.372418083209549167e+00 1.092875789865388469e-16 -1.042784716601581757e-01
9.477137838329209529e+00 7.806255641895631925e-17 -1.031421012547346638e-01
9.581857593448868116e+00 5.290906601729261638e-17 -1.020917652860237196e-01
9.686577348568528478e+00 6.591949208711866959e-17 -1.011158313357476690e-01
9.791297103688188841e+00 1.301042606982605321e-17 -1.001902881122712363e-01
9.896016858807849204e+00 -1.413799632921097782e-16 -9.928496011649926012e-02
1.000073661392750779e+01 -1.656660919557850775e-16 -9.837113839468469845e-02
1.010545636904716815e+01 -2.255140518769849223e-17 -9.742952977077885823e-02
1.021017612416682674e+01 -1.431146867680865853e-16 -9.645585880926745015e-02
1.031489587928648710e+01 -2.012279232133096230e-16 -9.546101095774781053e-02
1.041961563440614746e+01 -2.185751579730776939e-16 -9.446598075165034414e-02
1.052433538952580783e+01 -2.723515857283587138e-16 -9.349445712542490960e-02
1.062905514464546641e+01 -3.434752482434078047e-16 -9.256589314936553015e-02
1.073377489976512678e+01 -3.963843142607004211e-16 -9.169136953217968400e-02
1.083849465488478536e+01 -3.217912047936977160e-16 -9.087184311086102251e-02
1.094321441000444750e+01 -3.113828639378368734e-16 -9.009814842939463386e-02
1.104793416512410609e+01 -3.747002708109903324e-16 -8.935279237782545181e-02
1.115265392024376645e+01 -3.452099717193846118e-16 -8.861509082731797160e-02
1.125737367536342504e+01 -3.668940151690947005e-16 -8.786864656540051277e-02
1.136209343048308362e+01 -3.590877595271990685e-16 -8.713443109589225077e-02
1.146681318560274576e+01 -4.033232081646076495e-16 -8.635985816929192538e-02
1.157153294072240435e+01 -3.747002708109903324e-16 -8.558162859150081347e-02
1.167625269584206471e+01 -4.076600168545496672e-16 -8.481054321531213136e-02
1.178097245096172330e+01 -3.833738881908743679e-16 -8.405588303108045556e-02
1.188569220608138366e+01 -3.295974604355933479e-16 -8.332349765741947634e-02
1.199041196120104225e+01 -2.602085213965210642e-16 -8.261506315207899076e-02
1.209513171632070438e+01 -3.018418848199644344e-16 -8.192822292154629260e-02
1.219985147144036297e+01 -2.688821387764050996e-16 -8.125779307944103191e-02
1.230457122656002333e+01 -2.324529457808921507e-16 -8.059795604108682676e-02
1.240929098167968192e+01 -2.203098814490545010e-16 -7.994402081165138951e-02
1.251401073679934228e+01 -2.003605614753212194e-16 -7.929291437997045000e-02
1.261873049191900265e+01 -1.509209424099822172e-16 -7.864347643947554312e-02
1.272345024703866301e+01 -1.483188571960170066e-16 -7.799779205870784049e-02
1.282817000215832159e+01 -2.463307335887066074e-16 -7.736213201355585101e-02
1.293288975727798196e+01 -1.483188571960170066e-16 -7.674548306435773071e-02
1.303760951239764054e+01 -1.630640067418198669e-16 -7.615565360167513009e-02
1.314232926751730268e+01 -2.463307335887066074e-16 -7.559529325427827295e-02
1.324704902263696127e+01 -1.448494102440633924e-16 -7.506016275737655008e-02
1.335176877775662163e+01 -2.107689023311820620e-16 -7.454045922282612202e-02
1.345648853287628022e+01 -2.289834988289385365e-16 -7.402399700289917506e-02
1.356120828799594058e+01 -1.682681771697502882e-16 -7.349986939640940076e-02
1.366592804311559917e+01 -1.500535806719938137e-16 -7.296192579086066554e-02
1.377064779823526131e+01 -1.595945597898662527e-16 -7.241118669724957990e-02
1.387536755335491989e+01 -1.309716224362489356e-16 -7.185576386246692038e-02
1.398008730847457848e+01 -1.379105163401561640e-16 -7.130778075465597776e-02
1.408480706359423884e+01 -1.153591111524576718e-16 -7.077889053987498902e-02
1.418952681871389743e+01 -1.439820485060749888e-16 -7.027664344900440285e-02
1.429424657383355957e+01 -8.586881206085195117e-17 -6.980276218810180233e-02
1.439896632895321815e+01 -9.454242944073598665e-17 -6.935283077060892809e-02
1.450368608407287851e+01 -1.014813233446432150e-16 -6.891705838975772935e-02
1.460840583919253710e+01 -1.613292832658430598e-16 -6.848221637742074597e-02
1.471312559431219746e+01 -1.344410693882025498e-16 -6.803556270925105454e-02
1.481784534943185783e+01 -9.974659986866640793e-17 -6.756950018203064512e-02
1.492256510455151819e+01 -9.801187639268960083e-17 -6.708435298775251854e-02
1.502728485967117678e+01 -1.292368989602721285e-16 -6.658783502378227970e-02
1.513200461479083714e+01 -1.370431546021677605e-16 -6.609214527829189445e-02
1.523672436991049572e+01 -1.049507702965968292e-16 -6.561046275744683576e-02
1.534144412503015609e+01 -1.153591111524576718e-16 -6.515339033869016472e-02
1.544616388014981645e+01 -1.075528555105620399e-16 -6.472610804795737860e-02
1.555088363526947681e+01 -1.405126015541213746e-16 -6.432662869618449575e-02
1.565560339038913540e+01 -8.239936510889833698e-17 -6.394644992154169261e-02
1.576032314550879576e+01 -9.194034422677077600e-17 -6.357386227717901073e-02
1.586504290062845435e+01 -8.933825901280556536e-17 -6.319819205044072130e-02
1.596976265574811649e+01 -9.107298248878237246e-17 -6.281272285556641077e-02
1.607448241086777685e+01 -8.239936510889833698e-17 -6.241558569539868567e-02
1.617920216598743366e+01 -1.188285581044112860e-16 -6.200958854720719365e-02
1.628392192110709402e+01 -1.066854937725736363e-16 -6.160126841806209952e-02
1.638864167622675438e+01 -8.586881206085195117e-17 -6.119911540298524077e-02
1.649336143134641475e+01 -8.413408858487514408e-17 -6.081085500475321565e-02
1.659808118646607511e+01 -1.110223024625156540e-16 -6.044069790794465158e-02
1.670280094158573192e+01 -1.344410693882025498e-16 -6.008797888308860941e-02
1.680752069670539228e+01 -9.280770596475917955e-17 -5.974785989434851230e-02
1.691224045182505265e+01 -7.372574772901430151e-17 -5.941337581993758055e-02
1.701696020694471301e+01 -1.309716224362489356e-16 -5.907772424118860888e-02
1.712167996206437337e+01 -7.719519468096791570e-17 -5.873623816051469493e-02
1.722639971718403373e+01 -5.464378949326942347e-17 -5.838772470613773358e-02
1.733111947230369054e+01 -9.280770596475917955e-17 -5.803459354707679596e-02
1.743583922742335091e+01 -4.683753385137379155e-17 -5.768145127514264642e-02
1.754055898254301127e+01 -5.811323644522303766e-17 -5.733288194432320517e-02
1.764527873766267163e+01 -3.989863994746656317e-17 -5.699167171519659014e-02
1.774999849278232844e+01 -5.637851296924623057e-17 -5.665842887202349187e-02
1.785471824790198880e+01 -7.979727989493312634e-17 -5.633230849538106710e-02
1.795943800302165272e+01 -5.637851296924623057e-17 -5.601178435643740239e-02
1.806415775814131308e+01 -7.025630077706068732e-17 -5.569488807755891557e-02
1.816887751326096989e+01 -6.678685382510707313e-17 -5.537948561064073849e-02
1.827359726838063025e+01 -9.020562075079396891e-17 -5.506396340179773446e-02
1.837831702350029062e+01 -1.110223024625156540e-16 -5.474792796205164847e-02
1.848303677861995098e+01 -8.326672684688674053e-17 -5.443241902512764574e-02
1.858775653373960779e+01 -8.760353553682875827e-17 -5.411970987629655117e-02
1.869247628885926815e+01 -9.714451465470119729e-17 -5.381284562574234487e-02
1.879719604397892851e+01 -9.020562075079396891e-17 -5.351490118928398793e-02
