5.235987755982988295e-02 5.282232984349377602e-16 -2.351408620819214063e-02
1.570796326794896558e-01 5.056718932472392680e-16 -6.960290004488051130e-02
2.617993877991494078e-01 5.143455106271233035e-16 -1.130198018190230747e-01
3.665191429188092154e-01 3.556183125752454544e-16 -1.524160928035057927e-01
4.712388980384689674e-01 3.217912047936977160e-16 -1.869408037888667107e-01
5.759586531581286639e-01 3.174543961037556983e-16 -2.162298683085367990e-01
6.806784082777885825e-01 2.949029909160572061e-16 -2.403187872248567780e-01
7.853981633974481680e-01 2.072994553792284478e-16 -2.595252767290331941e-01
8.901179185171080865e-01 2.550043509685906429e-16 -2.743398046609640817e-01
9.948376736367677831e-01 2.185751579730776939e-16 -2.853351921993433349e-01
1.099557428756427591e+00 1.448494102440633924e-16 -2.931001078851295238e-01
1.204277183876087287e+00 1.188285581044112860e-16 -2.981926307181971270e-01
1.308996938995747206e+00 1.205632815803880931e-16 -3.011123710607913062e-01
1.413716694115406902e+00 1.396452398161329711e-16 -3.022865239342303334e-01
1.518436449235066821e+00 1.708702623837154988e-16 -3.020685801548020910e-01
1.623156204354726295e+00 2.324529457808921507e-16 -3.007450091222343969e-01
1.727875959474386214e+00 2.055647319032516407e-16 -2.985486833235519999e-01
1.832595714594045910e+00 3.183217578417441018e-16 -2.956702091119930431e-01
1.937315469713705829e+00 2.333203075188805542e-16 -2.922675863518036654e-01
2.042035224833365525e+00 2.818925648462311528e-16 -2.884725498945999722e-01
2.146754979953025000e+00 2.645453300864630819e-16 -2.843939653058335515e-01
2.251474735072684918e+00 2.888314587501383812e-16 -2.801195246264273075e-01
2.356194490192344837e+00 2.732189474663471174e-16 -2.757182716190026972e-01
2.460914245312004756e+00 3.304648221735817515e-16 -2.712422676289484857e-01
2.565634000431664230e+00 2.142383492831356762e-16 -2.667295573324230396e-01
2.670353755551324149e+00 1.630640067418198669e-16 -2.622070693888191584e-01
2.775073510670984067e+00 1.613292832658430598e-16 -2.576935436866788498e-01
2.879793265790643986e+00 1.994931997373328159e-16 -2.532022900171001512e-01
2.984513020910303460e+00 1.864827736675067626e-16 -2.487431894542631861e-01
3.089232776029963379e+00 2.437286483747413968e-16 -2.443244406216615039e-01
3.193952531149622853e+00 2.437286483747413968e-16 -2.399534050315502154e-01
3.298672286269282772e+00 9.454242944073598665e-17 -2.356370915422693058e-01
3.403392041388942246e+00 2.376571162088225719e-16 -2.313828997210065352e-01
3.508111796508602165e+00 2.133709875451472726e-16 -2.271980223005742594e-01
3.612831551628262083e+00 2.194425197110660974e-16 -2.230889654354724638e-01
3.717551306747922002e+00 2.870967352741615741e-16 -2.190617097397899449e-01
3.822271061867581476e+00 1.465841337200401995e-16 -2.151212178174516376e-01
3.926990816987241395e+00 9.107298248878237246e-17 -2.112722437951243259e-01
4.031710572106900869e+00 2.333203075188805542e-16 -2.075194488933097825e-01
4.136430327226561232e+00 2.818925648462311528e-16 -2.038670477041099605e-01
4.241150082346220707e+00 2.324529457808921507e-16 -2.003179990277120237e-01
4.345869837465881069e+00 2.194425197110660974e-16 -1.968727570740644861e-01
4.450589592585540544e+00 1.968911145233676052e-16 -1.935287910941924649e-01
4.555309347705200018e+00 1.899522206194603768e-16 -1.902803719213378708e-01
4.660029102824860381e+00 2.836272883222079599e-16 -1.871197757852368915e-01
4.764748857944519855e+00 2.888314587501383812e-16 -1.840390597187105681e-01
4.869468613064179330e+00 2.506675422786486251e-16 -1.810320933046341563e-01
4.974188368183839692e+00 2.541369892306022393e-16 -1.780960050063175593e-01
5.078908123303498279e+00 2.714842239903703103e-16 -1.752315004700386314e-01
5.183627878423158641e+00 2.246466901389965187e-16 -1.724421337006951660e-01
5.288347633542818116e+00 2.662800535624398890e-16 -1.697327190766068084e-01
5.393067388662477590e+00 2.784231178942775387e-16 -1.671075659485683484e-01
5.497787143782137953e+00 3.235259282696745231e-16 -1.645690725698422396e-01
5.602506898901797427e+00 1.830133267155531485e-16 -1.621168686907656364e-01
5.707226654021456902e+00 1.925543058334255875e-16 -1.597477255417622255e-01
5.811946409141117265e+00 2.506675422786486251e-16 -1.574556320811708598e-01
5.916666164260776739e+00 2.697495005143935032e-16 -1.552324952141812542e-01
6.021385919380437102e+00 2.428612866367529932e-16 -1.530688074298084123e-01
6.126105674500096576e+00 2.177077962350892903e-16 -1.509546505466514976e-01
6.230825429619756051e+00 2.524022657546254322e-16 -1.488807484533779812e-01
6.335545184739416413e+00 2.454633718507182039e-16 -1.468396167889300108e-01
6.440264939859075888e+00 1.465841337200401995e-16 -1.448263375099382300e-01
6.544984694978735362e+00 2.810252031082427493e-16 -1.428390566988961830e-01
6.649704450098395725e+00 2.558717127065790464e-16 -1.408790382502035088e-01
6.754424205218055199e+00 2.211772431870429045e-16 -1.389501050327791587e-01
6.859143960337715562e+00 2.350550309948573613e-16 -1.370577585534436260e-01
6.963863715457375037e+00 2.194425197110660974e-16 -1.352079475563242039e-01
7.068583470577034511e+00 1.491862189340054101e-16 -1.334058611570607678e-01
7.173303225696694874e+00 2.133709875451472726e-16 -1.316551572862827979e-01
7.278022980816354348e+00 2.957703526540456096e-16 -1.299576485582791818e-01
7.382742735936013823e+00 1.465841337200401995e-16 -1.283136411962357837e-01
7.487462491055674185e+00 2.263814136149733258e-16 -1.267223969139771866e-01
7.592182246175332772e+00 1.882174971434835697e-16 -1.251824164381586946e-01
7.696902001294993134e+00 2.298508605669269400e-16 -1.236914785182045007e-01
7.801621756414652609e+00 2.931682674400803990e-16 -1.222465498645638748e-01
7.906341511534312083e+00 1.222980050563649002e-16 -1.208436238196170243e-01
8.011061266653973334e+00 1.856154119295183591e-16 -1.194778743561614454e-01
8.115781021773631920e+00 1.882174971434835697e-16 -1.181439864863604722e-01
8.220500776893292283e+00 2.758210326803123280e-16 -1.168367128660060400e-01
8.325220532012952646e+00 1.613292832658430598e-16 -1.155513547129519564e-01
8.429940287132611232e+00 2.298508605669269400e-16 -1.142841744850643937e-01
8.534660042252271595e+00 1.977584762613560088e-16 -1.130326562222578185e-01
8.639379797371930181e+00 3.122502256758252770e-16 -1.117955744541490742e-01
8.744099552491592320e+00 2.099015405931936584e-16 -1.105729989165210453e-01
8.848819307611250906e+00 2.471980953266950110e-16 -1.093661358905945458e-01
8.953539062730909492e+00 3.044439700339296451e-16 -1.081771397456386119e-01
9.058258817850569855e+00 1.873501354054951662e-16 -1.070087259425834825e-01
9.162978572970228441e+00 2.324529457808921507e-16 -1.058637324203794694e-01
9.267698328089890580e+00 1.830133267155531485e-16 -1.047447258377106893e-01
9.372418083209549167e+00 1.370431546021677605e-16 -1.036533617922650724e-01
9.477137838329209529e+00 1.413799632921097782e-16 -1.025900882249608376e-01
9.581857593448868116e+00 1.647987302177966740e-16 -1.015538699018775914e-01
9.686577348568528478e+00 3.035766082959412415e-17 -1.005422380276761729e-01
9.791297103688188841e+00 4.597017211338538800e-17 -9.955172474310759745e-02
9.896016858807849204e+00 -1.465841337200401995e-16 -9.857852292075985901e-02
1.000073661392750779e+01 -5.551115123125782702e-17 -9.761928231246680410e-02
1.010545636904716815e+01 -4.163336342344337027e-17 -9.667186185475584725e-02
1.021017612416682674e+01 -1.821459649775647449e-17 -9.573578749090749795e-02
1.031489587928648710e+01 -1.301042606982605321e-16 -9.481232431573641262e-02
1.041961563440614746e+01 -1.960237527853792017e-16 -9.390416700794679272e-02
1.052433538952580783e+01 -2.168404344971008868e-16 -9.301490477656436384e-02
1.062905514464546641e+01 -1.873501354054951662e-16 -9.214798237002287673e-02
1.073377489976512678e+01 -2.680147770384166961e-16 -9.130588482554737040e-02
1.083849465488478536e+01 -2.862293735361731706e-16 -9.048930744573367713e-02
1.094321441000444750e+01 -3.226585665316861196e-16 -8.969677993869984434e-02
1.104793416512410609e+01 -2.810252031082427493e-16 -8.892483388065167138e-02
1.115265392024376645e+01 -3.096481404618600664e-16 -8.816883235412399655e-02
1.125737367536342504e+01 -3.469446951953614189e-16 -8.742402264269727441e-02
1.136209343048308362e+01 -3.269953752216281373e-16 -8.671413761725170477e-02
1.146681318560274576e+01 -4.145989107584568956e-16 -8.598226062507102752e-02
1.157153294072240435e+01 -3.217912047936977160e-16 -8.525535494888025756e-02
1.167625269584206471e+01 -3.027092465579528380e-16 -8.453461447502366721e-02
1.178097245096172330e+01 -3.434752482434078047e-16 -8.382225727665447435e-02
1.188569220608138366e+01 -2.983724378680108202e-16 -8.312089622357285434e-02
1.199041196120104225e+01 -3.191891195797325054e-16 -8.243314563544440476e-02
1.209513171632070438e+01 -2.870967352741615741e-16 -8.176121075671968774e-02
1.219985147144036297e+01 -2.020952849512980265e-16 -8.110650116237547169e-02
1.230457122656002333e+01 -1.812786032395763414e-16 -8.046917234383674233e-02
1.240929098167968192e+01 -2.359223927328457648e-16 -7.984791034133185972e-02
1.251401073679934228e+01 -1.734723475976807094e-16 -7.923996195044347157e-02
1.261873049191900265e+01 -1.899522206194603768e-16 -7.864158980582824920e-02
1.272345024703866301e+01 -2.177077962350892903e-16 -7.804890163742847498e-02
1.282817000215832159e+01 -1.778091562876227272e-16 -7.745871514971322536e-02
1.293288975727798196e+01 -2.177077962350892903e-16 -7.686921667488497145e-02
1.303760951239764054e+01 -2.376571162088225719e-16 -7.628024980237192720e-02
1.314232926751730268e+01 -1.682681771697502882e-16 -7.569314547671575355e-02
1.324704902263696127e+01 -2.090341788552052549e-16 -7.511017702793287842e-02
1.335176877775662163e+01 -1.049507702965968292e-16 -7.453402096272002120e-02
1.345648853287628022e+01 -1.439820485060749888e-16 -7.396727532481524314e-02
1.356120828799594058e+01 -1.682681771697502882e-16 -7.341217582317084711e-02
1.366592804311559917e+01 -7.719519468096791570e-17 -7.287048805813746422e-02
1.377064779823526131e+01 -1.977584762613560088e-16 -7.234336092454006495e-02
1.387536755335491989e+01 -6.245004513516505540e-17 -7.183106707002868963e-02
1.398008730847457848e+01 -1.301042606982605321e-16 -7.133282575592723995e-02
1.408480706359423884e+01 -1.066854937725736363e-16 -7.084671355287937289e-02
1.418952681871389743e+01 -6.938893903907228378e-17 -7.036976632370048335e-02
1.429424657383355957e+01 -1.049507702965968292e-16 -6.989840923823086027e-02
1.439896632895321815e+01 -1.231653667943533037e-16 -6.942903965207924966e-02
1.450368608407287851e+01 -9.367506770274758310e-17 -6.895868452943165750e-02
1.460840583919253710e+01 -3.122502256758252770e-17 -6.848551974544490883e-02
1.471312559431219746e+01 -9.107298248878237246e-17 -6.800916974038072327e-02
1.481784534943185783e+01 -4.770489558936219510e-17 -6.753060408876976339e-02
1.492256510455151819e+01 -1.006139616066548115e-16 -6.705183925173727189e-02
1.502728485967117678e+01 -8.153200337090993344e-17 -6.657552390784300667e-02
1.513200461479083714e+01 -9.454242944073598665e-17 -6.610451046164630973e-02
1.523672436991049572e+01 -1.049507702965968292e-16 -6.564165331772510437e-02
1.534144412503015609e+01 -4.597017211338538800e-17 -6.518943567382889936e-02
1.544616388014981645e+01 -8.847089727481716182e-17 -6.474981826505007976e-02
1.555088363526947681e+01 -3.122502256758252770e-17 -6.432392712108440935e-02
1.565560339038913540e+01 -6.765421556309547668e-17 -6.391181900862287490e-02
1.576032314550879576e+01 -1.040834085586084257e-16 -6.351239782500645026e-02
1.586504290062845435e+01 -7.372574772901430151e-17 -6.312351547131062057e-02
1.596976265574811649e+01 -7.025630077706068732e-17 -6.274237650381936371e-02
1.607448241086777685e+01 -5.464378949326942347e-17 -6.236604285770964984e-02
1.617920216598743366e+01 -8.500145032286354763e-17 -6.199195045449876207e-02
1.628392192110709402e+01 -2.515349040166370287e-17 -6.161827853265634120e-02
1.638864167622675438e+01 -9.974659986866640793e-17 -6.124414163167798963e-02
1.649336143134641475e+01 -2.341876692568689577e-17 -6.086952308973064829e-02
1.659808118646607511e+01 -8.500145032286354763e-17 -6.049508859464899913e-02
1.670280094158573192e+01 -5.637851296924623057e-17 -6.012196970426801623e-02
1.680752069670539228e+01 -5.117434254131580929e-17 -5.975153061562889223e-02
1.691224045182505265e+01 -7.979727989493312634e-17 -5.938523592993498468e-02
1.701696020694471301e+01 -7.372574772901430151e-17 -5.902456077900514186e-02
1.712167996206437337e+01 -8.760353553682875827e-17 -5.867082321947830748e-02
1.722639971718403373e+01 -8.239936510889833698e-17 -5.832494787263207275e-02
1.733111947230369054e+01 -5.030698080332740574e-17 -5.798724966692681004e-02
1.743583922742335091e+01 -6.331740687315345895e-17 -5.765726376437767253e-02
1.754055898254301127e+01 -5.117434254131580929e-17 -5.733379180787442908e-02
1.764527873766267163e+01 -3.903127820947815962e-17 -5.701515621161033776e-02
1.774999849278232844e+01 -5.551115123125782702e-17 -5.669957561313926364e-02
1.785471824790198880e+01 -4.163336342344337027e-17 -5.638555969368819198e-02
1.795943800302165272e+01 -5.030698080332740574e-17 -5.607221295137810452e-02
1.806415775814131308e+01 -6.591949208711866959e-17 -5.575932792815824213e-02
1.816887751326096989e+01 -7.285838599102589797e-17 -5.544729066363458109e-02
1.827359726838063025e+01 -7.546047120499110861e-17 -5.513690454225970983e-02
1.837831702350029062e+01 -8.153200337090993344e-17 -5.482915449837064831e-02
1.848303677861995098e+01 -6.331740687315345895e-17 -5.452503561524731091e-02
1.858775653373960779e+01 -6.765421556309547668e-17 -5.422540535367655068e-02
1.869247628885926815e+01 -1.066854937725736363e-16 -5.393087093545316513e-02
1.879719604397892851e+01 -8.586881206085195117e-17 -5.364163102099948899e-02
