5.235987755982988295e-02 3.590877595271990685e-16 -1.141575140426769996e+00
1.570796326794896558e-01 3.139849491518020841e-16 -7.633828254984252881e-01
2.617993877991494078e-01 2.593411596585326606e-16 -6.443859078818108266e-01
3.665191429188092154e-01 2.255140518769849223e-16 -5.845709999255241929e-01
4.712388980384689674e-01 1.222980050563649002e-16 -5.558826536310852440e-01
5.759586531581286639e-01 1.821459649775647449e-16 -5.368169366623704031e-01
6.806784082777885825e-01 1.613292832658430598e-16 -5.317562841092807746e-01
7.853981633974481680e-01 1.543903893619358314e-16 -5.126096411710638900e-01
8.901179185171080865e-01 6.938893903907228378e-17 -4.930677739773103863e-01
9.948376736367677831e-01 3.382710778154773834e-17 -4.948227773897356796e-01
1.099557428756427591e+00 1.908195823574487804e-17 -4.743437260007483669e-01
1.204277183876087287e+00 4.857225732735059864e-17 -4.668982151424470040e-01
1.308996938995747206e+00 4.510281037539698445e-17 -4.526464163103677829e-01
1.413716694115406902e+00 9.454242944073598665e-17 -4.337237404454008516e-01
1.518436449235066821e+00 8.153200337090993344e-17 -4.206723919868332051e-01
1.623156204354726295e+00 1.561251128379126385e-17 -4.167090154596429508e-01
1.727875959474386214e+00 1.491862189340054101e-16 -3.978962622626059931e-01
1.832595714594045910e+00 9.194034422677077600e-17 -3.901470646668521725e-01
1.937315469713705829e+00 5.117434254131580929e-17 -3.804923452374098236e-01
2.042035224833365525e+00 8.673617379884035472e-17 -3.670786910263058589e-01
2.146754979953025000e+00 -1.734723475976807094e-18 -3.544141588330254056e-01
2.251474735072684918e+00 5.030698080332740574e-17 -3.470806121925647525e-01
2.356194490192344837e+00 6.938893903907228378e-18 -3.381038227497322746e-01
2.460914245312004756e+00 -3.295974604355933479e-17 -3.287709698110773404e-01
2.565634000431664230e+00 3.295974604355933479e-17 -3.189770361038667956e-01
2.670353755551324149e+00 -7.806255641895631925e-17 -3.116467007298789893e-01
2.775073510670984067e+00 1.127570259384924611e-17 -3.016481424858593607e-01
2.879793265790643986e+00 1.092875789865388469e-16 -2.932947966302110188e-01
2.984513020910303460e+00 1.561251128379126385e-17 -2.882559732224340143e-01
3.089232776029963379e+00 1.092875789865388469e-16 -2.794770341161083027e-01
3.193952531149622853e+00 5.030698080332740574e-17 -2.742375089383115583e-01
3.298672286269282772e+00 -5.551115123125782702e-17 -2.655301353892474125e-01
3.403392041388942246e+00 1.075528555105620399e-16 -2.602637132961774236e-01
3.508111796508602165e+00 -4.597017211338538800e-17 -2.547745361608991788e-01
3.612831551628262083e+00 6.938893903907228378e-18 -2.483460361397057670e-01
3.717551306747922002e+00 -1.249000902703301108e-16 -2.417443186391518006e-01
3.822271061867581476e+00 1.491862189340054101e-16 -2.344095166540526298e-01
3.926990816987241395e+00 -2.775557561562891351e-17 -2.341081592976850256e-01
4.031710572106900869e+00 3.027092465579528380e-16 -2.264796390625677114e-01
4.136430327226561232e+00 1.942890293094023946e-16 -2.226365936847144456e-01
4.241150082346220707e+00 1.830133267155531485e-16 -2.166933058734664685e-01
4.345869837465881069e+00 1.665334536937734811e-16 -2.122533545793691412e-01
4.450589592585540544e+00 1.968911145233676052e-16 -2.073045957759941382e-01
4.555309347705200018e+00 8.847089727481716182e-17 -2.047732787091540163e-01
4.660029102824860381e+00 3.469446951953614189e-18 -2.002972816131491918e-01
4.764748857944519855e+00 7.459310946700270506e-17 -1.968118194367466378e-01
4.869468613064179330e+00 2.168404344971008868e-16 -1.929088132013436208e-01
4.974188368183839692e+00 1.908195823574487804e-16 -1.898101311771080435e-01
5.078908123303498279e+00 2.602085213965210642e-16 -1.867202129880085604e-01
5.183627878423158641e+00 3.278627369596165408e-16 -1.823820550831039000e-01
5.288347633542818116e+00 7.546047120499110861e-17 -1.786658489674905481e-01
5.393067388662477590e+00 8.673617379884035472e-18 -1.754927639759190361e-01
5.497787143782137953e+00 6.678685382510707313e-17 -1.728003293936197782e-01
5.602506898901797427e+00 2.341876692568689577e-17 -1.694145582033133868e-01
5.707226654021456902e+00 1.092875789865388469e-16 -1.662427088114290519e-01
5.811946409141117265e+00 4.770489558936219510e-17 -1.636725214192501499e-01
5.916666164260776739e+00 1.006139616066548115e-16 -1.613175129670896268e-01
6.021385919380437102e+00 -1.561251128379126385e-17 -1.590016234171359177e-01
6.126105674500096576e+00 2.428612866367529932e-17 -1.562787342816417957e-01
6.230825429619756051e+00 1.578598363138894456e-16 -1.536356492349953973e-01
6.335545184739416413e+00 2.341876692568689577e-17 -1.518562719039659448e-01
6.440264939859075888e+00 9.540979117872439019e-17 -1.498099664593260105e-01
6.544984694978735362e+00 -8.673617379884035472e-18 -1.471855808282819256e-01
6.649704450098395725e+00 -1.353084311261909534e-16 -1.445482268295295580e-01
6.754424205218055199e+00 4.683753385137379155e-17 -1.424570472896640738e-01
6.859143960337715562e+00 1.058181320345852328e-16 -1.409861113924528453e-01
6.963863715457375037e+00 -1.960237527853792017e-16 -1.391347292743600472e-01
7.068583470577034511e+00 -7.632783294297951215e-17 -1.371997920215935474e-01
7.173303225696694874e+00 -4.770489558936219510e-17 -1.348681674966484556e-01
7.278022980816354348e+00 -2.949029909160572061e-16 -1.334414434170178299e-01
7.382742735936013823e+00 4.336808689942017736e-17 -1.324705817600855262e-01
7.487462491055674185e+00 -5.204170427930421283e-17 -1.297932186496031648e-01
7.592182246175332772e+00 2.905661822261151883e-16 -1.286896140406107725e-01
7.696902001294993134e+00 -5.551115123125782702e-17 -1.269182540298124384e-01
7.801621756414652609e+00 1.231653667943533037e-16 -1.254109477805826767e-01
7.906341511534312083e+00 3.217912047936977160e-16 -1.234519007395270679e-01
8.011061266653973334e+00 1.569924745759010420e-16 -1.218185920690870588e-01
8.115781021773631920e+00 -1.994931997373328159e-17 -1.205696937945082980e-01
8.220500776893292283e+00 1.301042606982605321e-16 -1.185907314011328539e-01
8.325220532012952646e+00 -1.413799632921097782e-16 -1.177050542220845070e-01
8.429940287132611232e+00 -1.916869440954371839e-16 -1.161974359323043188e-01
8.534660042252271595e+00 2.220446049250313081e-16 -1.150785392792971346e-01
8.639379797371930181e+00 5.421010862427522170e-16 -1.139207253188324886e-01
8.744099552491592320e+00 3.677613769070831040e-16 -1.124467150604540888e-01
8.848819307611250906e+00 1.387778780781445676e-16 -1.113389221322205330e-01
8.953539062730909492e+00 3.833738881908743679e-16 -1.097654841343237986e-01
9.058258817850569855e+00 3.903127820947815962e-16 -1.085583012466531799e-01
9.162978572970228441e+00 2.203098814490545010e-16 -1.076308835959856047e-01
9.267698328089890580e+00 1.786765180256111307e-16 -1.067155360476007980e-01
9.372418083209549167e+00 -3.035766082959412415e-17 -1.051652380298585404e-01
9.477137838329209529e+00 6.071532165918824830e-18 -1.040140915890735984e-01
9.581857593448868116e+00 1.136243876764808647e-16 -1.029702809964220395e-01
9.686577348568528478e+00 -2.949029909160572061e-17 -1.020437255447869951e-01
9.791297103688188841e+00 -4.597017211338538800e-17 -1.011587489150743008e-01
9.896016858807849204e+00 -3.642919299551294898e-16 -1.001348518332869225e-01
1.000073661392750779e+01 -2.151057110211240797e-16 -9.913939416694356188e-02
1.010545636904716815e+01 -9.887923813067800438e-17 -9.813329639117797376e-02
1.021017612416682674e+01 8.673617379884035472e-19 -9.697055733506440567e-02
1.031489587928648710e+01 -1.457167719820517959e-16 -9.582212175216964223e-02
1.041961563440614746e+01 1.136243876764808647e-16 -9.469955116061978817e-02
1.052433538952580783e+01 -1.144917494144692682e-16 -9.417991375150785993e-02
1.062905514464546641e+01 -3.269953752216281373e-16 -9.318019356578466361e-02
1.073377489976512678e+01 -2.619432448724978713e-16 -9.215380038639220395e-02
1.083849465488478536e+01 -2.706168622523819067e-16 -9.136698972483973946e-02
1.094321441000444750e+01 -2.090341788552052549e-16 -9.059751046684340337e-02
1.104793416512410609e+01 -3.807718029769091572e-16 -8.976488981496795472e-02
1.115265392024376645e+01 -4.406197628981090020e-16 -8.908973398475777961e-02
1.125737367536342504e+01 -5.117434254131580929e-17 -8.808452034162844724e-02
1.136209343048308362e+01 -5.473052566706826383e-16 -8.707966370788153276e-02
1.146681318560274576e+01 -1.899522206194603768e-16 -8.667935625307190972e-02
1.157153294072240435e+01 -1.908195823574487804e-16 -8.557580436423850578e-02
1.167625269584206471e+01 -3.018418848199644344e-16 -8.503698804891006435e-02
1.178097245096172330e+01 -2.567390744445674500e-16 -8.418972359204739131e-02
1.188569220608138366e+01 -1.569924745759010420e-16 -8.365649052507848071e-02
1.199041196120104225e+01 -1.621966450038314633e-16 -8.273217903324139866e-02
1.209513171632070438e+01 -3.157196726277788912e-16 -8.196969219979372001e-02
1.219985147144036297e+01 -1.023486850826316186e-16 -8.136152454889425401e-02
1.230457122656002333e+01 -1.058181320345852328e-16 -8.068435224427678021e-02
1.240929098167968192e+01 -1.014813233446432150e-16 -8.008861160922919886e-02
1.251401073679934228e+01 4.770489558936219510e-17 -7.933402317117008162e-02
1.261873049191900265e+01 1.370431546021677605e-16 -7.891467945945589146e-02
1.272345024703866301e+01 -5.204170427930421283e-18 -7.804684113843199378e-02
1.282817000215832159e+01 -2.697495005143935032e-16 -7.764387928051175169e-02
1.293288975727798196e+01 -8.760353553682875827e-17 -7.705812892406861681e-02
1.303760951239764054e+01 -5.377642775528101993e-17 -7.652538360173198606e-02
1.314232926751730268e+01 -1.934216675714139910e-16 -7.581776049101718318e-02
1.324704902263696127e+01 -1.994931997373328159e-16 -7.520522412519735356e-02
1.335176877775662163e+01 -1.682681771697502882e-16 -7.458667705814205073e-02
1.345648853287628022e+01 -1.613292832658430598e-16 -7.411033194246773037e-02
1.356120828799594058e+01 -3.079134169858832593e-16 -7.343927813390635495e-02
1.366592804311559917e+01 -1.301042606982605321e-16 -7.272740606112246264e-02
1.377064779823526131e+01 -1.266348137463069179e-16 -7.229915715364884643e-02
1.387536755335491989e+01 -2.272487753529617294e-16 -7.181825094341087734e-02
1.398008730847457848e+01 -1.621966450038314633e-16 -7.147538627339208861e-02
1.408480706359423884e+01 -1.778091562876227272e-16 -7.088408963208511770e-02
1.418952681871389743e+01 -7.546047120499110861e-17 -7.034476296311441279e-02
1.429424657383355957e+01 -1.014813233446432150e-16 -6.972546586070937913e-02
1.439896632895321815e+01 -1.986258379993444123e-16 -6.920895125941062265e-02
1.450368608407287851e+01 -3.903127820947815962e-17 -6.893034223121169424e-02
1.460840583919253710e+01 -1.778091562876227272e-16 -6.843260544016685487e-02
1.471312559431219746e+01 -1.327063459122257427e-16 -6.777835602446170837e-02
1.481784534943185783e+01 -8.239936510889833698e-17 -6.757256046714056608e-02
1.492256510455151819e+01 -1.101549407245272505e-16 -6.698256565727642164e-02
1.502728485967117678e+01 -1.188285581044112860e-16 -6.645445672454881880e-02
1.513200461479083714e+01 -1.344410693882025498e-16 -6.622339936363336177e-02
1.523672436991049572e+01 -1.179611963664228824e-16 -6.570717064061597223e-02
1.534144412503015609e+01 -7.199102425303749442e-17 -6.515053158093682406e-02
1.544616388014981645e+01 -1.292368989602721285e-16 -6.495528598741674708e-02
1.555088363526947681e+01 -1.786765180256111307e-16 -6.436931245468180407e-02
1.565560339038913540e+01 -5.898059818321144121e-17 -6.393515237177800625e-02
1.576032314550879576e+01 -1.769417945496343236e-16 -6.368999554117865669e-02
1.586504290062845435e+01 -8.847089727481716182e-17 -6.325853598290628876e-02
1.596976265574811649e+01 -4.510281037539698445e-17 -6.276112070284430022e-02
1.607448241086777685e+01 -1.422473250300981817e-16 -6.233848808403423536e-02
1.617920216598743366e+01 -1.118896642005040576e-16 -6.189070846068717852e-02
1.628392192110709402e+01 -1.578598363138894456e-16 -6.162688806966394595e-02
1.638864167622675438e+01 -8.239936510889833698e-17 -6.127320352639078344e-02
1.649336143134641475e+01 -9.280770596475917955e-17 -6.096122880597396043e-02
1.659808118646607511e+01 -1.916869440954371839e-16 -6.047805280702672759e-02
1.670280094158573192e+01 -8.933825901280556536e-17 -6.003590675390070575e-02
1.680752069670539228e+01 -8.239936510889833698e-17 -5.972080206277257525e-02
1.691224045182505265e+01 -9.020562075079396891e-17 -5.933174697576938661e-02
1.701696020694471301e+01 -1.032160468206200221e-16 -5.895678616093208424e-02
1.712167996206437337e+01 -2.515349040166370287e-17 -5.854198234807690693e-02
1.722639971718403373e+01 -7.806255641895631925e-17 -5.822891393420499828e-02
1.733111947230369054e+01 -1.266348137463069179e-16 -5.789635265787416996e-02
1.743583922742335091e+01 6.938893903907228378e-18 -5.765836090677314146e-02
1.754055898254301127e+01 1.249000902703301108e-16 -5.720856565686399664e-02
1.764527873766267163e+01 6.765421556309547668e-17 -5.697349648771281305e-02
1.774999849278232844e+01 -1.734723475976807094e-18 -5.659639047372846260e-02
1.785471824790198880e+01 -2.602085213965210642e-17 -5.629647386923471164e-02
1.795943800302165272e+01 -3.122502256758252770e-17 -5.597024448390860996e-02
1.806415775814131308e+01 -9.020562075079396891e-17 -5.567894655509020296e-02
1.816887751326096989e+01 -3.469446951953614189e-17 -5.533591277510548773e-02
1.827359726838063025e+01 -1.474514954580286030e-17 -5.494402722177983700e-02
1.837831702350029062e+01 -5.984795992119984476e-17 -5.470143053829688157e-02
1.848303677861995098e+01 -3.729655473350135253e-17 -5.435656311309441241e-02
1.858775653373960779e+01 8.673617379884035472e-19 -5.412162102145191139e-02
1.869247628885926815e+01 1.561251128379126385e-17 -5.371303141310550949e-02
1.879719604397892851e+01 -1.621966450038314633e-16 -5.353151241805249871e-02
