0.000000000000000000e+00 -5.000000000000000000e-01 4.517764987951503443e-05
2.083333333333333426e-01 -3.684477647502766295e-01 3.444588987775697175e-05
4.166666666666666852e-01 -2.746899170595995532e-01 3.136588336838123985e-05
6.250000000000000000e-01 -2.071903153957829757e-01 2.546667661537233539e-05
8.333333333333333703e-01 -1.587134174174805457e-01 2.197115323077831632e-05
1.041666666666666741e+00 -1.230463942407994116e-01 2.082115838871207101e-05
1.250000000000000000e+00 -9.675513857358403191e-02 2.096378793574980786e-05
1.458333333333333481e+00 -7.693097854403378733e-02 2.095026201036877530e-05
1.666666666666666741e+00 -6.150076150792985197e-02 2.070310000640776532e-05
1.875000000000000000e+00 -4.943207754045719771e-02 2.013556573318415181e-05
2.083333333333333481e+00 -4.001832499865733139e-02 1.989208479299032931e-05
2.291666666666666963e+00 -3.292158298526267485e-02 2.044442741354065234e-05
2.500000000000000000e+00 -2.706167581762038837e-02 1.970763809393807629e-05
2.708333333333333481e+00 -2.258099564393285102e-02 1.935556559202257463e-05
2.916666666666666963e+00 -1.894517967339908945e-02 1.950721021206076568e-05
3.125000000000000000e+00 -1.580302902918625726e-02 1.872415131944423102e-05
3.333333333333333481e+00 -1.328155633572931753e-02 1.831423264949332986e-05
3.541666666666666963e+00 -1.153316593148565918e-02 1.938885238558530353e-05
3.750000000000000000e+00 -1.040987592461955005e-02 2.125694356168892713e-05
3.958333333333333481e+00 -9.306469161999678802e-03 2.356458392582771097e-05
4.166666666666666963e+00 -7.995399749793666647e-03 2.144276789479651222e-05
4.375000000000000000e+00 -7.005161195972446804e-03 2.148029268931463635e-05
4.583333333333333925e+00 -5.824093767675755234e-03 1.776124119957273354e-05
4.791666666666666963e+00 -4.883019697351330922e-03 1.516926040479535770e-05
5.000000000000000000e+00 -4.513944899653541537e-03 1.723824372459153750e-05
5.208333333333333925e+00 -4.349026508530037284e-03 2.079951103305617541e-05
5.416666666666666963e+00 -3.569466815695088169e-03 1.726893364914354364e-05
5.625000000000000000e+00 -3.159521863596676146e-03 1.684575086611617988e-05
5.833333333333333925e+00 -2.567449594588652479e-03 1.302968319530901125e-05
6.041666666666666963e+00 -2.020469214661472623e-03 9.084083357360881418e-06
6.250000000000000000e+00 -1.581073728088578257e-03 6.127469910319306540e-06
6.458333333333333925e+00 -1.304441851136870769e-03 4.916692663368686378e-06
6.666666666666666963e+00 -1.043584077919966447e-03 3.378439704583451277e-06
6.875000000000000000e+00 -8.458517203497044768e-04 2.270579060321336108e-06
7.083333333333333925e+00 -6.998143682630161020e-04 1.550012131764920563e-06
7.291666666666666963e+00 -5.902588535522157497e-04 1.137862653807886143e-06
7.500000000000000000e+00 -5.117659949013525630e-04 1.027566070528013307e-06
7.708333333333333925e+00 -4.450258790557761303e-04 8.896601527073138129e-07
7.916666666666666963e+00 -3.959394037178628968e-04 9.299360156558064430e-07
8.125000000000000000e+00 -3.473633845024992313e-04 8.693287652642957032e-07
8.333333333333333925e+00 -3.030431623034124822e-04 7.063593231739164702e-07
8.541666666666667851e+00 -2.653713386015410969e-04 6.251957612854610505e-07
8.750000000000000000e+00 -2.309080139470607294e-04 5.110725195904935761e-07
8.958333333333333925e+00 -2.076473908410568785e-04 4.660106056152764739e-07
9.166666666666667851e+00 -1.780933432744315214e-04 3.780266295373111728e-07
9.375000000000000000e+00 -1.551637101076534700e-04 3.149164649217039851e-07
9.583333333333333925e+00 -1.321850739129928009e-04 2.548663912639059157e-07
9.791666666666667851e+00 -1.114311425210337769e-04 1.944351158188034838e-07
1.000000000000000000e+01 -9.808993663417333989e-05 1.612176237963303660e-07
1.020833333333333393e+01 -8.371558020068248197e-05 1.440797560454268985e-07
1.041666666666666785e+01 -7.402875472640560212e-05 1.297969936614177027e-07
1.062500000000000000e+01 -6.536865614401610202e-05 1.125241609364838686e-07
1.083333333333333393e+01 -5.474025619686032453e-05 9.662811444355518208e-08
1.104166666666666785e+01 -4.850042813248817456e-05 8.243429174871992977e-08
1.125000000000000000e+01 -4.247341776271656240e-05 7.519635764196177595e-08
1.145833333333333393e+01 -3.731637177296357659e-05 6.646672764792964525e-08
1.166666666666666785e+01 -3.523895955897439632e-05 6.312640336944155777e-08
1.187500000000000000e+01 -3.143308236171428645e-05 6.978650904733114939e-08
1.208333333333333393e+01 -3.045526582417183009e-05 8.178056593447768382e-08
1.229166666666666785e+01 -2.869066965764937522e-05 8.194666649054075336e-08
1.250000000000000000e+01 -2.649581518682657318e-05 1.039127938060991692e-07
1.270833333333333393e+01 -2.525484829880683582e-05 8.741928490650106056e-08
1.291666666666666785e+01 -2.157419471332141156e-05 8.044133320339584025e-08
1.312500000000000000e+01 -1.755780153142019314e-05 6.406116855043579216e-08
1.333333333333333393e+01 -1.646812447792416259e-05 4.889952430488203324e-08
1.354166666666666785e+01 -1.249135081236664354e-05 4.204170239815815130e-08
1.375000000000000000e+01 -1.132056867806809443e-05 3.075211760653346368e-08
1.395833333333333393e+01 -1.067344578691237479e-05 2.211670412028115713e-08
1.416666666666666785e+01 -8.124398946456032241e-06 1.785152859982766710e-08
1.437500000000000000e+01 -8.659345412292919478e-06 1.347511198372883377e-08
1.458333333333333393e+01 -7.186127659879589683e-06 1.156172682256995240e-08
1.479166666666666785e+01 -5.864918611926143516e-06 1.032320960525101516e-08
1.500000000000000000e+01 -6.634326128610654923e-06 7.980926358195810705e-09
1.520833333333333393e+01 -4.541376131377934421e-06 6.232813527025732226e-09
1.541666666666666785e+01 -4.627827461558362805e-06 5.232036231320026832e-09
1.562500000000000000e+01 -4.723395844683773404e-06 4.536639701301125809e-09
1.583333333333333393e+01 -2.936081507186387143e-06 4.124924395143240069e-09
1.604166666666666785e+01 -3.959225409761575250e-06 3.643357758009504079e-09
1.625000000000000000e+01 -3.001782336616360551e-06 3.246578339940963106e-09
1.645833333333333570e+01 -2.200790862887508687e-06 3.249182429531328576e-09
1.666666666666666785e+01 -3.313605730203914876e-06 3.120226541251764957e-09
1.687500000000000000e+01 -1.738984151134618094e-06 3.162244671196081194e-09
1.708333333333333570e+01 -2.113177733482542768e-06 3.146781523171708991e-09
1.729166666666666785e+01 -2.410452081464945881e-06 2.701692305991939930e-09
1.750000000000000000e+01 -9.093176828039883224e-07 2.449624128925226506e-09
1.770833333333333570e+01 -2.063059178848062233e-06 2.488993672171072949e-09
1.791666666666666785e+01 -1.350348383085154210e-06 2.042351761088923375e-09
1.812500000000000000e+01 -6.845610286657658388e-07 1.647306161649247209e-09
1.833333333333333570e+01 -1.797270750609652513e-06 1.289285976537845557e-09
1.854166666666666785e+01 -4.298459777778423917e-07 1.235899361678079270e-09
1.875000000000000000e+01 -8.396954735528932103e-07 1.369506265208357664e-09
1.895833333333333570e+01 -1.247072195111550352e-06 1.558126311388746269e-09
1.916666666666666785e+01 5.420476078445860425e-08 1.417811169659006092e-09
1.937500000000000000e+01 -1.105531580998215875e-06 1.478116194928010230e-09
1.958333333333333570e+01 -5.401212272439717989e-07 1.131950930804320040e-09
1.979166666666666785e+01 -2.997532755854887500e-09 8.652484336593641270e-10
2.000000000000000000e+01 -1.152184561890574636e-06 6.598305462574821730e-10
2.020833333333333570e+01 8.108454856833625358e-08 5.641000847796429232e-10
2.041666666666666785e+01 -3.714124442963672330e-07 5.494854759862417955e-10
2.062500000000000000e+01 -8.180473254754666791e-07 5.551173848006699201e-10
2.083333333333333570e+01 3.790196250043896735e-07 4.969388858091623840e-10
2.104166666666666785e+01 -7.471468641778548660e-07 4.388652469176319478e-10
2.125000000000000000e+01 -2.338210511605576490e-07 3.833315174401474304e-10
2.145833333333333570e+01 2.582776902304724161e-07 3.382928062922289065e-10
2.166666666666666785e+01 -8.641153270826513845e-07 3.241696398010274188e-10
2.187500000000000000e+01 2.932706814924981092e-07 2.766074257145570722e-10
2.208333333333333570e+01 -1.610824255358248029e-07 2.644002955282322741e-10
2.229166666666666785e+01 -6.060983345604689950e-07 2.647601404406132391e-10
2.250000000000000000e+01 5.206208422721761933e-07 2.715249886830726897e-10
2.270833333333333570e+01 -5.841382599006067480e-07 3.169315505685167769e-10
2.291666666666666785e+01 -1.120738151397963480e-07 3.660616452465318371e-10
2.312500000000000000e+01 3.524646889830053262e-07 3.315993306276214141e-10
2.333333333333333570e+01 -7.388626810082366254e-07 3.651677825206595469e-10
2.354166666666666785e+01 3.663588398731116922e-07 3.117255878199657213e-10
2.375000000000000000e+01 -8.043810211753703945e-08 2.686678516415040475e-10
2.395833333333333570e+01 -5.197750334551133912e-07 3.022409281832048934e-10
2.416666666666666785e+01 5.653340098890447538e-07 3.687293203672596595e-10
2.437500000000000000e+01 -5.202214673648412937e-07 5.027044199783399383e-10
2.458333333333333570e+01 -7.549228975589264030e-08 6.744566940468370159e-10
2.479166666666666785e+01 3.743490214693052841e-07 5.300438574663259230e-10
2.500000000000000000e+01 -6.864933140509977419e-07 4.515950454974392001e-10
2.520833333333333570e+01 3.813090750057365810e-07 4.323814056452138677e-10
2.541666666666666785e+01 -5.324074387527088255e-08 3.516199261006248081e-10
2.562500000000000000e+01 -4.808580411618316467e-07 2.970541572654549894e-10
2.583333333333333570e+01 5.827551005932226198e-07 2.385063137332454877e-10
2.604166666666666785e+01 -4.694223851669818517e-07 2.184563817957624179e-10
2.625000000000000000e+01 -3.140043734940148144e-08 1.977862806254679875e-10
2.645833333333333570e+01 4.016923952035683263e-07 1.602968511290341556e-10
2.666666666666666785e+01 -6.421585378802813341e-07 1.476918210718231301e-10
2.687500000000000000e+01 4.039192767034367758e-07 1.521548888072804211e-10
2.708333333333333570e+01 -2.929502753424662643e-08 1.963474369156496912e-10
2.729166666666666785e+01 -4.579796880590413813e-07 2.346441673066583535e-10
2.750000000000000000e+01 5.839295987634028822e-07 2.419001321260550470e-10
2.770833333333333570e+01 -4.560758538084208808e-07 2.828654763121053011e-10
2.791666666666666785e+01 -2.396293087517858329e-08 2.226924062489711167e-10
2.812500000000000000e+01 4.019418466702488968e-07 1.826915781323923615e-10
2.833333333333333570e+01 -6.357504616369511903e-07 1.720212163792626938e-10
2.854166666666666785e+01 4.009157342710765392e-07 1.702384411012122138e-10
2.875000000000000000e+01 -2.617755226296810909e-08 1.809796689338994425e-10
2.895833333333333570e+01 -4.506302591663076589e-07 1.922376182232448882e-10
2.916666666666666785e+01 5.783639695207219714e-07 2.113568683805363329e-10
2.937500000000000000e+01 -4.547170933796243127e-07 2.438922244456520482e-10
2.958333333333333570e+01 -2.827510645460644484e-08 2.134877925493236358e-10
2.979166666666666785e+01 3.986440175373608135e-07 2.066426094521694126e-10
3.000000000000000000e+01 -6.338929514602172777e-07 1.952873611756289782e-10
3.020833333333333570e+01 3.986440175105404681e-07 2.066426094603277916e-10
3.041666666666666785e+01 -2.827510645391826697e-08 2.134877925495782523e-10
3.062500000000000000e+01 -4.547170934003297155e-07 2.438922244293400465e-10
3.083333333333333570e+01 5.783639695416526849e-07 2.113568683703018340e-10
3.104166666666666785e+01 -4.506302591278371165e-07 1.922376182272402482e-10
3.125000000000000000e+01 -2.617755226300816449e-08 1.809796689439251818e-10
3.145833333333333570e+01 4.009157342174209195e-07 1.702384411130139873e-10
3.166666666666666785e+01 -6.357504616444790898e-07 1.720212163808782551e-10
3.187500000000000000e+01 4.019418466742895087e-07 1.826915781148984739e-10
3.208333333333333570e+01 -2.396293084123555772e-08 2.226924062438946576e-10
3.229166666666667140e+01 -4.560758538467395396e-07 2.828654762738366172e-10
3.250000000000000000e+01 5.839295987440666024e-07 2.419001321034088581e-10
3.270833333333333570e+01 -4.579796880408118559e-07 2.346441672669549765e-10
3.291666666666667140e+01 -2.929502750035153102e-08 1.963474368895098016e-10
3.312500000000000000e+01 4.039192767038970853e-07 1.521548888015143002e-10
3.333333333333333570e+01 -6.421585379174567632e-07 1.476918210643806760e-10
3.354166666666667140e+01 4.016923952013749875e-07 1.602968511325082624e-10
3.375000000000000000e+01 -3.140043731424091219e-08 1.977862806360141784e-10
3.395833333333333570e+01 -4.694223851625564222e-07 2.184563817977477807e-10
3.416666666666667140e+01 5.827551006220539272e-07 2.385063137264295194e-10
3.437500000000000000e+01 -4.808580411500500537e-07 2.970541572481491302e-10
3.458333333333333570e+01 -5.324074384918163250e-08 3.516199260804335878e-10
3.479166666666667140e+01 3.813090750022008008e-07 4.323814056209587091e-10
3.500000000000000000e+01 -6.864933140681135249e-07 4.515950454853318092e-10
3.520833333333333570e+01 3.743490214524148118e-07 5.300438574527730856e-10
3.541666666666667140e+01 -7.549228973508164959e-08 6.744566940406676961e-10
3.562500000000000000e+01 -5.202214673213372581e-07 5.027044199647828617e-10
3.583333333333333570e+01 5.653340099158780164e-07 3.687293203711293655e-10
3.604166666666667140e+01 -5.197750334090603157e-07 3.022409281909125106e-10
3.625000000000000000e+01 -8.043810215408992573e-08 2.686678516578742104e-10
3.645833333333333570e+01 3.663588398636735217e-07 3.117255878390565329e-10
3.666666666666667140e+01 -7.388626809923066886e-07 3.651677825198941981e-10
3.687500000000000000e+01 3.524646889929866566e-07 3.315993306085104400e-10
3.708333333333333570e+01 -1.120738151336963079e-07 3.660616452332425602e-10
3.729166666666667140e+01 -5.841382599462407539e-07 3.169315505527824575e-10
3.750000000000000000e+01 5.206208423002622176e-07 2.715249886863669882e-10
3.770833333333333570e+01 -6.060983345417803777e-07 2.647601404426238566e-10
3.791666666666667140e+01 -1.610824255092125630e-07 2.644002955348883380e-10
3.812500000000000000e+01 2.932706814653798200e-07 2.766074257228986200e-10
3.833333333333333570e+01 -8.641153270709967405e-07 3.241696398107966286e-10
3.854166666666667140e+01 2.582776902582438736e-07 3.382928062927697793e-10
3.875000000000000000e+01 -2.338210511944129736e-07 3.833315174464394831e-10
3.895833333333333570e+01 -7.471468641819864809e-07 4.388652469117827468e-10
3.916666666666667140e+01 3.790196249804331466e-07 4.969388857951534599e-10
3.937500000000000000e+01 -8.180473254320272297e-07 5.551173847735630046e-10
3.958333333333333570e+01 -3.714124442860471953e-07 5.494854759667177481e-10
3.979166666666667140e+01 8.108454859704282221e-08 5.641000847807506214e-10
4.000000000000000000e+01 -1.152184561874460257e-06 6.598305462857060925e-10
4.020833333333333570e+01 -2.997532774039043751e-09 8.652484337201793763e-10
4.041666666666667140e+01 -5.401212272619641552e-07 1.131950930903120974e-09
4.062500000000000000e+01 -1.105531581033373460e-06 1.478116195075768675e-09
4.083333333333333570e+01 5.420476082378083828e-08 1.417811169783254204e-09
4.104166666666667140e+01 -1.247072195111282690e-06 1.558126311533598002e-09
4.125000000000000000e+01 -8.396954735418874995e-07 1.369506265300711966e-09
4.145833333333333570e+01 -4.298459777581315644e-07 1.235899361703044201e-09
4.166666666666667140e+01 -1.797270750608438080e-06 1.289285976507082296e-09
4.187500000000000000e+01 -6.845610286496072030e-07 1.647306161627869554e-09
4.208333333333333570e+01 -1.350348383104596369e-06 2.042351761062086327e-09
4.229166666666667140e+01 -2.063059178795477157e-06 2.488993672136928588e-09
4.250000000000000000e+01 -9.093176828474509593e-07 2.449624128902950118e-09
4.270833333333333570e+01 -2.410452081506404332e-06 2.701692305989098151e-09
4.291666666666667140e+01 -2.113177733435711587e-06 3.146781523163775502e-09
4.312500000000000000e+01 -1.738984151169106734e-06 3.162244671171659928e-09
4.333333333333333570e+01 -3.313605730197947529e-06 3.120226541237085810e-09
4.354166666666667140e+01 -2.200790862852855299e-06 3.249182429528799058e-09
4.375000000000000000e+01 -3.001782336596644165e-06 3.246578339942906153e-09
4.395833333333333570e+01 -3.959225409799291086e-06 3.643357758011676669e-09
4.416666666666667140e+01 -2.936081507186722144e-06 4.124924395141565029e-09
4.437500000000000000e+01 -4.723395844734464938e-06 4.536639701300588142e-09
4.458333333333333570e+01 -4.627827461529337527e-06 5.232036231309165123e-09
4.479166666666667140e+01 -4.541376131329560369e-06 6.232813527017851677e-09
4.500000000000000000e+01 -6.634326128580466669e-06 7.980926358192010637e-09
4.520833333333333570e+01 -5.864918611947005938e-06 1.032320960524686933e-08
4.541666666666667140e+01 -7.186127659860778775e-06 1.156172682256819712e-08
4.562500000000000000e+01 -8.659345412272458550e-06 1.347511198372685847e-08
4.583333333333333570e+01 -8.124398946479340894e-06 1.785152859980426120e-08
4.604166666666667140e+01 -1.067344578695813998e-05 2.211670412025904825e-08
4.625000000000000000e+01 -1.132056867806537545e-05 3.075211760651508042e-08
4.645833333333333570e+01 -1.249135081233555574e-05 4.204170239811762607e-08
4.666666666666667140e+01 -1.646812447791517388e-05 4.889952430485759502e-08
4.687500000000000000e+01 -1.755780153146059661e-05 6.406116855040891210e-08
4.708333333333333570e+01 -2.157419471328605640e-05 8.044133320337367181e-08
4.729166666666667140e+01 -2.525484829877185336e-05 8.741928490648658159e-08
4.750000000000000000e+01 -2.649581518685966845e-05 1.039127938060862387e-07
4.770833333333333570e+01 -2.869066965768557063e-05 8.194666649056489380e-08
4.791666666666667140e+01 -3.045526582414946842e-05 8.178056593451341803e-08
4.812500000000000000e+01 -3.143308236173038685e-05 6.978650904741676589e-08
4.833333333333333570e+01 -3.523895955902470330e-05 6.312640336964528242e-08
4.854166666666667140e+01 -3.731637177298289572e-05 6.646672764811822920e-08
4.875000000000000000e+01 -4.247341776265266223e-05 7.519635764211798736e-08
4.895833333333333570e+01 -4.850042813252091747e-05 8.243429174886688998e-08
4.916666666666667140e+01 -5.474025619689114298e-05 9.662811444368498988e-08
4.937500000000000000e+01 -6.536865614403357123e-05 1.125241609365935858e-07
4.958333333333333570e+01 -7.402875472643823660e-05 1.297969936614915004e-07
4.979166666666667140e+01 -8.371558020068420314e-05 1.440797560454707324e-07
5.000000000000000000e+01 -9.808993663420380598e-05 1.612176237963560682e-07
5.020833333333333570e+01 -1.114311425210444563e-04 1.944351158188086719e-07
5.041666666666667140e+01 -1.321850739130177375e-04 2.548663912639003570e-07
5.062500000000000000e+01 -1.551637101076463142e-04 3.149164649216929207e-07
5.083333333333333570e+01 -1.780933432744609846e-04 3.780266295373012731e-07
5.104166666666667140e+01 -2.076473908410689944e-04 4.660106056152825619e-07
5.125000000000000000e+01 -2.309080139470957220e-04 5.110725195905147519e-07
5.145833333333333570e+01 -2.653713386015731893e-04 6.251957612854976846e-07
5.166666666666667140e+01 -3.030431623033650484e-04 7.063593231739733273e-07
5.187500000000000000e+01 -3.473633845024757041e-04 8.693287652643853828e-07
5.208333333333333570e+01 -3.959394037179460551e-04 9.299360156559045929e-07
5.229166666666667140e+01 -4.450258790557786782e-04 8.896601527074351504e-07
5.250000000000000000e+01 -5.117659949013821617e-04 1.027566070528131680e-06
5.270833333333333570e+01 -5.902588535522937038e-04 1.137862653808010869e-06
5.291666666666667140e+01 -6.998143682630140420e-04 1.550012131765012254e-06
5.312500000000000000e+01 -8.458517203497063200e-04 2.270579060321362790e-06
5.333333333333333570e+01 -1.043584077920030198e-03 3.378439704583405960e-06
5.354166666666667140e+01 -1.304441851136896573e-03 4.916692663368620309e-06
5.375000000000000000e+01 -1.581073728088611217e-03 6.127469910319654670e-06
5.395833333333333570e+01 -2.020469214661571936e-03 9.084083357361750474e-06
5.416666666666667140e+01 -2.567449594588809905e-03 1.302968319531075783e-05
5.437500000000000000e+01 -3.159521863596866965e-03 1.684575086611868710e-05
5.458333333333333570e+01 -3.569466815695252968e-03 1.726893364914586113e-05
5.479166666666667140e+01 -4.349026508530263666e-03 2.079951103305876733e-05
5.500000000000000000e+01 -4.513944899653845981e-03 1.723824372459350940e-05
5.520833333333333570e+01 -4.883019697351569446e-03 1.516926040479691286e-05
5.541666666666667140e+01 -5.824093767676042331e-03 1.776124119957479353e-05
5.562500000000000000e+01 -7.005161195972831913e-03 2.148029268931722828e-05
5.583333333333333570e+01 -7.995399749794076041e-03 2.144276789479906687e-05
5.604166666666667140e+01 -9.306469162000128095e-03 2.356458392583043164e-05
5.625000000000000000e+01 -1.040987592461988312e-02 2.125694356169089563e-05
5.645833333333333570e+01 -1.153316593148600439e-02 1.938885238558648260e-05
5.666666666666667140e+01 -1.328155633572943896e-02 1.831423264949419384e-05
5.687500000000000000e+01 -1.580302902918641339e-02 1.872415131944466809e-05
5.708333333333333570e+01 -1.894517967339926640e-02 1.950721021206094187e-05
5.729166666666667140e+01 -2.258099564393296205e-02 1.935556559202266611e-05
5.750000000000000000e+01 -2.706167581762053756e-02 1.970763809393823892e-05
5.770833333333333570e+01 -3.292158298526275118e-02 2.044442741354084885e-05
5.791666666666667140e+01 -4.001832499865747711e-02 1.989208479299047161e-05
5.812500000000000000e+01 -4.943207754045724628e-02 2.013556573318426023e-05
5.833333333333333570e+01 -6.150076150792994217e-02 2.070310000640779581e-05
5.854166666666667140e+01 -7.693097854403395386e-02 2.095026201036882612e-05
5.875000000000000000e+01 -9.675513857358408742e-02 2.096378793574989256e-05
5.895833333333333570e+01 -1.230463942407995503e-01 2.082115838871212522e-05
5.916666666666667140e+01 -1.587134174174805734e-01 2.197115323077841119e-05
5.937500000000000000e+01 -2.071903153957830590e-01 2.546667661537237265e-05
5.958333333333333570e+01 -2.746899170595996642e-01 3.136588336838132794e-05
5.979166666666667140e+01 -3.684477647502767961e-01 3.444588987775652452e-05
6.000000000000000000e+01 -5.000000000000000000e-01 4.517764987951503443e-05
