0.000000000000000000e+00 -4.999999999999990008e-01 1.304059477272872147e-04
2.083333333333333426e-01 -3.941558538927603106e-01 1.011826429238356514e-04
4.166666666666666852e-01 -3.158733272289291349e-01 8.295730378455863727e-05
6.250000000000000000e-01 -2.565991198586390909e-01 6.825184001725876260e-05
8.333333333333333703e-01 -2.116259534662195130e-01 5.637809655321962413e-05
1.041666666666666741e+00 -1.773221996398106071e-01 4.755058137492620474e-05
1.250000000000000000e+00 -1.510828576507595167e-01 4.151524124677433223e-05
1.458333333333333481e+00 -1.310236033328284755e-01 3.740054221155186267e-05
1.666666666666666741e+00 -1.153028300037942933e-01 3.470833571030060305e-05
1.875000000000000000e+00 -1.026508892006071649e-01 3.254664067721532369e-05
2.083333333333333481e+00 -9.246298167439112592e-02 3.088755289599875732e-05
2.291666666666666963e+00 -8.392694877291859146e-02 2.949906538048699097e-05
2.500000000000000000e+00 -7.699297911756253221e-02 2.846412837809353632e-05
2.708333333333333481e+00 -7.142990038579936918e-02 2.789849152376179227e-05
2.916666666666666963e+00 -6.657128221764103959e-02 2.725030709188951694e-05
3.125000000000000000e+00 -6.281739853142412344e-02 2.708192251002667855e-05
3.333333333333333481e+00 -5.951277966007428866e-02 2.703565163488835023e-05
3.541666666666666963e+00 -5.681847687921851020e-02 2.709548405278934427e-05
3.750000000000000000e+00 -5.439830861682108665e-02 2.708035589974326141e-05
3.958333333333333481e+00 -5.253558554155939031e-02 2.783956849809862862e-05
4.166666666666666963e+00 -5.074530210124798130e-02 2.739640251855506747e-05
4.375000000000000000e+00 -4.896914738494882735e-02 2.713551624550708730e-05
4.583333333333333925e+00 -4.704612567473934193e-02 2.622938790140487075e-05
4.791666666666666963e+00 -4.539753428123369239e-02 2.559743070108153561e-05
5.000000000000000000e+00 -4.421633593943237461e-02 2.562596356480106819e-05
5.208333333333333925e+00 -4.306571240258044025e-02 2.541560335370786968e-05
5.416666666666666963e+00 -4.181489836131351001e-02 2.516862258317425772e-05
5.625000000000000000e+00 -4.057463322424266494e-02 2.433239891313289008e-05
5.833333333333333925e+00 -3.964752757408594036e-02 2.389038980781124663e-05
6.041666666666666963e+00 -3.864304990791339600e-02 2.334008802479592480e-05
6.250000000000000000e+00 -3.784914773775224089e-02 2.332470760453240479e-05
6.458333333333333925e+00 -3.725972120166261281e-02 2.364297156741029633e-05
6.666666666666666963e+00 -3.681652840834197249e-02 2.363562265674368343e-05
6.875000000000000000e+00 -3.645821078720606900e-02 2.381568597540384852e-05
7.083333333333333925e+00 -3.640375212814653261e-02 2.472389950530114302e-05
7.291666666666666963e+00 -3.580087545463452037e-02 2.407791120225486806e-05
7.500000000000000000e+00 -3.516466907131671205e-02 2.355952074789751050e-05
7.708333333333333925e+00 -3.468530530701630088e-02 2.357661199959694450e-05
7.916666666666666963e+00 -3.437188654132533605e-02 2.354529272615914117e-05
8.125000000000000000e+00 -3.403123333511429843e-02 2.341096327136237196e-05
8.333333333333333925e+00 -3.346807823560485340e-02 2.291311124400572909e-05
8.541666666666667851e+00 -3.312476986420557351e-02 2.283547907746361370e-05
8.750000000000000000e+00 -3.275192396470676809e-02 2.297672602705488714e-05
8.958333333333333925e+00 -3.261869942587121429e-02 2.359157317927526433e-05
9.166666666666667851e+00 -3.230118366753002845e-02 2.338371812717687451e-05
9.375000000000000000e+00 -3.182756292563741068e-02 2.276801550565405192e-05
9.583333333333333925e+00 -3.167682147180889835e-02 2.332764487507420041e-05
9.791666666666667851e+00 -3.130914635925938216e-02 2.331669470841083529e-05
1.000000000000000000e+01 -3.085956459502939980e-02 2.324388364960855400e-05
1.020833333333333393e+01 -3.027481754874558270e-02 2.275431005686504260e-05
1.041666666666666785e+01 -2.982978740567631890e-02 2.260144620833294329e-05
1.062500000000000000e+01 -2.958374088371156646e-02 2.261863488475675244e-05
1.083333333333333393e+01 -2.909591586614006936e-02 2.183283957411428187e-05
1.104166666666666785e+01 -2.859678732991387251e-02 2.108323449949682114e-05
1.125000000000000000e+01 -2.847347451169370686e-02 2.188821278538578542e-05
1.145833333333333393e+01 -2.826553221519401832e-02 2.250797921153172449e-05
1.166666666666666785e+01 -2.791836411923383915e-02 2.220582211296011758e-05
1.187500000000000000e+01 -2.762064441991297914e-02 2.165531310909247484e-05
1.208333333333333393e+01 -2.732549777762703636e-02 2.160553622592205092e-05
1.229166666666666785e+01 -2.710542404629161933e-02 2.144481828528341491e-05
1.250000000000000000e+01 -2.707220559379491104e-02 2.194121937741138397e-05
1.270833333333333393e+01 -2.710564416663695242e-02 2.250807359577480787e-05
1.291666666666666785e+01 -2.706634372697187471e-02 2.220868635670208584e-05
1.312500000000000000e+01 -2.697206375974682546e-02 2.174035286950254069e-05
1.333333333333333393e+01 -2.674217162766190717e-02 2.105087249489565081e-05
1.354166666666666785e+01 -2.695511361476219531e-02 2.129703481705340793e-05
1.375000000000000000e+01 -2.690346939237652640e-02 2.157914644308625909e-05
1.395833333333333393e+01 -2.674367905340227503e-02 2.159020938104696673e-05
1.416666666666666785e+01 -2.661709902003063163e-02 2.181042594763150182e-05
1.437500000000000000e+01 -2.658124370036375056e-02 2.201999697665404170e-05
1.458333333333333393e+01 -2.663433557091946652e-02 2.253727245306303122e-05
1.479166666666666785e+01 -2.673868640073839148e-02 2.322943674562393007e-05
1.500000000000000000e+01 -2.659908226335707879e-02 2.284704563919905785e-05
1.520833333333333393e+01 -2.604259354644417393e-02 2.173481308495133602e-05
1.541666666666666785e+01 -2.562656386376729184e-02 2.105029628375507485e-05
1.562500000000000000e+01 -2.553610353841784947e-02 2.120275227025788126e-05
1.583333333333333393e+01 -2.535260914191007908e-02 2.113933540363720508e-05
1.604166666666666785e+01 -2.503397753267051773e-02 2.083854980510796174e-05
1.625000000000000000e+01 -2.479892253544557085e-02 2.057954579124066053e-05
1.645833333333333570e+01 -2.472422895174146429e-02 2.059712072771845083e-05
1.666666666666666785e+01 -2.476808525125243771e-02 2.107391097167376646e-05
1.687500000000000000e+01 -2.443561788227220644e-02 2.057150148686164341e-05
1.708333333333333570e+01 -2.432058565514544357e-02 2.045090747284560584e-05
1.729166666666666785e+01 -2.414938643348822980e-02 2.014043290452997606e-05
1.750000000000000000e+01 -2.416382796954232720e-02 2.040444253591261836e-05
1.770833333333333570e+01 -2.390919085660993607e-02 2.011975909233495102e-05
1.791666666666666785e+01 -2.394470758977055094e-02 2.033375039052433866e-05
1.812500000000000000e+01 -2.370439055015113872e-02 1.982953229732566913e-05
1.833333333333333570e+01 -2.374225170548292102e-02 1.970654377540107454e-05
1.854166666666666785e+01 -2.326214783280868698e-02 1.891072768680504627e-05
1.875000000000000000e+01 -2.325111219046978317e-02 1.942256524489778790e-05
1.895833333333333570e+01 -2.378353096505161565e-02 2.108916627677358724e-05
1.916666666666666785e+01 -2.432768430062551279e-02 2.178842205899065058e-05
1.937500000000000000e+01 -2.463607774525933269e-02 2.244524072771986184e-05
1.958333333333333570e+01 -2.493677169251322379e-02 2.343448673394823718e-05
1.979166666666666785e+01 -2.512715551473476694e-02 2.401594695748029127e-05
2.000000000000000000e+01 -2.495780334760268337e-02 2.360564061841008714e-05
2.020833333333333570e+01 -2.470602576620375967e-02 2.289895417306608990e-05
2.041666666666666785e+01 -2.458532476989383486e-02 2.263458409201684281e-05
2.062500000000000000e+01 -2.453463741719771884e-02 2.264667546599970872e-05
2.083333333333333570e+01 -2.443244030512288500e-02 2.246317565990496178e-05
2.104166666666666785e+01 -2.433988510518931420e-02 2.212279558236507590e-05
2.125000000000000000e+01 -2.443150381040953140e-02 2.203718165605631250e-05
2.145833333333333570e+01 -2.448970718552166692e-02 2.260421658244098964e-05
2.166666666666666785e+01 -2.442304896991171620e-02 2.280038301818094177e-05
2.187500000000000000e+01 -2.444731556313137211e-02 2.254642897947349906e-05
2.208333333333333570e+01 -2.449614002433399620e-02 2.266460388280724285e-05
2.229166666666666785e+01 -2.447970357335344654e-02 2.316805238519556605e-05
2.250000000000000000e+01 -2.454814801935741031e-02 2.385273476532411984e-05
2.270833333333333570e+01 -2.427804161980787884e-02 2.325001563006582749e-05
2.291666666666666785e+01 -2.399615043786717389e-02 2.257877478939563178e-05
2.312500000000000000e+01 -2.386884605972272935e-02 2.284925026702296056e-05
2.333333333333333570e+01 -2.350168032114584304e-02 2.225655361275454832e-05
2.354166666666666785e+01 -2.307959005636876434e-02 2.153328324974982899e-05
2.375000000000000000e+01 -2.279370837836948785e-02 2.120314794164594697e-05
2.395833333333333570e+01 -2.289749916945594405e-02 2.166245216102028571e-05
2.416666666666666785e+01 -2.266004844889553047e-02 2.128383063199801412e-05
2.437500000000000000e+01 -2.251522772374522224e-02 2.113326951220130258e-05
2.458333333333333570e+01 -2.221243461750255221e-02 2.020164204582725197e-05
2.479166666666666785e+01 -2.200073310738942869e-02 1.973622131361460599e-05
2.500000000000000000e+01 -2.216154710735483008e-02 2.055474620839012285e-05
2.520833333333333570e+01 -2.245875871556964054e-02 2.153835755675478268e-05
2.541666666666666785e+01 -2.218731708245350043e-02 2.110120966628445632e-05
2.562500000000000000e+01 -2.213796184349611784e-02 2.147378052192453401e-05
2.583333333333333570e+01 -2.195481747843528592e-02 2.152128521077208622e-05
2.604166666666666785e+01 -2.196711162901921616e-02 2.194198711337176392e-05
2.625000000000000000e+01 -2.216296184903030278e-02 2.212587525695171629e-05
2.645833333333333570e+01 -2.219174985092427915e-02 2.173741149409817367e-05
2.666666666666666785e+01 -2.222358408235267091e-02 2.152516160939918391e-05
2.687500000000000000e+01 -2.209968899034139150e-02 2.152513190605335574e-05
2.708333333333333570e+01 -2.188119057497098924e-02 2.053220769561918974e-05
2.729166666666666785e+01 -2.187702525280500743e-02 2.045615194959801372e-05
2.750000000000000000e+01 -2.175985705894488767e-02 2.022491503079556108e-05
2.770833333333333570e+01 -2.163377817779253004e-02 1.962526541415111583e-05
2.791666666666666785e+01 -2.154005717557836916e-02 1.947708176573661380e-05
2.812500000000000000e+01 -2.162617452113037297e-02 2.006922734168353783e-05
2.833333333333333570e+01 -2.182538106884283208e-02 2.083209470290076749e-05
2.854166666666666785e+01 -2.160379769908839578e-02 2.053547637111364312e-05
2.875000000000000000e+01 -2.163699762291480463e-02 2.063579128808722027e-05
2.895833333333333570e+01 -2.160279538792747589e-02 2.056128095056141482e-05
2.916666666666666785e+01 -2.173606189029556740e-02 2.090739535075449566e-05
2.937500000000000000e+01 -2.188555762533807986e-02 2.085752371438808682e-05
2.958333333333333570e+01 -2.212314107749276115e-02 2.123769118554995019e-05
2.979166666666666785e+01 -2.215939217852566645e-02 2.117843682984697285e-05
3.000000000000000000e+01 -2.229819037513919300e-02 2.130229142556204773e-05
3.020833333333333570e+01 -2.215939217852580176e-02 2.117843682984695930e-05
3.041666666666666785e+01 -2.212314107749269870e-02 2.123769118554995358e-05
3.062500000000000000e+01 -2.188555762533813537e-02 2.085752371438809359e-05
3.083333333333333570e+01 -2.173606189029552577e-02 2.090739535075452615e-05
3.104166666666666785e+01 -2.160279538792761467e-02 2.056128095056142499e-05
3.125000000000000000e+01 -2.163699762291479423e-02 2.063579128808726092e-05
3.145833333333333570e+01 -2.160379769908839925e-02 2.053547637111370410e-05
3.166666666666666785e+01 -2.182538106884274881e-02 2.083209470290085219e-05
3.187500000000000000e+01 -2.162617452113039379e-02 2.006922734168360220e-05
3.208333333333333570e+01 -2.154005717557842120e-02 1.947708176573665446e-05
3.229166666666667140e+01 -2.163377817779248841e-02 1.962526541415116326e-05
3.250000000000000000e+01 -2.175985705894482175e-02 2.022491503079560513e-05
3.270833333333333570e+01 -2.187702525280509416e-02 2.045615194959801372e-05
3.291666666666667140e+01 -2.188119057497103087e-02 2.053220769561918635e-05
3.312500000000000000e+01 -2.209968899034131518e-02 2.152513190605335913e-05
3.333333333333333570e+01 -2.222358408235265703e-02 2.152516160939915680e-05
3.354166666666667140e+01 -2.219174985092432079e-02 2.173741149409812623e-05
3.375000000000000000e+01 -2.216296184903017441e-02 2.212587525695168918e-05
3.395833333333333570e+01 -2.196711162901923003e-02 2.194198711337171310e-05
3.416666666666667140e+01 -2.195481747843532061e-02 2.152128521077205912e-05
3.437500000000000000e+01 -2.213796184349606233e-02 2.147378052192451368e-05
3.458333333333333570e+01 -2.218731708245345186e-02 2.110120966628445632e-05
3.479166666666667140e+01 -2.245875871556965789e-02 2.153835755675477252e-05
3.500000000000000000e+01 -2.216154710735473293e-02 2.055474620839014318e-05
3.520833333333333570e+01 -2.200073310738950849e-02 1.973622131361461277e-05
3.541666666666667140e+01 -2.221243461750254528e-02 2.020164204582728924e-05
3.562500000000000000e+01 -2.251522772374516673e-02 2.113326951220138389e-05
3.583333333333333570e+01 -2.266004844889559638e-02 2.128383063199808527e-05
3.604166666666667140e+01 -2.289749916945585037e-02 2.166245216102036025e-05
3.625000000000000000e+01 -2.279370837836949826e-02 2.120314794164600796e-05
3.645833333333333570e+01 -2.307959005636875394e-02 2.153328324974987303e-05
3.666666666666667140e+01 -2.350168032114587080e-02 2.225655361275458220e-05
3.687500000000000000e+01 -2.386884605972273976e-02 2.284925026702298089e-05
3.708333333333333570e+01 -2.399615043786725022e-02 2.257877478939565889e-05
3.729166666666667140e+01 -2.427804161980773312e-02 2.325001563006591897e-05
3.750000000000000000e+01 -2.454814801935741725e-02 2.385273476532418760e-05
3.770833333333333570e+01 -2.447970357335346042e-02 2.316805238519557960e-05
3.791666666666667140e+01 -2.449614002433403437e-02 2.266460388280725302e-05
3.812500000000000000e+01 -2.444731556313138598e-02 2.254642897947352616e-05
3.833333333333333570e+01 -2.442304896991176477e-02 2.280038301818097227e-05
3.854166666666667140e+01 -2.448970718552154202e-02 2.260421658244101675e-05
3.875000000000000000e+01 -2.443150381040967711e-02 2.203718165605630572e-05
3.895833333333333570e+01 -2.433988510518922746e-02 2.212279558236504202e-05
3.916666666666667140e+01 -2.443244030512296827e-02 2.246317565990490757e-05
3.937500000000000000e+01 -2.453463741719759394e-02 2.264667546599968161e-05
3.958333333333333570e+01 -2.458532476989390078e-02 2.263458409201682248e-05
3.979166666666667140e+01 -2.470602576620362090e-02 2.289895417306611361e-05
4.000000000000000000e+01 -2.495780334760258276e-02 2.360564061841008036e-05
4.020833333333333570e+01 -2.512715551473487796e-02 2.401594695748022012e-05
4.041666666666667140e+01 -2.493677169251318215e-02 2.343448673394818636e-05
4.062500000000000000e+01 -2.463607774525932576e-02 2.244524072771982118e-05
4.083333333333333570e+01 -2.432768430062546422e-02 2.178842205899062009e-05
4.104166666666667140e+01 -2.378353096505169545e-02 2.108916627677353303e-05
4.125000000000000000e+01 -2.325111219046969296e-02 1.942256524489775741e-05
4.145833333333333570e+01 -2.326214783280873555e-02 1.891072768680502255e-05
4.166666666666667140e+01 -2.374225170548287592e-02 1.970654377540107454e-05
4.187500000000000000e+01 -2.370439055015114913e-02 1.982953229732567930e-05
4.208333333333333570e+01 -2.394470758977059605e-02 2.033375039052436577e-05
4.229166666666667140e+01 -2.390919085660971055e-02 2.011975909233497135e-05
4.250000000000000000e+01 -2.416382796954241741e-02 2.040444253591258109e-05
4.270833333333333570e+01 -2.414938643348835817e-02 2.014043290452995235e-05
4.291666666666667140e+01 -2.432058565514532214e-02 2.045090747284561601e-05
4.312500000000000000e+01 -2.443561788227218562e-02 2.057150148686162647e-05
4.333333333333333570e+01 -2.476808525125248628e-02 2.107391097167370209e-05
4.354166666666667140e+01 -2.472422895174148511e-02 2.059712072771841017e-05
4.375000000000000000e+01 -2.479892253544545289e-02 2.057954579124068086e-05
4.395833333333333570e+01 -2.503397753267058018e-02 2.083854980510797190e-05
4.416666666666667140e+01 -2.535260914191008602e-02 2.113933540363723218e-05
4.437500000000000000e+01 -2.553610353841777661e-02 2.120275227025789143e-05
4.458333333333333570e+01 -2.562656386376747919e-02 2.105029628375507485e-05
4.479166666666667140e+01 -2.604259354644409066e-02 2.173481308495136651e-05
4.500000000000000000e+01 -2.659908226335709613e-02 2.284704563919909173e-05
4.520833333333333570e+01 -2.673868640073840189e-02 2.322943674562395039e-05
4.541666666666667140e+01 -2.663433557091951509e-02 2.253727245306305494e-05
4.562500000000000000e+01 -2.658124370036375056e-02 2.201999697665410946e-05
4.583333333333333570e+01 -2.661709902003046163e-02 2.181042594763157297e-05
4.604166666666667140e+01 -2.674367905340228890e-02 2.159020938104698028e-05
4.625000000000000000e+01 -2.690346939237656804e-02 2.157914644308621166e-05
4.645833333333333570e+01 -2.695511361476221612e-02 2.129703481705337744e-05
4.666666666666667140e+01 -2.674217162766185860e-02 2.105087249489565420e-05
4.687500000000000000e+01 -2.697206375974682546e-02 2.174035286950254747e-05
4.708333333333333570e+01 -2.706634372697196839e-02 2.220868635670212649e-05
4.729166666666667140e+01 -2.710564416663674078e-02 2.250807359577492646e-05
4.750000000000000000e+01 -2.707220559379508451e-02 2.194121937741144834e-05
4.770833333333333570e+01 -2.710542404629164015e-02 2.144481828528346912e-05
4.791666666666667140e+01 -2.732549777762691839e-02 2.160553622592209836e-05
4.812500000000000000e+01 -2.762064441991305547e-02 2.165531310909251211e-05
4.833333333333333570e+01 -2.791836411923385997e-02 2.220582211296015147e-05
4.854166666666667140e+01 -2.826553221519398362e-02 2.250797921153177870e-05
4.875000000000000000e+01 -2.847347451169355073e-02 2.188821278538584641e-05
4.895833333333333570e+01 -2.859678732991395578e-02 2.108323449949684147e-05
4.916666666666667140e+01 -2.909591586614016304e-02 2.183283957411426832e-05
4.937500000000000000e+01 -2.958374088371155258e-02 2.261863488475675244e-05
4.958333333333333570e+01 -2.982978740567642645e-02 2.260144620833294668e-05
4.979166666666667140e+01 -3.027481754874544739e-02 2.275431005686508326e-05
5.000000000000000000e+01 -3.085956459502946225e-02 2.324388364960861160e-05
5.020833333333333570e+01 -3.130914635925941686e-02 2.331669470841086578e-05
5.041666666666667140e+01 -3.167682147180884977e-02 2.332764487507423429e-05
5.062500000000000000e+01 -3.182756292563743150e-02 2.276801550565408580e-05
5.083333333333333570e+01 -3.230118366753004233e-02 2.338371812717690161e-05
5.104166666666667140e+01 -3.261869942587125593e-02 2.359157317927527110e-05
5.125000000000000000e+01 -3.275192396470680278e-02 2.297672602705489730e-05
5.145833333333333570e+01 -3.312476986420562902e-02 2.283547907746364081e-05
5.166666666666667140e+01 -3.346807823560480483e-02 2.291311124400579685e-05
5.187500000000000000e+01 -3.403123333511420823e-02 2.341096327136244312e-05
5.208333333333333570e+01 -3.437188654132546095e-02 2.354529272615918183e-05
5.229166666666667140e+01 -3.468530530701629394e-02 2.357661199959697499e-05
5.250000000000000000e+01 -3.516466907131673980e-02 2.355952074789751727e-05
5.270833333333333570e+01 -3.580087545463461751e-02 2.407791120225487823e-05
5.291666666666667140e+01 -3.640375212814651873e-02 2.472389950530117690e-05
5.312500000000000000e+01 -3.645821078720594410e-02 2.381568597540388918e-05
5.333333333333333570e+01 -3.681652840834203494e-02 2.363562265674370376e-05
5.354166666666667140e+01 -3.725972120166270302e-02 2.364297156741030650e-05
5.375000000000000000e+01 -3.784914773775222008e-02 2.332470760453242512e-05
5.395833333333333570e+01 -3.864304990791350009e-02 2.334008802479593835e-05
5.416666666666667140e+01 -3.964752757408592648e-02 2.389038980781126696e-05
5.437500000000000000e+01 -4.057463322424276209e-02 2.433239891313291380e-05
5.458333333333333570e+01 -4.181489836131349613e-02 2.516862258317431193e-05
5.479166666666667140e+01 -4.306571240258033617e-02 2.541560335370794422e-05
5.500000000000000000e+01 -4.421633593943258278e-02 2.562596356480110208e-05
5.520833333333333570e+01 -4.539753428123380341e-02 2.559743070108157965e-05
5.541666666666667140e+01 -4.704612567473928642e-02 2.622938790140491480e-05
5.562500000000000000e+01 -4.896914738494880653e-02 2.713551624550712457e-05
5.583333333333333570e+01 -5.074530210124808538e-02 2.739640251855508102e-05
5.604166666666667140e+01 -5.253558554155942500e-02 2.783956849809866589e-05
5.625000000000000000e+01 -5.439830861682089236e-02 2.708035589974330546e-05
5.645833333333333570e+01 -5.681847687921882939e-02 2.709548405278935782e-05
5.666666666666667140e+01 -5.951277966007418457e-02 2.703565163488838750e-05
5.687500000000000000e+01 -6.281739853142415120e-02 2.708192251002672260e-05
5.708333333333333570e+01 -6.657128221764122000e-02 2.725030709188950000e-05
5.729166666666667140e+01 -7.142990038579931367e-02 2.789849152376184309e-05
5.750000000000000000e+01 -7.699297911756258772e-02 2.846412837809355326e-05
5.770833333333333570e+01 -8.392694877291856370e-02 2.949906538048699097e-05
5.791666666666667140e+01 -9.246298167439120919e-02 3.088755289599879120e-05
5.812500000000000000e+01 -1.026508892006071649e-01 3.254664067721533725e-05
5.833333333333333570e+01 -1.153028300037943210e-01 3.470833571030063015e-05
5.854166666666667140e+01 -1.310236033328287530e-01 3.740054221155184234e-05
5.875000000000000000e+01 -1.510828576507595722e-01 4.151524124677437289e-05
5.895833333333333570e+01 -1.773221996398108846e-01 4.755058137492621152e-05
5.916666666666667140e+01 -2.116259534662194297e-01 5.637809655321963768e-05
5.937500000000000000e+01 -2.565991198586393685e-01 6.825184001725888457e-05
5.958333333333333570e+01 -3.158733272289291905e-01 8.295730378455888122e-05
5.979166666666667140e+01 -3.941558538927603106e-01 1.011826429238357462e-04
6.000000000000000000e+01 -5.000000000000008882e-01 1.304059477272872147e-04
