0.000000000000000000e+00 -5.000000000000002220e-01 1.243213940543581723e-04
2.083333333333333426e-01 -3.982411536657246010e-01 9.783860223476090136e-05
4.166666666666666852e-01 -3.227228879721870114e-01 7.798779864552746167e-05
6.250000000000000000e-01 -2.661927815253245511e-01 6.483429311890554099e-05
8.333333333333333703e-01 -2.235192413088788743e-01 5.431202970396600306e-05
1.041666666666666741e+00 -1.906156408468629160e-01 4.670621867998486960e-05
1.250000000000000000e+00 -1.655203995870913325e-01 4.129866289486666729e-05
1.458333333333333481e+00 -1.455067572357686412e-01 3.713883736403024297e-05
1.666666666666666741e+00 -1.296183092312245544e-01 3.514108848747386662e-05
1.875000000000000000e+00 -1.168614715607547982e-01 3.517115357388676101e-05
2.083333333333333481e+00 -1.066994723554502977e-01 3.533006219392548122e-05
2.291666666666666963e+00 -9.777013964978074900e-02 3.299786853799372566e-05
2.500000000000000000e+00 -9.043264701660699845e-02 3.071631232786676424e-05
2.708333333333333481e+00 -8.412232364720116651e-02 2.932501872308456001e-05
2.916666666666666963e+00 -7.872715047189898785e-02 3.013662182650278244e-05
3.125000000000000000e+00 -7.430035554905119188e-02 3.084939464933425122e-05
3.333333333333333481e+00 -7.046545260064450422e-02 2.959323305225213110e-05
3.541666666666666963e+00 -6.717618816952231064e-02 2.938836365118559772e-05
3.750000000000000000e+00 -6.477120597413926761e-02 2.749560595197127140e-05
3.958333333333333481e+00 -6.276905641064775554e-02 2.598968812471313321e-05
4.166666666666666963e+00 -6.080807460885567783e-02 2.477581741362647698e-05
4.375000000000000000e+00 -5.905239168231658786e-02 2.409780057481542812e-05
4.583333333333333925e+00 -5.736358788433928296e-02 2.372474290838220355e-05
4.791666666666666963e+00 -5.593344132724977630e-02 2.346334193798771270e-05
5.000000000000000000e+00 -5.462904770824605905e-02 2.313934771775067351e-05
5.208333333333333925e+00 -5.349664336194936282e-02 2.294418688874628212e-05
5.416666666666666963e+00 -5.243452921130568878e-02 2.298379603944332667e-05
5.625000000000000000e+00 -5.142874619644502432e-02 2.305147032077678023e-05
5.833333333333333925e+00 -5.073920809698463652e-02 2.294185830679541799e-05
6.041666666666666963e+00 -5.006260129581328183e-02 2.273714076627914249e-05
6.250000000000000000e+00 -4.956995903903551465e-02 2.261963822805990090e-05
6.458333333333333925e+00 -4.906138881764826598e-02 2.265981954297412794e-05
6.666666666666666963e+00 -4.871509291145785514e-02 2.302937888079484698e-05
6.875000000000000000e+00 -4.795526118663485937e-02 2.272803081947024983e-05
7.083333333333333925e+00 -4.740363910842955442e-02 2.279556042535864797e-05
7.291666666666666963e+00 -4.674859918919138657e-02 2.259357510987219936e-05
7.500000000000000000e+00 -4.611192046742476625e-02 2.230369801822746034e-05
7.708333333333333925e+00 -4.540711295920492330e-02 2.221845991055724563e-05
7.916666666666666963e+00 -4.483182887881781431e-02 2.209175208534777110e-05
8.125000000000000000e+00 -4.424632759913696423e-02 2.210183285845937419e-05
8.333333333333333925e+00 -4.376750463383618367e-02 2.239238179821093105e-05
8.541666666666667851e+00 -4.320035634928796886e-02 2.217957738087595818e-05
8.750000000000000000e+00 -4.252471014261438587e-02 2.157236849271660509e-05
8.958333333333333925e+00 -4.203950318398032987e-02 2.111464599655728057e-05
9.166666666666667851e+00 -4.162980545377500952e-02 2.089255483147090016e-05
9.375000000000000000e+00 -4.111593852936400867e-02 2.083326455413815026e-05
9.583333333333333925e+00 -4.041296011407013999e-02 2.055306943376617536e-05
9.791666666666667851e+00 -3.988886542617361974e-02 2.012811054811495441e-05
1.000000000000000000e+01 -3.946406359978849032e-02 2.008106867577210682e-05
1.020833333333333393e+01 -3.912959487307633016e-02 2.011284891076950626e-05
1.041666666666666785e+01 -3.903388397999894843e-02 2.038090320654605499e-05
1.062500000000000000e+01 -3.882585024166101961e-02 2.062183233875304009e-05
1.083333333333333393e+01 -3.842388273247661357e-02 2.055222481245388614e-05
1.104166666666666785e+01 -3.810633754678763307e-02 2.021737351257577766e-05
1.125000000000000000e+01 -3.795574445683333464e-02 2.045687701206181795e-05
1.145833333333333393e+01 -3.771534390195174780e-02 2.102404821818534182e-05
1.166666666666666785e+01 -3.747285841191196065e-02 2.151639169359352677e-05
1.187500000000000000e+01 -3.705180123552555271e-02 2.100942582735006067e-05
1.208333333333333393e+01 -3.692343322031386293e-02 2.076643684327869740e-05
1.229166666666666785e+01 -3.669341119725982869e-02 2.051808292264831033e-05
1.250000000000000000e+01 -3.647424666377932501e-02 2.058524754877522739e-05
1.270833333333333393e+01 -3.599375516120514873e-02 2.244524501324227892e-05
1.291666666666666785e+01 -3.566152058875806524e-02 2.275037807159006398e-05
1.312500000000000000e+01 -3.519365853836831093e-02 2.325737419136938891e-05
1.333333333333333393e+01 -3.488624248823987001e-02 2.186443542007327384e-05
1.354166666666666785e+01 -3.437497766756784923e-02 1.981897090967871367e-05
1.375000000000000000e+01 -3.410441129117230269e-02 1.870529569525734346e-05
1.395833333333333393e+01 -3.392773555391870310e-02 1.865108069191558033e-05
1.416666666666666785e+01 -3.358819118807739729e-02 1.843808748780927619e-05
1.437500000000000000e+01 -3.352232157131648793e-02 1.912682507024524492e-05
1.458333333333333393e+01 -3.363728260723400365e-02 1.950248385006924040e-05
1.479166666666666785e+01 -3.383502619638230346e-02 1.986608946638636217e-05
1.500000000000000000e+01 -3.384286308814869748e-02 1.980910262320768452e-05
1.520833333333333393e+01 -3.368522466973992296e-02 1.961728880611717646e-05
1.541666666666666785e+01 -3.353768647772122080e-02 1.958339238494730713e-05
1.562500000000000000e+01 -3.328664007448998985e-02 1.918507898079743737e-05
1.583333333333333393e+01 -3.314381731613406934e-02 1.910453807724505146e-05
1.604166666666666785e+01 -3.314002179086401184e-02 1.935824888773361735e-05
1.625000000000000000e+01 -3.283218605383640687e-02 1.909821393178440268e-05
1.645833333333333570e+01 -3.262435105642527700e-02 1.908414124529147967e-05
1.666666666666666785e+01 -3.243849292954267827e-02 1.891641471828452099e-05
1.687500000000000000e+01 -3.246497089813223103e-02 1.919130108350307931e-05
1.708333333333333570e+01 -3.236484195380349288e-02 1.920863060400942985e-05
1.729166666666666785e+01 -3.217455353370286819e-02 1.918354495685421180e-05
1.750000000000000000e+01 -3.187848816067047342e-02 1.922115295675822907e-05
1.770833333333333570e+01 -3.167868410129574125e-02 1.935864262298234419e-05
1.791666666666666785e+01 -3.157154384710018913e-02 1.972023554280278909e-05
1.812500000000000000e+01 -3.124026975994088559e-02 1.949564635090309293e-05
1.833333333333333570e+01 -3.074002636525965254e-02 1.897895497123989680e-05
1.854166666666666785e+01 -3.049707743593540327e-02 1.909275176463943059e-05
1.875000000000000000e+01 -3.029005685209380794e-02 1.891863427914343651e-05
1.895833333333333570e+01 -2.994645465118019045e-02 1.842510725428172342e-05
1.916666666666666785e+01 -2.966438778588900704e-02 1.790952534484324400e-05
1.937500000000000000e+01 -2.947128259758903177e-02 1.768982816438534209e-05
1.958333333333333570e+01 -2.947728496774477958e-02 1.798111196983007810e-05
1.979166666666666785e+01 -2.921035791242607496e-02 1.760088492864257854e-05
2.000000000000000000e+01 -2.894633420415568953e-02 1.720807790651005502e-05
2.020833333333333570e+01 -2.890011299357673341e-02 1.758024565940766634e-05
2.041666666666666785e+01 -2.911621129099955380e-02 1.802976337063059618e-05
2.062500000000000000e+01 -2.943549217310742483e-02 1.860291027117070499e-05
2.083333333333333570e+01 -2.981314306769922845e-02 1.924318359489425698e-05
2.104166666666666785e+01 -3.014681234527292336e-02 1.950220611565333057e-05
2.125000000000000000e+01 -3.020283118598422745e-02 1.953752985661698940e-05
2.145833333333333570e+01 -3.022262073646245911e-02 1.939838092181520165e-05
2.166666666666666785e+01 -3.042483465034104967e-02 1.974333379900153888e-05
2.187500000000000000e+01 -3.036542081738784205e-02 1.967088612552264258e-05
2.208333333333333570e+01 -3.024485715176787604e-02 1.965240398090901513e-05
2.229166666666666785e+01 -3.002954280286002781e-02 1.969400542602028456e-05
2.250000000000000000e+01 -2.976615275222987272e-02 1.945724181193762733e-05
2.270833333333333570e+01 -2.947337110172527919e-02 1.913882262912298862e-05
2.291666666666666785e+01 -2.929980240531413621e-02 1.915353566630911120e-05
2.312500000000000000e+01 -2.881925902125564987e-02 1.865732654624205705e-05
2.333333333333333570e+01 -2.841100146543740559e-02 1.790261024730976241e-05
2.354166666666666785e+01 -2.800864850599174560e-02 1.739435017573244893e-05
2.375000000000000000e+01 -2.762862622483651040e-02 1.703857797882965793e-05
2.395833333333333570e+01 -2.743101635868448046e-02 1.712205542054849068e-05
2.416666666666666785e+01 -2.737909208357131030e-02 1.722057989222527036e-05
2.437500000000000000e+01 -2.722635497318255660e-02 1.706237886194040285e-05
2.458333333333333570e+01 -2.693244769793055188e-02 1.691387707369490680e-05
2.479166666666666785e+01 -2.658132425746260324e-02 1.647870701253198233e-05
2.500000000000000000e+01 -2.658571669675240459e-02 1.694197813688668854e-05
2.520833333333333570e+01 -2.654139529333455344e-02 1.747629053284823386e-05
2.541666666666666785e+01 -2.636391712690638878e-02 1.761472419679721406e-05
2.562500000000000000e+01 -2.640988639892308254e-02 1.821724796148835310e-05
2.583333333333333570e+01 -2.675648704645934572e-02 1.835011633393093805e-05
2.604166666666666785e+01 -2.713357449970029561e-02 1.880149757278386672e-05
2.625000000000000000e+01 -2.744241904957997469e-02 1.956181872333416201e-05
2.645833333333333570e+01 -2.741713208221067954e-02 1.984461180628536325e-05
2.666666666666666785e+01 -2.753671547064176495e-02 2.084118048932626977e-05
2.687500000000000000e+01 -2.745248794669259695e-02 2.167479089002031373e-05
2.708333333333333570e+01 -2.713713126061118724e-02 2.237812808035276920e-05
2.729166666666666785e+01 -2.675407482224193348e-02 2.114742579673779973e-05
2.750000000000000000e+01 -2.646315794665380500e-02 2.049350223139570807e-05
2.770833333333333570e+01 -2.621534734442974163e-02 1.838621723282794090e-05
2.791666666666666785e+01 -2.589640067912657440e-02 1.756736383155907427e-05
2.812500000000000000e+01 -2.563919297421626137e-02 1.761697864968457457e-05
2.833333333333333570e+01 -2.533835674368882171e-02 1.772813191319000365e-05
2.854166666666666785e+01 -2.527398560162271227e-02 1.751963607225879771e-05
2.875000000000000000e+01 -2.518054212333388150e-02 1.722098497469672258e-05
2.895833333333333570e+01 -2.542849363163348503e-02 1.774493153598122400e-05
2.916666666666666785e+01 -2.562613768626054861e-02 1.907656257636479105e-05
2.937500000000000000e+01 -2.597347007669783409e-02 1.975088938646589131e-05
2.958333333333333570e+01 -2.601320663500725563e-02 2.006871729710225062e-05
2.979166666666666785e+01 -2.595740176899948709e-02 1.913411519128773884e-05
3.000000000000000000e+01 -2.598457657052390124e-02 1.854442320750652556e-05
3.020833333333333570e+01 -2.595740176899950444e-02 1.913411519128773206e-05
3.041666666666666785e+01 -2.601320663500729380e-02 2.006871729710224046e-05
3.062500000000000000e+01 -2.597347007669786184e-02 1.975088938646586082e-05
3.083333333333333570e+01 -2.562613768626047228e-02 1.907656257636475717e-05
3.104166666666666785e+01 -2.542849363163345033e-02 1.774493153598119012e-05
3.125000000000000000e+01 -2.518054212333396130e-02 1.722098497469668531e-05
3.145833333333333570e+01 -2.527398560162261512e-02 1.751963607225877061e-05
3.166666666666666785e+01 -2.533835674368881130e-02 1.772813191318995622e-05
3.187500000000000000e+01 -2.563919297421635851e-02 1.761697864968450681e-05
3.208333333333333570e+01 -2.589640067912670623e-02 1.756736383155900651e-05
3.229166666666667140e+01 -2.621534734442975204e-02 1.838621723282791041e-05
3.250000000000000000e+01 -2.646315794665372867e-02 2.049350223139572162e-05
3.270833333333333570e+01 -2.675407482224195430e-02 2.114742579673783361e-05
3.291666666666667140e+01 -2.713713126061110398e-02 2.237812808035283697e-05
3.312500000000000000e+01 -2.745248794669248593e-02 2.167479089002038827e-05
3.333333333333333570e+01 -2.753671547064175801e-02 2.084118048932631721e-05
3.354166666666667140e+01 -2.741713208221066567e-02 1.984461180628537002e-05
3.375000000000000000e+01 -2.744241904957999204e-02 1.956181872333415524e-05
3.395833333333333570e+01 -2.713357449970031643e-02 1.880149757278383961e-05
3.416666666666667140e+01 -2.675648704645940817e-02 1.835011633393090417e-05
3.437500000000000000e+01 -2.640988639892304438e-02 1.821724796148833616e-05
3.458333333333333570e+01 -2.636391712690639225e-02 1.761472419679721067e-05
3.479166666666667140e+01 -2.654139529333450487e-02 1.747629053284822709e-05
3.500000000000000000e+01 -2.658571669675236296e-02 1.694197813688668177e-05
3.520833333333333570e+01 -2.658132425746259631e-02 1.647870701253197556e-05
3.541666666666667140e+01 -2.693244769793059698e-02 1.691387707369489325e-05
3.562500000000000000e+01 -2.722635497318257741e-02 1.706237886194039607e-05
3.583333333333333570e+01 -2.737909208357127561e-02 1.722057989222527374e-05
3.604166666666667140e+01 -2.743101635868448740e-02 1.712205542054848391e-05
3.625000000000000000e+01 -2.762862622483655897e-02 1.703857797882964438e-05
3.645833333333333570e+01 -2.800864850599173519e-02 1.739435017573243538e-05
3.666666666666667140e+01 -2.841100146543733967e-02 1.790261024730974886e-05
3.687500000000000000e+01 -2.881925902125572272e-02 1.865732654624202656e-05
3.708333333333333570e+01 -2.929980240531425070e-02 1.915353566630907732e-05
3.729166666666667140e+01 -2.947337110172523061e-02 1.913882262912298184e-05
3.750000000000000000e+01 -2.976615275222986925e-02 1.945724181193763072e-05
3.770833333333333570e+01 -3.002954280286012842e-02 1.969400542602028117e-05
3.791666666666667140e+01 -3.024485715176778583e-02 1.965240398090903546e-05
3.812500000000000000e+01 -3.036542081738766857e-02 1.967088612552267646e-05
3.833333333333333570e+01 -3.042483465034114681e-02 1.974333379900154565e-05
3.854166666666667140e+01 -3.022262073646232727e-02 1.939838092181520843e-05
3.875000000000000000e+01 -3.020283118598427949e-02 1.953752985661696908e-05
3.895833333333333570e+01 -3.014681234527292336e-02 1.950220611565329330e-05
3.916666666666667140e+01 -2.981314306769926314e-02 1.924318359489421632e-05
3.937500000000000000e+01 -2.943549217310739013e-02 1.860291027117065416e-05
3.958333333333333570e+01 -2.911621129099964400e-02 1.802976337063055552e-05
3.979166666666667140e+01 -2.890011299357673688e-02 1.758024565940763924e-05
4.000000000000000000e+01 -2.894633420415562708e-02 1.720807790651005502e-05
4.020833333333333570e+01 -2.921035791242607149e-02 1.760088492864257515e-05
4.041666666666667140e+01 -2.947728496774468243e-02 1.798111196983007132e-05
4.062500000000000000e+01 -2.947128259758904217e-02 1.768982816438534548e-05
4.083333333333333570e+01 -2.966438778588897929e-02 1.790952534484325755e-05
4.104166666666667140e+01 -2.994645465118015576e-02 1.842510725428173358e-05
4.125000000000000000e+01 -3.029005685209368998e-02 1.891863427914344329e-05
4.145833333333333570e+01 -3.049707743593542755e-02 1.909275176463941026e-05
4.166666666666667140e+01 -3.074002636525973581e-02 1.897895497123985615e-05
4.187500000000000000e+01 -3.124026975994094457e-02 1.949564635090303872e-05
4.208333333333333570e+01 -3.157154384710020995e-02 1.972023554280274505e-05
4.229166666666667140e+01 -3.167868410129560247e-02 1.935864262298233742e-05
4.250000000000000000e+01 -3.187848816067048036e-02 1.922115295675822229e-05
4.270833333333333570e+01 -3.217455353370295146e-02 1.918354495685422535e-05
4.291666666666667140e+01 -3.236484195380330553e-02 1.920863060400945018e-05
4.312500000000000000e+01 -3.246497089813226572e-02 1.919130108350309286e-05
4.333333333333333570e+01 -3.243849292954272684e-02 1.891641471828452438e-05
4.354166666666667140e+01 -3.262435105642521455e-02 1.908414124529147289e-05
4.375000000000000000e+01 -3.283218605383628891e-02 1.909821393178438913e-05
4.395833333333333570e+01 -3.314002179086399102e-02 1.935824888773359702e-05
4.416666666666667140e+01 -3.314381731613415261e-02 1.910453807724501080e-05
4.437500000000000000e+01 -3.328664007448986495e-02 1.918507898079738655e-05
4.458333333333333570e+01 -3.353768647772141509e-02 1.958339238494722921e-05
4.479166666666667140e+01 -3.368522466973979806e-02 1.961728880611712225e-05
4.500000000000000000e+01 -3.384286308814865585e-02 1.980910262320766081e-05
4.520833333333333570e+01 -3.383502619638223408e-02 1.986608946638634184e-05
4.541666666666667140e+01 -3.363728260723394814e-02 1.950248385006922008e-05
4.562500000000000000e+01 -3.352232157131650875e-02 1.912682507024522120e-05
4.583333333333333570e+01 -3.358819118807710585e-02 1.843808748780925586e-05
4.604166666666667140e+01 -3.392773555391877943e-02 1.865108069191554645e-05
4.625000000000000000e+01 -3.410441129117226799e-02 1.870529569525729942e-05
4.645833333333333570e+01 -3.437497766756782841e-02 1.981897090967866623e-05
4.666666666666667140e+01 -3.488624248823983531e-02 2.186443542007320608e-05
4.687500000000000000e+01 -3.519365853836833868e-02 2.325737419136927710e-05
4.708333333333333570e+01 -3.566152058875821790e-02 2.275037807158997589e-05
4.729166666666667140e+01 -3.599375516120496832e-02 2.244524501324221115e-05
4.750000000000000000e+01 -3.647424666377940827e-02 2.058524754877520707e-05
4.770833333333333570e+01 -3.669341119725975930e-02 2.051808292264831033e-05
4.791666666666667140e+01 -3.692343322031368946e-02 2.076643684327872451e-05
4.812500000000000000e+01 -3.705180123552550414e-02 2.100942582735007422e-05
4.833333333333333570e+01 -3.747285841191196065e-02 2.151639169359354032e-05
4.854166666666667140e+01 -3.771534390195168535e-02 2.102404821818536215e-05
4.875000000000000000e+01 -3.795574445683315423e-02 2.045687701206182134e-05
4.895833333333333570e+01 -3.810633754678786900e-02 2.021737351257572683e-05
4.916666666666667140e+01 -3.842388273247667602e-02 2.055222481245380143e-05
4.937500000000000000e+01 -3.882585024166098492e-02 2.062183233875298249e-05
4.958333333333333570e+01 -3.903388397999890680e-02 2.038090320654603805e-05
4.979166666666667140e+01 -3.912959487307632322e-02 2.011284891076947238e-05
5.000000000000000000e+01 -3.946406359978855971e-02 2.008106867577209666e-05
5.020833333333333570e+01 -3.988886542617357811e-02 2.012811054811496119e-05
5.041666666666667140e+01 -4.041296011406995958e-02 2.055306943376622957e-05
5.062500000000000000e+01 -4.111593852936400173e-02 2.083326455413815365e-05
5.083333333333333570e+01 -4.162980545377503727e-02 2.089255483147090355e-05
5.104166666666667140e+01 -4.203950318398032293e-02 2.111464599655728057e-05
5.125000000000000000e+01 -4.252471014261445525e-02 2.157236849271658137e-05
5.145833333333333570e+01 -4.320035634928810764e-02 2.217957738087595818e-05
5.166666666666667140e+01 -4.376750463383599632e-02 2.239238179821094460e-05
5.187500000000000000e+01 -4.424632759913699198e-02 2.210183285845937758e-05
5.208333333333333570e+01 -4.483182887881787676e-02 2.209175208534777787e-05
5.229166666666667140e+01 -4.540711295920481921e-02 2.221845991055725918e-05
5.250000000000000000e+01 -4.611192046742472461e-02 2.230369801822747389e-05
5.270833333333333570e+01 -4.674859918919151841e-02 2.259357510987217903e-05
5.291666666666667140e+01 -4.740363910842950584e-02 2.279556042535863103e-05
5.312500000000000000e+01 -4.795526118663471365e-02 2.272803081947025660e-05
5.333333333333333570e+01 -4.871509291145779963e-02 2.302937888079484020e-05
5.354166666666667140e+01 -4.906138881764837006e-02 2.265981954297408390e-05
5.375000000000000000e+01 -4.956995903903545220e-02 2.261963822805988734e-05
5.395833333333333570e+01 -5.006260129581335816e-02 2.273714076627912894e-05
5.416666666666667140e+01 -5.073920809698461570e-02 2.294185830679539427e-05
5.437500000000000000e+01 -5.142874619644502432e-02 2.305147032077675651e-05
5.458333333333333570e+01 -5.243452921130561939e-02 2.298379603944334022e-05
5.479166666666667140e+01 -5.349664336194903669e-02 2.294418688874631261e-05
5.500000000000000000e+01 -5.462904770824629497e-02 2.313934771775063285e-05
5.520833333333333570e+01 -5.593344132724980405e-02 2.346334193798770592e-05
5.541666666666667140e+01 -5.736358788433913725e-02 2.372474290838220355e-05
5.562500000000000000e+01 -5.905239168231654623e-02 2.409780057481544167e-05
5.583333333333333570e+01 -6.080807460885578886e-02 2.477581741362648376e-05
5.604166666666667140e+01 -6.276905641064775554e-02 2.598968812471317386e-05
5.625000000000000000e+01 -6.477120597413904557e-02 2.749560595197129851e-05
5.645833333333333570e+01 -6.717618816952253269e-02 2.938836365118564515e-05
5.666666666666667140e+01 -7.046545260064430993e-02 2.959323305225219209e-05
5.687500000000000000e+01 -7.430035554905113637e-02 3.084939464933431899e-05
5.708333333333333570e+01 -7.872715047189909887e-02 3.013662182650284343e-05
5.729166666666667140e+01 -8.412232364720108324e-02 2.932501872308458711e-05
5.750000000000000000e+01 -9.043264701660708171e-02 3.071631232786677101e-05
5.770833333333333570e+01 -9.777013964978072125e-02 3.299786853799368500e-05
5.791666666666667140e+01 -1.066994723554503532e-01 3.533006219392544056e-05
5.812500000000000000e+01 -1.168614715607546178e-01 3.517115357388676101e-05
5.833333333333333570e+01 -1.296183092312245266e-01 3.514108848747383952e-05
5.854166666666667140e+01 -1.455067572357687244e-01 3.713883736403022942e-05
5.875000000000000000e+01 -1.655203995870913047e-01 4.129866289486665374e-05
5.895833333333333570e+01 -1.906156408468631103e-01 4.670621867998487638e-05
5.916666666666667140e+01 -2.235192413088784580e-01 5.431202970396606405e-05
5.937500000000000000e+01 -2.661927815253247731e-01 6.483429311890555454e-05
5.958333333333333570e+01 -3.227228879721869559e-01 7.798779864552746167e-05
5.979166666666667140e+01 -3.982411536657243234e-01 9.783860223476088780e-05
6.000000000000000000e+01 -4.999999999999997780e-01 1.243213940543581723e-04
