0.000000000000000000e+00 -4.999999999999995559e-01 1.361265208779042081e-04
2.083333333333333426e-01 -3.914150734324260972e-01 1.059461372591037056e-04
4.166666666666666852e-01 -3.107698977939823970e-01 8.380534720667319037e-05
6.250000000000000000e-01 -2.505208705774326639e-01 6.786940423901720244e-05
8.333333333333333703e-01 -2.051517745507707158e-01 5.629427678253993495e-05
1.041666666666666741e+00 -1.703483686523329932e-01 4.787541955330791934e-05
1.250000000000000000e+00 -1.435372308284639242e-01 4.189400073733568457e-05
1.458333333333333481e+00 -1.227251588481786532e-01 3.778572041469083871e-05
1.666666666666666741e+00 -1.064585744452782867e-01 3.482173601608355392e-05
1.875000000000000000e+00 -9.356131199801981380e-02 3.277443412461496084e-05
2.083333333333333481e+00 -8.363943561415264349e-02 3.146422230842998129e-05
2.291666666666666963e+00 -7.560585685733375860e-02 3.070794395813778680e-05
2.500000000000000000e+00 -6.889165145851824934e-02 3.003090170024329638e-05
2.708333333333333481e+00 -6.333564097019105110e-02 2.943758788542818024e-05
2.916666666666666963e+00 -5.843166954538329266e-02 2.867160285405063948e-05
3.125000000000000000e+00 -5.468158344101110152e-02 2.872974449127102948e-05
3.333333333333333481e+00 -5.162885171859092626e-02 2.862077484943118655e-05
3.541666666666666963e+00 -4.864036154842128756e-02 2.807987365139935962e-05
3.750000000000000000e+00 -4.605102902801971876e-02 2.779587723760342080e-05
3.958333333333333481e+00 -4.407092487754764309e-02 2.799211018199438325e-05
4.166666666666666963e+00 -4.202617460224267881e-02 2.756590569632770023e-05
4.375000000000000000e+00 -4.037849384799026276e-02 2.799420937446445856e-05
4.583333333333333925e+00 -3.883199694723751816e-02 2.767517971917290184e-05
4.791666666666666963e+00 -3.769613053965854832e-02 2.790416072718646578e-05
5.000000000000000000e+00 -3.661220955597095650e-02 2.855670765489648583e-05
5.208333333333333925e+00 -3.540569652971981007e-02 2.818304935232953274e-05
5.416666666666666963e+00 -3.433972557224185956e-02 2.767568295647770244e-05
5.625000000000000000e+00 -3.363159081135578404e-02 2.740291266581026275e-05
5.833333333333333925e+00 -3.283944099744846162e-02 2.752248891189775119e-05
6.041666666666666963e+00 -3.215972110337057821e-02 2.739870696553196094e-05
6.250000000000000000e+00 -3.130918104098442262e-02 2.704593302780362098e-05
6.458333333333333925e+00 -3.023455444930671365e-02 2.601875113302310738e-05
6.666666666666666963e+00 -2.940032082426104199e-02 2.552017459297665206e-05
6.875000000000000000e+00 -2.867655164103734972e-02 2.440916420800344974e-05
7.083333333333333925e+00 -2.813010141796810221e-02 2.378890346974911422e-05
7.291666666666666963e+00 -2.761028357753202156e-02 2.347149505219130400e-05
7.500000000000000000e+00 -2.739628931702956655e-02 2.380033852036611620e-05
7.708333333333333925e+00 -2.736750693481826424e-02 2.482348893721892795e-05
7.916666666666666963e+00 -2.726904060958081424e-02 2.550683449375595993e-05
8.125000000000000000e+00 -2.706692175034642461e-02 2.551567125276485448e-05
8.333333333333333925e+00 -2.657095640200111963e-02 2.485495024758937197e-05
8.541666666666667851e+00 -2.619236773506782370e-02 2.433366209415608401e-05
8.750000000000000000e+00 -2.602852075349776362e-02 2.463119727268369113e-05
8.958333333333333925e+00 -2.571849907958244363e-02 2.467879472000972336e-05
9.166666666666667851e+00 -2.530024947338961605e-02 2.441762115401815454e-05
9.375000000000000000e+00 -2.505778701746030207e-02 2.475664400401942524e-05
9.583333333333333925e+00 -2.493147579106099951e-02 2.497686829993579012e-05
9.791666666666667851e+00 -2.474433104477483450e-02 2.474499979936031177e-05
1.000000000000000000e+01 -2.465638880382366172e-02 2.495193576888960743e-05
1.020833333333333393e+01 -2.439587697039286365e-02 2.473329614378368515e-05
1.041666666666666785e+01 -2.408719324051433394e-02 2.415815567887282992e-05
1.062500000000000000e+01 -2.399573235709380470e-02 2.388663593068994457e-05
1.083333333333333393e+01 -2.375875139765963248e-02 2.379362625843301816e-05
1.104166666666666785e+01 -2.362791224900853693e-02 2.360377343238101431e-05
1.125000000000000000e+01 -2.373559239389005232e-02 2.404163904116500878e-05
1.145833333333333393e+01 -2.338371160463727227e-02 2.347796915473456566e-05
1.166666666666666785e+01 -2.332643267143165097e-02 2.380395386786399384e-05
1.187500000000000000e+01 -2.314833709760364538e-02 2.337470186666675871e-05
1.208333333333333393e+01 -2.329035675846192338e-02 2.387230031168686588e-05
1.229166666666666785e+01 -2.334926807039858221e-02 2.474243404616422920e-05
1.250000000000000000e+01 -2.350242344164782393e-02 2.575028234064823904e-05
1.270833333333333393e+01 -2.321650809169423235e-02 2.556732794705495702e-05
1.291666666666666785e+01 -2.285092132778195409e-02 2.508435168230461484e-05
1.312500000000000000e+01 -2.261634294141441626e-02 2.451829404815382876e-05
1.333333333333333393e+01 -2.278360354751451239e-02 2.502330544389223924e-05
1.354166666666666785e+01 -2.266428943900440293e-02 2.493816160852243977e-05
1.375000000000000000e+01 -2.314351374816611684e-02 2.628704888681764995e-05
1.395833333333333393e+01 -2.321631865714869625e-02 2.580957676703456686e-05
1.416666666666666785e+01 -2.325819798191049864e-02 2.623168224541520517e-05
1.437500000000000000e+01 -2.332926884527418074e-02 2.614452220632193903e-05
1.458333333333333393e+01 -2.317188996426958192e-02 2.575170488145187735e-05
1.479166666666666785e+01 -2.296822241027401262e-02 2.527603424051058005e-05
1.500000000000000000e+01 -2.269414564740214468e-02 2.493148859207758249e-05
1.520833333333333393e+01 -2.244066652480560323e-02 2.479958504767826606e-05
1.541666666666666785e+01 -2.208098371890086092e-02 2.383372328881151427e-05
1.562500000000000000e+01 -2.194977738932672034e-02 2.408774264688507712e-05
1.583333333333333393e+01 -2.169889453056186163e-02 2.400489619205730779e-05
1.604166666666666785e+01 -2.140401485212173327e-02 2.344638690277561432e-05
1.625000000000000000e+01 -2.144274766801290699e-02 2.381690678764019506e-05
1.645833333333333570e+01 -2.120453428646029009e-02 2.329487041641721347e-05
1.666666666666666785e+01 -2.112712824897874236e-02 2.357719141452620541e-05
1.687500000000000000e+01 -2.097519706022250505e-02 2.354363969889854610e-05
1.708333333333333570e+01 -2.060776945683828049e-02 2.289205528503076515e-05
1.729166666666666785e+01 -2.030990719070396508e-02 2.202523697592985289e-05
1.750000000000000000e+01 -2.023831079789221304e-02 2.203554028323521924e-05
1.770833333333333570e+01 -2.019730605591710595e-02 2.227291711713661113e-05
1.791666666666666785e+01 -2.030431326225907995e-02 2.331911162383183250e-05
1.812500000000000000e+01 -2.027735562990686663e-02 2.372969804931965754e-05
1.833333333333333570e+01 -2.006045511878184334e-02 2.248173600111988299e-05
1.854166666666666785e+01 -1.983398700034706696e-02 2.105004523252721683e-05
1.875000000000000000e+01 -1.985697756666660388e-02 2.115769369651296982e-05
1.895833333333333570e+01 -2.003425693981013972e-02 2.206804731478496299e-05
1.916666666666666785e+01 -2.041199541045236529e-02 2.385655782017158800e-05
1.937500000000000000e+01 -2.081154928242995999e-02 2.534770055347690941e-05
1.958333333333333570e+01 -2.099552217127834824e-02 2.628628271871936856e-05
1.979166666666666785e+01 -2.081325135308146473e-02 2.527698070923152607e-05
2.000000000000000000e+01 -2.081858100220218555e-02 2.523632938849909509e-05
2.020833333333333570e+01 -2.083891252229669311e-02 2.597883423335202622e-05
2.041666666666666785e+01 -2.078019607470949978e-02 2.540241915416053636e-05
2.062500000000000000e+01 -2.072881621813685640e-02 2.505514579497045998e-05
2.083333333333333570e+01 -2.078556928792514580e-02 2.498509055415331308e-05
2.104166666666666785e+01 -2.066556692735463385e-02 2.466335013721187165e-05
2.125000000000000000e+01 -2.092594997006690452e-02 2.566398154574244526e-05
2.145833333333333570e+01 -2.092709452591203639e-02 2.581892925150026079e-05
2.166666666666666785e+01 -2.065956168577212995e-02 2.532013360504886690e-05
2.187500000000000000e+01 -2.003002261098479203e-02 2.368621732655960404e-05
2.208333333333333570e+01 -1.992617191870680801e-02 2.353185012484542685e-05
2.229166666666666785e+01 -1.979504951967819837e-02 2.285912782248037583e-05
2.250000000000000000e+01 -1.980868316210182556e-02 2.312463632289261592e-05
2.270833333333333570e+01 -1.969600306904609882e-02 2.256148519095911548e-05
2.291666666666666785e+01 -1.986872045865639008e-02 2.321963467146871297e-05
2.312500000000000000e+01 -2.010095247191608092e-02 2.448928975897182356e-05
2.333333333333333570e+01 -2.052585977154285785e-02 2.632506085777214290e-05
2.354166666666666785e+01 -2.051165651494602643e-02 2.609061533279027819e-05
2.375000000000000000e+01 -2.037833059717454945e-02 2.502452944741996704e-05
2.395833333333333570e+01 -2.042268585594808963e-02 2.520454679890403866e-05
2.416666666666666785e+01 -2.023211918924019276e-02 2.438758280981145405e-05
2.437500000000000000e+01 -1.999382870197739803e-02 2.372969502915223857e-05
2.458333333333333570e+01 -2.011758771314221816e-02 2.451931235967249722e-05
2.479166666666666785e+01 -2.018033158555763290e-02 2.554517615323534304e-05
2.500000000000000000e+01 -2.016836603617075049e-02 2.628726225359626466e-05
2.520833333333333570e+01 -2.000958622958508293e-02 2.644191135928435093e-05
2.541666666666666785e+01 -1.947259854954446617e-02 2.412588586463600748e-05
2.562500000000000000e+01 -1.924847328010689113e-02 2.326479174591553973e-05
2.583333333333333570e+01 -1.901201146159323813e-02 2.244456082382058104e-05
2.604166666666666785e+01 -1.871832920026007818e-02 2.236886501222842442e-05
2.625000000000000000e+01 -1.850043510712583855e-02 2.182731707823976254e-05
2.645833333333333570e+01 -1.849999092357968930e-02 2.193096036448960153e-05
2.666666666666666785e+01 -1.871170881059311744e-02 2.277344839431934533e-05
2.687500000000000000e+01 -1.875546211414610975e-02 2.269803510471734252e-05
2.708333333333333570e+01 -1.886348957435601478e-02 2.268052953481993693e-05
2.729166666666666785e+01 -1.874975528616096981e-02 2.267312174478870363e-05
2.750000000000000000e+01 -1.866693225888083757e-02 2.253853411698189156e-05
2.770833333333333570e+01 -1.872365050370773665e-02 2.265761972692430893e-05
2.791666666666666785e+01 -1.870684685960626037e-02 2.306672972120985525e-05
2.812500000000000000e+01 -1.876664404079886675e-02 2.393281765980371273e-05
2.833333333333333570e+01 -1.854308586509743895e-02 2.307925837821502000e-05
2.854166666666666785e+01 -1.858934099862529638e-02 2.227769467931381897e-05
2.875000000000000000e+01 -1.863941785330759660e-02 2.239576164828479762e-05
2.895833333333333570e+01 -1.890845326625434711e-02 2.243241683715790444e-05
2.916666666666666785e+01 -1.919055649415979045e-02 2.306849563357663040e-05
2.937500000000000000e+01 -1.904354338384556256e-02 2.235640937597608495e-05
2.958333333333333570e+01 -1.901886981618525208e-02 2.216575503325634379e-05
2.979166666666666785e+01 -1.911814530409441937e-02 2.271682004715391468e-05
3.000000000000000000e+01 -1.949869650556058237e-02 2.395321985981636336e-05
3.020833333333333570e+01 -1.911814530409437080e-02 2.271682004715394856e-05
3.041666666666666785e+01 -1.901886981618516187e-02 2.216575503325636751e-05
3.062500000000000000e+01 -1.904354338384559725e-02 2.235640937597605107e-05
3.083333333333333570e+01 -1.919055649415980780e-02 2.306849563357657619e-05
3.104166666666666785e+01 -1.890845326625435058e-02 2.243241683715784345e-05
3.125000000000000000e+01 -1.863941785330766598e-02 2.239576164828471631e-05
3.145833333333333570e+01 -1.858934099862531719e-02 2.227769467931378509e-05
3.166666666666666785e+01 -1.854308586509743201e-02 2.307925837821503694e-05
3.187500000000000000e+01 -1.876664404079886328e-02 2.393281765980377032e-05
3.208333333333333570e+01 -1.870684685960622914e-02 2.306672972120992301e-05
3.229166666666667140e+01 -1.872365050370775053e-02 2.265761972692435298e-05
3.250000000000000000e+01 -1.866693225888078553e-02 2.253853411698195593e-05
3.270833333333333570e+01 -1.874975528616102532e-02 2.267312174478875445e-05
3.291666666666667140e+01 -1.886348957435601131e-02 2.268052953481996064e-05
3.312500000000000000e+01 -1.875546211414609934e-02 2.269803510471735607e-05
3.333333333333333570e+01 -1.871170881059316948e-02 2.277344839431933517e-05
3.354166666666667140e+01 -1.849999092357965114e-02 2.193096036448958797e-05
3.375000000000000000e+01 -1.850043510712577610e-02 2.182731707823976254e-05
3.395833333333333570e+01 -1.871832920026010247e-02 2.236886501222842442e-05
3.416666666666667140e+01 -1.901201146159325200e-02 2.244456082382060137e-05
3.437500000000000000e+01 -1.924847328010682174e-02 2.326479174591558038e-05
3.458333333333333570e+01 -1.947259854954457373e-02 2.412588586463600409e-05
3.479166666666667140e+01 -2.000958622958504823e-02 2.644191135928437804e-05
3.500000000000000000e+01 -2.016836603617079907e-02 2.628726225359630871e-05
3.520833333333333570e+01 -2.018033158555759821e-02 2.554517615323544807e-05
3.541666666666667140e+01 -2.011758771314220082e-02 2.451931235967257853e-05
3.562500000000000000e+01 -1.999382870197744660e-02 2.372969502915225212e-05
3.583333333333333570e+01 -2.023211918924025521e-02 2.438758280981145405e-05
3.604166666666667140e+01 -2.042268585594810004e-02 2.520454679890405560e-05
3.625000000000000000e+01 -2.037833059717455986e-02 2.502452944741999754e-05
3.645833333333333570e+01 -2.051165651494608194e-02 2.609061533279030529e-05
3.666666666666667140e+01 -2.052585977154286478e-02 2.632506085777220727e-05
3.687500000000000000e+01 -2.010095247191608786e-02 2.448928975897189133e-05
3.708333333333333570e+01 -1.986872045865645253e-02 2.321963467146879429e-05
3.729166666666667140e+01 -1.969600306904610923e-02 2.256148519095919002e-05
3.750000000000000000e+01 -1.980868316210186025e-02 2.312463632289269046e-05
3.770833333333333570e+01 -1.979504951967820184e-02 2.285912782248045036e-05
3.791666666666667140e+01 -1.992617191870677679e-02 2.353185012484550139e-05
3.812500000000000000e+01 -2.003002261098475734e-02 2.368621732655964130e-05
3.833333333333333570e+01 -2.065956168577214730e-02 2.532013360504883979e-05
3.854166666666667140e+01 -2.092709452591197741e-02 2.581892925150022691e-05
3.875000000000000000e+01 -2.092594997006691493e-02 2.566398154574237072e-05
3.895833333333333570e+01 -2.066556692735457487e-02 2.466335013721177000e-05
3.916666666666667140e+01 -2.078556928792501396e-02 2.498509055415317078e-05
3.937500000000000000e+01 -2.072881621813684599e-02 2.505514579497023636e-05
3.958333333333333570e+01 -2.078019607470950672e-02 2.540241915416026531e-05
3.979166666666667140e+01 -2.083891252229678678e-02 2.597883423335173146e-05
4.000000000000000000e+01 -2.081858100220212310e-02 2.523632938849892568e-05
4.020833333333333570e+01 -2.081325135308137453e-02 2.527698070923147525e-05
4.041666666666667140e+01 -2.099552217127825457e-02 2.628628271871939905e-05
4.062500000000000000e+01 -2.081154928242995306e-02 2.534770055347687891e-05
4.083333333333333570e+01 -2.041199541045237570e-02 2.385655782017153379e-05
4.104166666666667140e+01 -2.003425693981011890e-02 2.206804731478495283e-05
4.125000000000000000e+01 -1.985697756666650327e-02 2.115769369651300709e-05
4.145833333333333570e+01 -1.983398700034713982e-02 2.105004523252721005e-05
4.166666666666667140e+01 -2.006045511878185028e-02 2.248173600111985588e-05
4.187500000000000000e+01 -2.027735562990687357e-02 2.372969804931963043e-05
4.208333333333333570e+01 -2.030431326225910077e-02 2.331911162383182911e-05
4.229166666666667140e+01 -2.019730605591700187e-02 2.227291711713663485e-05
4.250000000000000000e+01 -2.023831079789220611e-02 2.203554028323521924e-05
4.270833333333333570e+01 -2.030990719070399977e-02 2.202523697592982579e-05
4.291666666666667140e+01 -2.060776945683810701e-02 2.289205528503076176e-05
4.312500000000000000e+01 -2.097519706022264729e-02 2.354363969889846817e-05
4.333333333333333570e+01 -2.112712824897872155e-02 2.357719141452617830e-05
4.354166666666667140e+01 -2.120453428646026928e-02 2.329487041641721686e-05
4.375000000000000000e+01 -2.144274766801280291e-02 2.381690678764025265e-05
4.395833333333333570e+01 -2.140401485212178878e-02 2.344638690277563465e-05
4.416666666666667140e+01 -2.169889453056184775e-02 2.400489619205731456e-05
4.437500000000000000e+01 -2.194977738932670994e-02 2.408774264688505679e-05
4.458333333333333570e+01 -2.208098371890096154e-02 2.383372328881148378e-05
4.479166666666667140e+01 -2.244066652480560323e-02 2.479958504767827284e-05
4.500000000000000000e+01 -2.269414564740217244e-02 2.493148859207762653e-05
4.520833333333333570e+01 -2.296822241027394323e-02 2.527603424051064781e-05
4.541666666666667140e+01 -2.317188996426956804e-02 2.575170488145193495e-05
4.562500000000000000e+01 -2.332926884527423278e-02 2.614452220632200680e-05
4.583333333333333570e+01 -2.325819798191043272e-02 2.623168224541527294e-05
4.604166666666667140e+01 -2.321631865714873788e-02 2.580957676703458719e-05
4.625000000000000000e+01 -2.314351374816615847e-02 2.628704888681767028e-05
4.645833333333333570e+01 -2.266428943900443069e-02 2.493816160852249059e-05
4.666666666666667140e+01 -2.278360354751446382e-02 2.502330544389232733e-05
4.687500000000000000e+01 -2.261634294141443707e-02 2.451829404815391347e-05
4.708333333333333570e+01 -2.285092132778196103e-02 2.508435168230469615e-05
4.729166666666667140e+01 -2.321650809169408664e-02 2.556732794705504172e-05
4.750000000000000000e+01 -2.350242344164786557e-02 2.575028234064820516e-05
4.770833333333333570e+01 -2.334926807039860996e-02 2.474243404616417160e-05
4.791666666666667140e+01 -2.329035675846185746e-02 2.387230031168680150e-05
4.812500000000000000e+01 -2.314833709760360375e-02 2.337470186666669095e-05
4.833333333333333570e+01 -2.332643267143169608e-02 2.380395386786391591e-05
4.854166666666667140e+01 -2.338371160463719595e-02 2.347796915473454533e-05
4.875000000000000000e+01 -2.373559239388985109e-02 2.404163904116493763e-05
4.895833333333333570e+01 -2.362791224900859938e-02 2.360377343238087878e-05
4.916666666666667140e+01 -2.375875139765967758e-02 2.379362625843286908e-05
4.937500000000000000e+01 -2.399573235709367286e-02 2.388663593068984293e-05
4.958333333333333570e+01 -2.408719324051438598e-02 2.415815567887270794e-05
4.979166666666667140e+01 -2.439587697039284978e-02 2.473329614378363094e-05
5.000000000000000000e+01 -2.465638880382368253e-02 2.495193576888961421e-05
5.020833333333333570e+01 -2.474433104477474429e-02 2.474499979936039309e-05
5.041666666666667140e+01 -2.493147579106093359e-02 2.497686829993590532e-05
5.062500000000000000e+01 -2.505778701746023268e-02 2.475664400401951333e-05
5.083333333333333570e+01 -2.530024947338965768e-02 2.441762115401819520e-05
5.104166666666667140e+01 -2.571849907958245751e-02 2.467879472000975385e-05
5.125000000000000000e+01 -2.602852075349777750e-02 2.463119727268370807e-05
5.145833333333333570e+01 -2.619236773506794166e-02 2.433366209415609079e-05
5.166666666666667140e+01 -2.657095640200108841e-02 2.485495024758942618e-05
5.187500000000000000e+01 -2.706692175034636910e-02 2.551567125276492563e-05
5.208333333333333570e+01 -2.726904060958087669e-02 2.550683449375601414e-05
5.229166666666667140e+01 -2.736750693481822261e-02 2.482348893721895506e-05
5.250000000000000000e+01 -2.739628931702960818e-02 2.380033852036611281e-05
5.270833333333333570e+01 -2.761028357753209789e-02 2.347149505219131755e-05
5.291666666666667140e+01 -2.813010141796810221e-02 2.378890346974914810e-05
5.312500000000000000e+01 -2.867655164103725951e-02 2.440916420800351072e-05
5.333333333333333570e+01 -2.940032082426103505e-02 2.552017459297671983e-05
5.354166666666667140e+01 -3.023455444930689406e-02 2.601875113302313787e-05
5.375000000000000000e+01 -3.130918104098436017e-02 2.704593302780366164e-05
5.395833333333333570e+01 -3.215972110337068229e-02 2.739870696553197449e-05
5.416666666666667140e+01 -3.283944099744851020e-02 2.752248891189778508e-05
5.437500000000000000e+01 -3.363159081135583262e-02 2.740291266581028307e-05
5.458333333333333570e+01 -3.433972557224187344e-02 2.767568295647776004e-05
5.479166666666667140e+01 -3.540569652971960191e-02 2.818304935232960050e-05
5.500000000000000000e+01 -3.661220955597112303e-02 2.855670765489644517e-05
5.520833333333333570e+01 -3.769613053965860383e-02 2.790416072718651661e-05
5.541666666666667140e+01 -3.883199694723746265e-02 2.767517971917301704e-05
5.562500000000000000e+01 -4.037849384799027663e-02 2.799420937446456698e-05
5.583333333333333570e+01 -4.202617460224285922e-02 2.756590569632769345e-05
5.604166666666667140e+01 -4.407092487754772636e-02 2.799211018199441374e-05
5.625000000000000000e+01 -4.605102902801959386e-02 2.779587723760348179e-05
5.645833333333333570e+01 -4.864036154842157206e-02 2.807987365139943416e-05
5.666666666666667140e+01 -5.162885171859087075e-02 2.862077484943133563e-05
5.687500000000000000e+01 -5.468158344101113622e-02 2.872974449127113790e-05
5.708333333333333570e+01 -5.843166954538348001e-02 2.867160285405069030e-05
5.729166666666667140e+01 -6.333564097019117600e-02 2.943758788542820735e-05
5.750000000000000000e+01 -6.889165145851838812e-02 3.003090170024333026e-05
5.770833333333333570e+01 -7.560585685733378636e-02 3.070794395813780035e-05
5.791666666666667140e+01 -8.363943561415276839e-02 3.146422230843004227e-05
5.812500000000000000e+01 -9.356131199801975828e-02 3.277443412461498795e-05
5.833333333333333570e+01 -1.064585744452784255e-01 3.482173601608356747e-05
5.854166666666667140e+01 -1.227251588481788891e-01 3.778572041469082515e-05
5.875000000000000000e+01 -1.435372308284639797e-01 4.189400073733573878e-05
5.895833333333333570e+01 -1.703483686523331597e-01 4.787541955330800066e-05
5.916666666666667140e+01 -2.051517745507705492e-01 5.629427678254001627e-05
5.937500000000000000e+01 -2.505208705774328859e-01 6.786940423901725665e-05
5.958333333333333570e+01 -3.107698977939825635e-01 8.380534720667319037e-05
5.979166666666667140e+01 -3.914150734324260972e-01 1.059461372591036921e-04
6.000000000000000000e+01 -5.000000000000004441e-01 1.361265208779042081e-04
