0.000000000000000000e+00 -4.999999999999998335e-01 2.639592260740074604e-05
2.083333333333333426e-01 -3.722408876032995972e-01 2.121247819988440064e-05
4.166666666666666852e-01 -2.804697216714512886e-01 1.796666286372552854e-05
6.250000000000000000e-01 -2.138065874638788721e-01 1.712511074148642863e-05
8.333333333333333703e-01 -1.652934480627015756e-01 1.764336826289846118e-05
1.041666666666666741e+00 -1.291012626297395327e-01 1.860429365315885729e-05
1.250000000000000000e+00 -1.018772693882012137e-01 1.935433169217387777e-05
1.458333333333333481e+00 -8.133215309285359018e-02 1.981798261036169583e-05
1.666666666666666741e+00 -6.580199746067194599e-02 2.013047051246182224e-05
1.875000000000000000e+00 -5.366467249956530239e-02 2.023999808478110373e-05
2.083333333333333481e+00 -4.436217292591202593e-02 2.072562889207796644e-05
2.291666666666666963e+00 -3.714204383449264818e-02 2.143462990762355083e-05
2.500000000000000000e+00 -3.099087655544651224e-02 2.146916293262552197e-05
2.708333333333333481e+00 -2.648109643262031368e-02 2.253602603643953714e-05
2.916666666666666963e+00 -2.251713712430621073e-02 2.192178272239554376e-05
3.125000000000000000e+00 -1.919567898264590289e-02 2.057126556406226698e-05
3.333333333333333481e+00 -1.643258705683670398e-02 1.957284547491561173e-05
3.541666666666666963e+00 -1.460931923275931785e-02 2.063505674925957296e-05
3.750000000000000000e+00 -1.303791924825216039e-02 2.142576661665076773e-05
3.958333333333333481e+00 -1.156617097280512006e-02 2.230416172055853680e-05
4.166666666666666963e+00 -1.010674363615571454e-02 2.067430421692022214e-05
4.375000000000000000e+00 -9.067755123953339172e-03 2.146134230535285558e-05
4.583333333333333925e+00 -8.325052879251310101e-03 2.310820795603284259e-05
4.791666666666666963e+00 -7.168908172721821098e-03 2.121638857609127449e-05
5.000000000000000000e+00 -6.814845526869185363e-03 2.410902398877288802e-05
5.208333333333333925e+00 -6.233692914299135412e-03 2.432795781201596203e-05
5.416666666666666963e+00 -5.217091349323292604e-03 2.060271499400590306e-05
5.625000000000000000e+00 -4.600657095868290053e-03 2.025420406968762074e-05
5.833333333333333925e+00 -3.591692939770008836e-03 1.445608414022845921e-05
6.041666666666666963e+00 -2.831887677160512071e-03 9.622097025822235492e-06
6.250000000000000000e+00 -2.248483077117076952e-03 6.309207923145821516e-06
6.458333333333333925e+00 -1.843703181344139930e-03 4.299198193605619207e-06
6.666666666666666963e+00 -1.564064860466806740e-03 3.318028496312313187e-06
6.875000000000000000e+00 -1.376770813207821862e-03 2.998608715574571174e-06
7.083333333333333925e+00 -1.231457663889436302e-03 2.956473312095601380e-06
7.291666666666666963e+00 -1.089519903322123213e-03 2.704798793593085365e-06
7.500000000000000000e+00 -9.738255573560418476e-04 2.517790751659698766e-06
7.708333333333333925e+00 -8.600839739348333738e-04 2.333618378481008359e-06
7.916666666666666963e+00 -7.387324021742745425e-04 1.808270941544114329e-06
8.125000000000000000e+00 -6.353929649431677186e-04 1.440919775325732547e-06
8.333333333333333925e+00 -5.617249154949573945e-04 1.269493354110634690e-06
8.541666666666667851e+00 -4.803578658932308645e-04 9.777140915243082610e-07
8.750000000000000000e+00 -4.130531316259007484e-04 7.512744638278134718e-07
8.958333333333333925e+00 -3.605283133417457129e-04 6.012507516030898259e-07
9.166666666666667851e+00 -3.148886988600448512e-04 5.213168585893953262e-07
9.375000000000000000e+00 -2.780307209917379577e-04 4.524252741379126779e-07
9.583333333333333925e+00 -2.444788909788119555e-04 3.917310910112989049e-07
9.791666666666667851e+00 -2.116795007214175529e-04 3.060821476636658830e-07
1.000000000000000000e+01 -1.899872701855232827e-04 2.725380538581964266e-07
1.020833333333333393e+01 -1.662199030702115764e-04 2.554814260931203074e-07
1.041666666666666785e+01 -1.483921972821084130e-04 2.355231936636389282e-07
1.062500000000000000e+01 -1.342254062976033866e-04 2.161105013393527506e-07
1.083333333333333393e+01 -1.154764674022850789e-04 1.806633597774365776e-07
1.104166666666666785e+01 -1.039302942518126294e-04 1.537370815893460940e-07
1.125000000000000000e+01 -9.337593750776614098e-05 1.495302899268329857e-07
1.145833333333333393e+01 -8.438944283413614932e-05 1.372545119739111442e-07
1.166666666666666785e+01 -7.849650589427413299e-05 1.253328501556164032e-07
1.187500000000000000e+01 -7.137294305605507508e-05 1.254744029416624936e-07
1.208333333333333393e+01 -6.780487220410626517e-05 1.260807274654908123e-07
1.229166666666666785e+01 -6.574435855681919039e-05 1.444105083277382998e-07
1.250000000000000000e+01 -6.480717840967306685e-05 1.892165096690471699e-07
1.270833333333333393e+01 -6.354710659378691798e-05 2.195917123939566511e-07
1.291666666666666785e+01 -5.616109496557787498e-05 1.856008615821777561e-07
1.312500000000000000e+01 -4.814249016808538873e-05 1.421927293376108200e-07
1.333333333333333393e+01 -4.388700650486496038e-05 1.187747235160802118e-07
1.354166666666666785e+01 -3.886896741371807080e-05 1.257914989973008251e-07
1.375000000000000000e+01 -3.739470707488984418e-05 1.559005783451626093e-07
1.395833333333333393e+01 -3.683101032957021402e-05 1.955164319499827249e-07
1.416666666666666785e+01 -2.963588647914237444e-05 1.471798906052942139e-07
1.437500000000000000e+01 -2.571535266409765244e-05 9.775744151303882145e-08
1.458333333333333393e+01 -2.101800986987037748e-05 6.507737009534908256e-08
1.479166666666666785e+01 -1.721547467825187839e-05 4.636088188942190954e-08
1.500000000000000000e+01 -1.623733372941872419e-05 3.694822320934230958e-08
1.520833333333333393e+01 -1.323587082403207356e-05 3.386427064161163331e-08
1.541666666666666785e+01 -1.269645064707464957e-05 3.280336684659928973e-08
1.562500000000000000e+01 -1.178276581468856658e-05 2.645309163520574799e-08
1.583333333333333393e+01 -9.355344312335091996e-06 2.396555283803886733e-08
1.604166666666666785e+01 -9.705573618638561724e-06 2.132657673424955427e-08
1.625000000000000000e+01 -8.128116869086581423e-06 1.965449184566360883e-08
1.645833333333333570e+01 -6.769127600759007035e-06 1.696820411503626817e-08
1.666666666666666785e+01 -7.515306646822700692e-06 1.703500296723010611e-08
1.687500000000000000e+01 -5.512946058160360466e-06 1.519649812841458132e-08
1.708333333333333570e+01 -5.650038775657898806e-06 1.581302789376268563e-08
1.729166666666666785e+01 -5.601483123864649904e-06 1.372873221600160452e-08
1.750000000000000000e+01 -3.700224840089740663e-06 1.112534433108398589e-08
1.770833333333333570e+01 -4.663547575522092267e-06 1.053103611861119327e-08
1.791666666666666785e+01 -3.763036084125670719e-06 1.033280477124378525e-08
1.812500000000000000e+01 -2.783230076938230582e-06 8.207792614691787966e-09
1.833333333333333570e+01 -3.690616343889681868e-06 7.130923829155089103e-09
1.854166666666666785e+01 -2.175934894624330140e-06 6.713384337341566137e-09
1.875000000000000000e+01 -2.431852935720276174e-06 6.006106733906964043e-09
1.895833333333333570e+01 -2.648037527123187564e-06 4.875271044955722119e-09
1.916666666666666785e+01 -1.240274940142172734e-06 4.715324440942440514e-09
1.937500000000000000e+01 -2.225583881513837077e-06 3.775658561065014440e-09
1.958333333333333570e+01 -1.557990640814798773e-06 3.648702169132787127e-09
1.979166666666666785e+01 -9.196626515957071535e-07 3.243759999578918306e-09
2.000000000000000000e+01 -1.975812871702233506e-06 2.830079956190778726e-09
2.020833333333333570e+01 -6.296713895404664804e-07 2.207700267593318318e-09
2.041666666666666785e+01 -9.932695145209642628e-07 1.835135556675376868e-09
2.062500000000000000e+01 -1.357218104224862820e-06 1.513520099365932345e-09
2.083333333333333570e+01 -9.517430023257598272e-08 1.355595550819572599e-09
2.104166666666666785e+01 -1.185231177026263117e-06 1.290012406021824520e-09
2.125000000000000000e+01 -6.344727184091239569e-07 1.216520230387930589e-09
2.145833333333333570e+01 -1.033730573700133764e-07 1.159362321796839582e-09
2.166666666666666785e+01 -1.205227661753652421e-06 1.345942969677423759e-09
2.187500000000000000e+01 -4.348936440842570494e-08 1.741838872392492108e-09
2.208333333333333570e+01 -5.110995657305455627e-07 2.255599877828129592e-09
2.229166666666666785e+01 -9.160207577240516109e-07 1.906163462662425629e-09
2.250000000000000000e+01 2.356316213588302650e-07 1.752731426910009711e-09
2.270833333333333570e+01 -8.555202454736531635e-07 1.888402850368786370e-09
2.291666666666666785e+01 -3.878417837720615515e-07 2.226835710562121186e-09
2.312500000000000000e+01 1.152035447638045659e-07 1.702477895541416935e-09
2.333333333333333570e+01 -9.346829334953846262e-07 1.175810018818470084e-09
2.354166666666666785e+01 1.970568869562788353e-07 9.019404523677989494e-10
2.375000000000000000e+01 -2.388277667754681636e-07 8.360874881742358273e-10
2.395833333333333570e+01 -6.643537306850222468e-07 7.213343417163995931e-10
2.416666666666666785e+01 4.356143843498343900e-07 6.923533912501325332e-10
2.437500000000000000e+01 -6.334127058625736434e-07 7.051751839558231270e-10
2.458333333333333570e+01 -1.695846268701209340e-07 7.968268631000533191e-10
2.479166666666666785e+01 2.905560007221739625e-07 6.437041738348547380e-10
2.500000000000000000e+01 -7.631507408622755024e-07 5.127417900127358325e-10
2.520833333333333570e+01 3.129890706326461689e-07 4.802390509429690396e-10
2.541666666666666785e+01 -1.175432555250720655e-07 4.046273221496625327e-10
2.562500000000000000e+01 -5.423915718624205807e-07 3.439599531727286882e-10
2.583333333333333570e+01 5.256548073166261756e-07 3.107902454994651726e-10
2.604166666666666785e+01 -5.249620438390319896e-07 2.894718294544160888e-10
2.625000000000000000e+01 -7.349351100144271796e-08 2.530278766008737609e-10
2.645833333333333570e+01 3.664619889324325814e-07 2.369736489208616048e-10
2.666666666666666785e+01 -6.762050756121160553e-07 2.384625909243842401e-10
2.687500000000000000e+01 3.753541770892989720e-07 2.557889875214167303e-10
2.708333333333333570e+01 -6.120740326288340463e-08 3.080069963453456333e-10
2.729166666666666785e+01 -4.920523187911001389e-07 3.683237336652061673e-10
2.750000000000000000e+01 5.560781512041159912e-07 3.434384911252514234e-10
2.770833333333333570e+01 -4.855477887554420833e-07 3.281614371585829343e-10
2.791666666666666785e+01 -5.617311125808000878e-08 3.559819903971109232e-10
2.812500000000000000e+01 3.713930910631260651e-07 3.550003665285431630e-10
2.833333333333333570e+01 -6.747994371687594066e-07 4.365770722079951557e-10
2.854166666666666785e+01 3.581076239453148437e-07 5.128196413592555897e-10
2.875000000000000000e+01 -6.787289693636230741e-08 4.568500904439055627e-10
2.895833333333333570e+01 -4.975314728661576029e-07 4.959223256903312280e-10
2.916666666666666785e+01 5.316791128921477900e-07 5.693587580644939856e-10
2.937500000000000000e+01 -4.922518032970006743e-07 3.907517564551675320e-10
2.958333333333333570e+01 -5.645408715331314386e-08 3.078907139823386546e-10
2.979166666666666785e+01 3.737038826991226953e-07 2.716945837957066845e-10
3.000000000000000000e+01 -6.583799931345761424e-07 2.499676165878997867e-10
3.020833333333333570e+01 3.737038827130381761e-07 2.716945837852260993e-10
3.041666666666666785e+01 -5.645408720347962307e-08 3.078907139650293316e-10
3.062500000000000000e+01 -4.922518032901880942e-07 3.907517564275274469e-10
3.083333333333333570e+01 5.316791129045608460e-07 5.693587580071487591e-10
3.104166666666666785e+01 -4.975314728580612385e-07 4.959223256376063222e-10
3.125000000000000000e+01 -6.787289693767160859e-08 4.568500904130979446e-10
3.145833333333333570e+01 3.581076239519965043e-07 5.128196413247754965e-10
3.166666666666666785e+01 -6.747994371637254898e-07 4.365770721887818180e-10
3.187500000000000000e+01 3.713930910601723553e-07 3.550003665196152992e-10
3.208333333333333570e+01 -5.617311125239471041e-08 3.559819903921090137e-10
3.229166666666667140e+01 -4.855477887446395545e-07 3.281614371589509263e-10
3.250000000000000000e+01 5.560781512170927477e-07 3.434384911199676522e-10
3.270833333333333570e+01 -4.920523187775577762e-07 3.683237336605306322e-10
3.291666666666667140e+01 -6.120740326441851950e-08 3.080069963464079400e-10
3.312500000000000000e+01 3.753541770798817127e-07 2.557889875269009377e-10
3.333333333333333570e+01 -6.762050756119779889e-07 2.384625909317839911e-10
3.354166666666667140e+01 3.664619889426623042e-07 2.369736489255583363e-10
3.375000000000000000e+01 -7.349351098299031696e-08 2.530278766032172670e-10
3.395833333333333570e+01 -5.249620438711692667e-07 2.894718294627554136e-10
3.416666666666667140e+01 5.256548072901095974e-07 3.107902455108415427e-10
3.437500000000000000e+01 -5.423915718466394040e-07 3.439599531968730563e-10
3.458333333333333570e+01 -1.175432555236796625e-07 4.046273221782582699e-10
3.479166666666667140e+01 3.129890706278564622e-07 4.802390509738170862e-10
3.500000000000000000e+01 -7.631507408696296542e-07 5.127417900500011463e-10
3.520833333333333570e+01 2.905560007244326288e-07 6.437041738827477717e-10
3.541666666666667140e+01 -1.695846268610580256e-07 7.968268631526328480e-10
3.562500000000000000e+01 -6.334127058705801165e-07 7.051751839888705435e-10
3.583333333333333570e+01 4.356143843334938010e-07 6.923533912511350761e-10
3.604166666666667140e+01 -6.643537306531831254e-07 7.213343417188020358e-10
3.625000000000000000e+01 -2.388277667424451019e-07 8.360874881827345911e-10
3.645833333333333570e+01 1.970568869392180036e-07 9.019404523708754409e-10
3.666666666666667140e+01 -9.346829334966115534e-07 1.175810018818721340e-09
3.687500000000000000e+01 1.152035447657234793e-07 1.702477895534136091e-09
3.708333333333333570e+01 -3.878417837822812688e-07 2.226835710549692797e-09
3.729166666666667140e+01 -8.555202454584277463e-07 1.888402850356294702e-09
3.750000000000000000e+01 2.356316213404545999e-07 1.752731426898056745e-09
3.770833333333333570e+01 -9.160207577337747021e-07 1.906163462651467967e-09
3.791666666666667140e+01 -5.110995656920849730e-07 2.255599877811833721e-09
3.812500000000000000e+01 -4.348936441664287744e-08 1.741838872376841644e-09
3.833333333333333570e+01 -1.205227661814317132e-06 1.345942969663892325e-09
3.854166666666667140e+01 -1.033730573248589234e-07 1.159362321786703311e-09
3.875000000000000000e+01 -6.344727183705570645e-07 1.216520230371995781e-09
3.895833333333333570e+01 -1.185231177042762049e-06 1.290012406004421260e-09
3.916666666666667140e+01 -9.517430024708724530e-08 1.355595550800636574e-09
3.937500000000000000e+01 -1.357218104181173284e-06 1.513520099352252638e-09
3.958333333333333570e+01 -9.932695145193339361e-07 1.835135556661173350e-09
3.979166666666667140e+01 -6.296713895323389876e-07 2.207700267580929634e-09
4.000000000000000000e+01 -1.975812871698673003e-06 2.830079956174474997e-09
4.020833333333333570e+01 -9.196626515943574065e-07 3.243759999558239618e-09
4.041666666666667140e+01 -1.557990640804596897e-06 3.648702169121719450e-09
4.062500000000000000e+01 -2.225583881486077689e-06 3.775658561055099026e-09
4.083333333333333570e+01 -1.240274940120729036e-06 4.715324440934561619e-09
4.104166666666667140e+01 -2.648037527118509825e-06 4.875271044938588727e-09
4.125000000000000000e+01 -2.431852935727026604e-06 6.006106733887156376e-09
4.145833333333333570e+01 -2.175934894621963106e-06 6.713384337310216819e-09
4.166666666666667140e+01 -3.690616343934272647e-06 7.130923829120951359e-09
4.187500000000000000e+01 -2.783230076931049860e-06 8.207792614644036483e-09
4.208333333333333570e+01 -3.763036084129091885e-06 1.033280477118490653e-08
4.229166666666667140e+01 -4.663547575495885915e-06 1.053103611857346721e-08
4.250000000000000000e+01 -3.700224840069460153e-06 1.112534433105187143e-08
4.270833333333333570e+01 -5.601483123899903415e-06 1.372873221597058359e-08
4.291666666666667140e+01 -5.650038775623826906e-06 1.581302789374409061e-08
4.312500000000000000e+01 -5.512946058178384480e-06 1.519649812840208759e-08
4.333333333333333570e+01 -7.515306646834330454e-06 1.703500296721727488e-08
4.354166666666667140e+01 -6.769127600767577314e-06 1.696820411503108009e-08
4.375000000000000000e+01 -8.128116869046975857e-06 1.965449184566175594e-08
4.395833333333333570e+01 -9.705573618696956175e-06 2.132657673425468279e-08
4.416666666666667140e+01 -9.355344312334839581e-06 2.396555283805065300e-08
4.437500000000000000e+01 -1.178276581463608103e-05 2.645309163522066371e-08
4.458333333333333570e+01 -1.269645064713015564e-05 3.280336684662191478e-08
4.479166666666667140e+01 -1.323587082402633237e-05 3.386427064163875822e-08
4.500000000000000000e+01 -1.623733372940923403e-05 3.694822320937282924e-08
4.520833333333333570e+01 -1.721547467825352163e-05 4.636088188945946354e-08
4.541666666666667140e+01 -2.101800986987755016e-05 6.507737009539606642e-08
4.562500000000000000e+01 -2.571535266410984971e-05 9.775744151311321477e-08
4.583333333333333570e+01 -2.963588647915280989e-05 1.471798906054018400e-07
4.604166666666667140e+01 -3.683101032957767469e-05 1.955164319501264029e-07
4.625000000000000000e+01 -3.739470707490173652e-05 1.559005783452686208e-07
4.645833333333333570e+01 -3.886896741373678684e-05 1.257914989973699642e-07
4.666666666666667140e+01 -4.388700650483300352e-05 1.187747235161381144e-07
4.687500000000000000e+01 -4.814249016810110288e-05 1.421927293376770474e-07
4.708333333333333570e+01 -5.616109496559074310e-05 1.856008615822806442e-07
4.729166666666667140e+01 -6.354710659380720611e-05 2.195917123941018643e-07
4.750000000000000000e+01 -6.480717840974240158e-05 1.892165096691501109e-07
4.770833333333333570e+01 -6.574435855683328502e-05 1.444105083277935157e-07
4.791666666666667140e+01 -6.780487220406312748e-05 1.260807274655159851e-07
4.812500000000000000e+01 -7.137294305601722287e-05 1.254744029416800430e-07
4.833333333333333570e+01 -7.849650589427895769e-05 1.253328501556335557e-07
4.854166666666667140e+01 -8.438944283414257321e-05 1.372545119739178410e-07
4.875000000000000000e+01 -9.337593750771722991e-05 1.495302899268379355e-07
4.895833333333333570e+01 -1.039302942518816525e-04 1.537370815893528968e-07
4.916666666666667140e+01 -1.154764674022845233e-04 1.806633597774402834e-07
4.937500000000000000e+01 -1.342254062975885873e-04 2.161105013393484889e-07
4.958333333333333570e+01 -1.483921972820987907e-04 2.355231936636358313e-07
4.979166666666667140e+01 -1.662199030701997315e-04 2.554814260931145370e-07
5.000000000000000000e+01 -1.899872701855213853e-04 2.725380538581885915e-07
5.020833333333333570e+01 -2.116795007214278257e-04 3.060821476636587362e-07
5.041666666666667140e+01 -2.444788909787654974e-04 3.917310910112899581e-07
5.062500000000000000e+01 -2.780307209917503176e-04 4.524252741379046841e-07
5.083333333333333570e+01 -3.148886988600465317e-04 5.213168585894016790e-07
5.104166666666667140e+01 -3.605283133417458755e-04 6.012507516031033785e-07
5.125000000000000000e+01 -4.130531316258923458e-04 7.512744638278368710e-07
5.145833333333333570e+01 -4.803578658932796536e-04 9.777140915243446834e-07
5.166666666666667140e+01 -5.617249154949021002e-04 1.269493354110687630e-06
5.187500000000000000e+01 -6.353929649431875595e-04 1.440919775325794381e-06
5.208333333333333570e+01 -7.387324021743104296e-04 1.808270941544191197e-06
5.229166666666667140e+01 -8.600839739348236160e-04 2.333618378481103226e-06
5.250000000000000000e+01 -9.738255573560572432e-04 2.517790751659808457e-06
5.270833333333333570e+01 -1.089519903322141861e-03 2.704798793593210726e-06
5.291666666666667140e+01 -1.231457663889465141e-03 2.956473312095739446e-06
5.312500000000000000e+01 -1.376770813207804081e-03 2.998608715574712628e-06
5.333333333333333570e+01 -1.564064860466826473e-03 3.318028496312479206e-06
5.354166666666667140e+01 -1.843703181344170288e-03 4.299198193605843670e-06
5.375000000000000000e+01 -2.248483077117136367e-03 6.309207923146164565e-06
5.395833333333333570e+01 -2.831887677160587966e-03 9.622097025822799616e-06
5.416666666666667140e+01 -3.591692939770122894e-03 1.445608414022935368e-05
5.437500000000000000e+01 -4.600657095868375054e-03 2.025420406968886079e-05
5.458333333333333570e+01 -5.217091349323422708e-03 2.060271499400707874e-05
5.479166666666667140e+01 -6.233692914299314089e-03 2.432795781201732406e-05
5.500000000000000000e+01 -6.814845526869350162e-03 2.410902398877405353e-05
5.520833333333333570e+01 -7.168908172721922580e-03 2.121638857609202327e-05
5.541666666666667140e+01 -8.325052879251344795e-03 2.310820795603340841e-05
5.562500000000000000e+01 -9.067755123953398153e-03 2.146134230535273700e-05
5.583333333333333570e+01 -1.010674363615583250e-02 2.067430421692006290e-05
5.604166666666667140e+01 -1.156617097280509751e-02 2.230416172055821154e-05
5.625000000000000000e+01 -1.303791924825211182e-02 2.142576661665087276e-05
5.645833333333333570e+01 -1.460931923275941326e-02 2.063505674925984062e-05
5.666666666666667140e+01 -1.643258705683675255e-02 1.957284547491584890e-05
5.687500000000000000e+01 -1.919567898264593758e-02 2.057126556406247027e-05
5.708333333333333570e+01 -2.251713712430634257e-02 2.192178272239575043e-05
5.729166666666667140e+01 -2.648109643262038307e-02 2.253602603643969300e-05
5.750000000000000000e+01 -3.099087655544652611e-02 2.146916293262556602e-05
5.770833333333333570e+01 -3.714204383449267594e-02 2.143462990762353050e-05
5.791666666666667140e+01 -4.436217292591206757e-02 2.072562889207798338e-05
5.812500000000000000e+01 -5.366467249956524688e-02 2.023999808478117826e-05
5.833333333333333570e+01 -6.580199746067197375e-02 2.013047051246183580e-05
5.854166666666667140e+01 -8.133215309285367345e-02 1.981798261036168905e-05
5.875000000000000000e+01 -1.018772693882011582e-01 1.935433169217393875e-05
5.895833333333333570e+01 -1.291012626297396992e-01 1.860429365315876242e-05
5.916666666666667140e+01 -1.652934480627015479e-01 1.764336826289846457e-05
5.937500000000000000e+01 -2.138065874638788444e-01 1.712511074148659126e-05
5.958333333333333570e+01 -2.804697216714512331e-01 1.796666286372580637e-05
5.979166666666667140e+01 -3.722408876032995417e-01 2.121247819988465475e-05
6.000000000000000000e+01 -5.000000000000002220e-01 2.639592260740074604e-05
