0.000000000000000000e+00 -5.000000000000003331e-01 3.941947458071456967e-04
2.083333333333333426e-01 -3.866395015330094109e-01 3.033653089521028807e-04
4.166666666666666852e-01 -3.028746605604709652e-01 2.698888183965943914e-04
6.250000000000000000e-01 -2.403922421074048965e-01 1.951611027393166308e-04
8.333333333333333703e-01 -1.934918699838099609e-01 1.330965475284766873e-04
1.041666666666666741e+00 -1.574602357665239871e-01 9.258718311443145453e-05
1.250000000000000000e+00 -1.302754934618770011e-01 7.100797473247970055e-05
1.458333333333333481e+00 -1.089806422792841539e-01 5.941596723673098874e-05
1.666666666666666741e+00 -9.206211263761007735e-02 5.262107711158051798e-05
1.875000000000000000e+00 -7.909104711076517247e-02 4.731482976732662756e-05
2.083333333333333481e+00 -6.890668661109830562e-02 4.489329141199443487e-05
2.291666666666666963e+00 -6.060062002594325536e-02 4.065350403092079265e-05
2.500000000000000000e+00 -5.386917214310071866e-02 3.686884754929585560e-05
2.708333333333333481e+00 -4.811113713097529831e-02 3.521210341247096349e-05
2.916666666666666963e+00 -4.338474244004704439e-02 3.248996210560759184e-05
3.125000000000000000e+00 -3.942685384991993086e-02 3.146790594217780453e-05
3.333333333333333481e+00 -3.631816667665201809e-02 3.064741563286411063e-05
3.541666666666666963e+00 -3.372122451724192393e-02 3.012820081424569843e-05
3.750000000000000000e+00 -3.186677926033047725e-02 3.214455664727855320e-05
3.958333333333333481e+00 -3.001330686047658236e-02 3.198314852330528971e-05
4.166666666666666963e+00 -2.836420505813060794e-02 3.265257844547611403e-05
4.375000000000000000e+00 -2.722981143297718842e-02 3.248292033026611673e-05
4.583333333333333925e+00 -2.613034856484499485e-02 3.284269536736140403e-05
4.791666666666666963e+00 -2.515680792549523231e-02 3.109401031348621425e-05
5.000000000000000000e+00 -2.445651279346133800e-02 3.157284876356435040e-05
5.208333333333333925e+00 -2.405114133251575956e-02 3.229790912899693030e-05
5.416666666666666963e+00 -2.311743283045008049e-02 3.091228881536983177e-05
5.625000000000000000e+00 -2.241567584004664632e-02 2.951131335038679186e-05
5.833333333333333925e+00 -2.223768150632322513e-02 3.038010546234152072e-05
6.041666666666666963e+00 -2.199461078058294675e-02 3.114445707530156995e-05
6.250000000000000000e+00 -2.148845964878185605e-02 3.040608639883904472e-05
6.458333333333333925e+00 -2.105545361627721851e-02 2.945141745819457893e-05
6.666666666666666963e+00 -2.087985526272384540e-02 2.961102518998405886e-05
6.875000000000000000e+00 -2.068909846225083088e-02 3.054112118920997799e-05
7.083333333333333925e+00 -2.094935380009230880e-02 3.312485730735619904e-05
7.291666666666666963e+00 -2.091780899565401711e-02 3.359394908788384691e-05
7.500000000000000000e+00 -2.080167261919626046e-02 3.378639533145963046e-05
7.708333333333333925e+00 -2.022668661130189519e-02 3.250348071444325815e-05
7.916666666666666963e+00 -2.012991798482554814e-02 3.274063681074762251e-05
8.125000000000000000e+00 -1.998427436237082411e-02 3.291016196413739563e-05
8.333333333333333925e+00 -2.010030963709577567e-02 3.359823792526203797e-05
8.541666666666667851e+00 -1.992242538994503515e-02 3.302957287443226395e-05
8.750000000000000000e+00 -1.987744569064215511e-02 3.408163661456423404e-05
8.958333333333333925e+00 -1.969151341246300202e-02 3.499758413509266274e-05
9.166666666666667851e+00 -1.891607675312288392e-02 3.263853089286727362e-05
9.375000000000000000e+00 -1.842848323306079533e-02 3.176562651214944968e-05
9.583333333333333925e+00 -1.793548293166716268e-02 3.057213057254980681e-05
9.791666666666667851e+00 -1.735709916586547150e-02 2.951517982303141570e-05
1.000000000000000000e+01 -1.719035728705986532e-02 2.889136810123518067e-05
1.020833333333333393e+01 -1.735722301534292286e-02 2.985249372406219143e-05
1.041666666666666785e+01 -1.723808865837909293e-02 2.927668656808189620e-05
1.062500000000000000e+01 -1.759578963620988395e-02 3.149239793827300735e-05
1.083333333333333393e+01 -1.781982699617670057e-02 3.221610991194298889e-05
1.104166666666666785e+01 -1.792805372737824726e-02 3.251787815209085310e-05
1.125000000000000000e+01 -1.781413615432836384e-02 3.220940023472541013e-05
1.145833333333333393e+01 -1.793933456298668280e-02 3.282729657249863791e-05
1.166666666666666785e+01 -1.794827326582859595e-02 3.260380651905319527e-05
1.187500000000000000e+01 -1.789897552591779989e-02 3.274559898694160911e-05
1.208333333333333393e+01 -1.796801114732366964e-02 3.357002124539007595e-05
1.229166666666666785e+01 -1.812191698294864095e-02 3.434958216303001498e-05
1.250000000000000000e+01 -1.796894099506125136e-02 3.335534528494876684e-05
1.270833333333333393e+01 -1.787386189471591030e-02 3.210861064043457787e-05
1.291666666666666785e+01 -1.806938949017443397e-02 3.311526809255221069e-05
1.312500000000000000e+01 -1.824123623955836715e-02 3.368662219858333440e-05
1.333333333333333393e+01 -1.791970339861452544e-02 3.236802939349971825e-05
1.354166666666666785e+01 -1.771774455822600070e-02 3.189935151949576319e-05
1.375000000000000000e+01 -1.759440448080545893e-02 3.220299419352952544e-05
1.395833333333333393e+01 -1.757946959698565570e-02 3.278787094315075248e-05
1.416666666666666785e+01 -1.722898468710777620e-02 3.207148226545114398e-05
1.437500000000000000e+01 -1.735776746610927235e-02 3.334407390239886040e-05
1.458333333333333393e+01 -1.734455666771179960e-02 3.366831254599660127e-05
1.479166666666666785e+01 -1.718350056749597815e-02 3.315952552489288173e-05
1.500000000000000000e+01 -1.666079282669708644e-02 3.017954591994619496e-05
1.520833333333333393e+01 -1.645467811593200741e-02 2.986682327211724524e-05
1.541666666666666785e+01 -1.612412153455281688e-02 2.866665199097938695e-05
1.562500000000000000e+01 -1.595165876960986939e-02 2.888157697090478604e-05
1.583333333333333393e+01 -1.561015072593119682e-02 2.777133609547633548e-05
1.604166666666666785e+01 -1.539940644147435450e-02 2.769720502788855645e-05
1.625000000000000000e+01 -1.539160843697896797e-02 2.810575823651949296e-05
1.645833333333333570e+01 -1.565866882281529912e-02 2.995126229932402017e-05
1.666666666666666785e+01 -1.600336965084243543e-02 3.125486357686855984e-05
1.687500000000000000e+01 -1.628462569514140673e-02 3.330241089686397909e-05
1.708333333333333570e+01 -1.669810990885441798e-02 3.672261182820688426e-05
1.729166666666666785e+01 -1.640105592266310336e-02 3.414713280418196848e-05
1.750000000000000000e+01 -1.662944578071764989e-02 3.517065286927849961e-05
1.770833333333333570e+01 -1.656612234739949369e-02 3.530844037260101657e-05
1.791666666666666785e+01 -1.608003673235610873e-02 3.318266203435621132e-05
1.812500000000000000e+01 -1.567526101645028841e-02 3.031042497956797839e-05
1.833333333333333570e+01 -1.569763735464886970e-02 3.069019721077621881e-05
1.854166666666666785e+01 -1.595696450791293797e-02 3.190474195400708798e-05
1.875000000000000000e+01 -1.635132311263833016e-02 3.444608709933763189e-05
1.895833333333333570e+01 -1.645054344627432108e-02 3.501289126975456258e-05
1.916666666666666785e+01 -1.590609051091108894e-02 3.271790760879550480e-05
1.937500000000000000e+01 -1.549393658760943315e-02 3.018814561002082931e-05
1.958333333333333570e+01 -1.504976167660379040e-02 2.865864994147872453e-05
1.979166666666666785e+01 -1.494673530986827606e-02 2.813528557357337849e-05
2.000000000000000000e+01 -1.501577747984787423e-02 2.914459320752618539e-05
2.020833333333333570e+01 -1.486187943052684479e-02 2.827367822740853577e-05
2.041666666666666785e+01 -1.453030358780926443e-02 2.709301399610019044e-05
2.062500000000000000e+01 -1.463169029674076319e-02 2.793897183207540115e-05
2.083333333333333570e+01 -1.465391881272056981e-02 2.787802384733204067e-05
2.104166666666666785e+01 -1.482526536557936953e-02 2.894941261304698416e-05
2.125000000000000000e+01 -1.515539847472513468e-02 3.019755861218556008e-05
2.145833333333333570e+01 -1.594195174810361312e-02 3.315466630205734616e-05
2.166666666666666785e+01 -1.642226697602440846e-02 3.398905466370765870e-05
2.187500000000000000e+01 -1.593119251630928726e-02 3.057377896311175357e-05
2.208333333333333570e+01 -1.582840868057189959e-02 2.921477220428252760e-05
2.229166666666666785e+01 -1.572017340126026161e-02 2.864897580306918740e-05
2.250000000000000000e+01 -1.553717669022150298e-02 2.858654108605772782e-05
2.270833333333333570e+01 -1.588028652016567482e-02 3.131283380149463291e-05
2.291666666666666785e+01 -1.641328512021249936e-02 3.439236444627526748e-05
2.312500000000000000e+01 -1.657722877273917414e-02 3.507724619921272614e-05
2.333333333333333570e+01 -1.656097152649758930e-02 3.314002514420114499e-05
2.354166666666666785e+01 -1.632077292171645391e-02 3.182754831309868613e-05
2.375000000000000000e+01 -1.626592296348176175e-02 3.186399215682060479e-05
2.395833333333333570e+01 -1.575989773182945655e-02 2.940241777164132771e-05
2.416666666666666785e+01 -1.543118973143207950e-02 2.747986358501643036e-05
2.437500000000000000e+01 -1.561669004490279060e-02 2.818749434415203196e-05
2.458333333333333570e+01 -1.591357417200545826e-02 2.953962441956548154e-05
2.479166666666666785e+01 -1.583651843948565008e-02 2.958502994479678681e-05
2.500000000000000000e+01 -1.605674066973590899e-02 3.029171965240132902e-05
2.520833333333333570e+01 -1.594818960760820137e-02 2.941919756436990390e-05
2.541666666666666785e+01 -1.641562597375370233e-02 3.081710833575394864e-05
2.562500000000000000e+01 -1.662794731769846879e-02 3.117011556697125020e-05
2.583333333333333570e+01 -1.683633589145171194e-02 3.216952505779063136e-05
2.604166666666666785e+01 -1.716125646768765917e-02 3.376860246830991981e-05
2.625000000000000000e+01 -1.734826168331470714e-02 3.426298706961750735e-05
2.645833333333333570e+01 -1.719356058740829571e-02 3.407686387386785675e-05
2.666666666666666785e+01 -1.710905808338211015e-02 3.327498965977470372e-05
2.687500000000000000e+01 -1.641978664899415574e-02 3.003270749019372861e-05
2.708333333333333570e+01 -1.595146729811580677e-02 2.845389641840603026e-05
2.729166666666666785e+01 -1.607137268114632381e-02 2.974758219302966447e-05
2.750000000000000000e+01 -1.632887176257244791e-02 3.174355551265014609e-05
2.770833333333333570e+01 -1.640370887982934081e-02 3.156401060246436614e-05
2.791666666666666785e+01 -1.656190084821264341e-02 3.244095779026664122e-05
2.812500000000000000e+01 -1.610168486950747102e-02 2.972593858268123202e-05
2.833333333333333570e+01 -1.585158843670839840e-02 2.856389841170792353e-05
2.854166666666666785e+01 -1.599388771634774331e-02 2.868388992796177660e-05
2.875000000000000000e+01 -1.599512950117121246e-02 2.874624597713065438e-05
2.895833333333333570e+01 -1.607869950391576513e-02 3.029091127670885370e-05
2.916666666666666785e+01 -1.573636495477898772e-02 2.977910134622382640e-05
2.937500000000000000e+01 -1.540224784911179215e-02 2.875679824733557560e-05
2.958333333333333570e+01 -1.525397590990260586e-02 2.907798756904116517e-05
2.979166666666666785e+01 -1.509030085544001837e-02 2.854907032139349104e-05
3.000000000000000000e+01 -1.498197424897157459e-02 2.795638170511633122e-05
3.020833333333333570e+01 -1.509030085543990041e-02 2.854907032139368756e-05
3.041666666666666785e+01 -1.525397590990260066e-02 2.907798756904134474e-05
3.062500000000000000e+01 -1.540224784911192399e-02 2.875679824733560271e-05
3.083333333333333570e+01 -1.573636495477894956e-02 2.977910134622377557e-05
3.104166666666666785e+01 -1.607869950391583452e-02 3.029091127670879271e-05
3.125000000000000000e+01 -1.599512950117121246e-02 2.874624597713067810e-05
3.145833333333333570e+01 -1.599388771634768780e-02 2.868388992796188502e-05
3.166666666666666785e+01 -1.585158843670839146e-02 2.856389841170813021e-05
3.187500000000000000e+01 -1.610168486950747102e-02 2.972593858268149968e-05
3.208333333333333570e+01 -1.656190084821260872e-02 3.244095779026699358e-05
3.229166666666667140e+01 -1.640370887982940673e-02 3.156401060246466429e-05
3.250000000000000000e+01 -1.632887176257241668e-02 3.174355551265047135e-05
3.270833333333333570e+01 -1.607137268114637932e-02 2.974758219302988131e-05
3.291666666666667140e+01 -1.595146729811585534e-02 2.845389641840617934e-05
3.312500000000000000e+01 -1.641978664899418350e-02 3.003270749019383703e-05
3.333333333333333570e+01 -1.710905808338209627e-02 3.327498965977473760e-05
3.354166666666667140e+01 -1.719356058740832693e-02 3.407686387386775511e-05
3.375000000000000000e+01 -1.734826168331467244e-02 3.426298706961738538e-05
3.395833333333333570e+01 -1.716125646768759672e-02 3.376860246830983172e-05
3.416666666666667140e+01 -1.683633589145177439e-02 3.216952505779053649e-05
3.437500000000000000e+01 -1.662794731769844450e-02 3.117011556697121632e-05
3.458333333333333570e+01 -1.641562597375368499e-02 3.081710833575391475e-05
3.479166666666667140e+01 -1.594818960760809035e-02 2.941919756436991407e-05
3.500000000000000000e+01 -1.605674066973597144e-02 3.029171965240120027e-05
3.520833333333333570e+01 -1.583651843948570906e-02 2.958502994479669194e-05
3.541666666666667140e+01 -1.591357417200544438e-02 2.953962441956547137e-05
3.562500000000000000e+01 -1.561669004490277846e-02 2.818749434415213361e-05
3.583333333333333570e+01 -1.543118973143198409e-02 2.747986358501654895e-05
3.604166666666667140e+01 -1.575989773182940451e-02 2.940241777164137853e-05
3.625000000000000000e+01 -1.626592296348182073e-02 3.186399215682057091e-05
3.645833333333333570e+01 -1.632077292171653024e-02 3.182754831309864547e-05
3.666666666666667140e+01 -1.656097152649751297e-02 3.314002514420110433e-05
3.687500000000000000e+01 -1.657722877273922965e-02 3.507724619921263128e-05
3.708333333333333570e+01 -1.641328512021252711e-02 3.439236444627520649e-05
3.729166666666667140e+01 -1.588028652016564707e-02 3.131283380149465324e-05
3.750000000000000000e+01 -1.553717669022143706e-02 2.858654108605775492e-05
3.770833333333333570e+01 -1.572017340126034141e-02 2.864897580306917046e-05
3.791666666666667140e+01 -1.582840868057190653e-02 2.921477220428252082e-05
3.812500000000000000e+01 -1.593119251630935665e-02 3.057377896311180778e-05
3.833333333333333570e+01 -1.642226697602449867e-02 3.398905466370780100e-05
3.854166666666667140e+01 -1.594195174810356108e-02 3.315466630205769175e-05
3.875000000000000000e+01 -1.515539847472518672e-02 3.019755861218579047e-05
3.895833333333333570e+01 -1.482526536557940249e-02 2.894941261304713662e-05
3.916666666666667140e+01 -1.465391881272060104e-02 2.787802384733213554e-05
3.937500000000000000e+01 -1.463169029674075798e-02 2.793897183207544858e-05
3.958333333333333570e+01 -1.453030358780930259e-02 2.709301399610019044e-05
3.979166666666667140e+01 -1.486187943052689336e-02 2.827367822740854594e-05
4.000000000000000000e+01 -1.501577747984780484e-02 2.914459320752626331e-05
4.020833333333333570e+01 -1.494673530986825871e-02 2.813528557357338866e-05
4.041666666666667140e+01 -1.504976167660388234e-02 2.865864994147864999e-05
4.062500000000000000e+01 -1.549393658760941581e-02 3.018814561002076832e-05
4.083333333333333570e+01 -1.590609051091103343e-02 3.271790760879544381e-05
4.104166666666667140e+01 -1.645054344627436965e-02 3.501289126975446094e-05
4.125000000000000000e+01 -1.635132311263834057e-02 3.444608709933756412e-05
4.145833333333333570e+01 -1.595696450791293797e-02 3.190474195400706087e-05
4.166666666666667140e+01 -1.569763735464891480e-02 3.069019721077615782e-05
4.187500000000000000e+01 -1.567526101645028147e-02 3.031042497956793434e-05
4.208333333333333570e+01 -1.608003673235612607e-02 3.318266203435622487e-05
4.229166666666667140e+01 -1.656612234739938266e-02 3.530844037260117243e-05
4.250000000000000000e+01 -1.662944578071775051e-02 3.517065286927848605e-05
4.270833333333333570e+01 -1.640105592266312418e-02 3.414713280418217177e-05
4.291666666666667140e+01 -1.669810990885440410e-02 3.672261182820729761e-05
4.312500000000000000e+01 -1.628462569514151081e-02 3.330241089686421626e-05
4.333333333333333570e+01 -1.600336965084247359e-02 3.125486357686868858e-05
4.354166666666667140e+01 -1.565866882281536504e-02 2.995126229932423701e-05
4.375000000000000000e+01 -1.539160843697886388e-02 2.810575823651968947e-05
4.395833333333333570e+01 -1.539940644147442042e-02 2.769720502788872586e-05
4.416666666666667140e+01 -1.561015072593136682e-02 2.777133609547651844e-05
4.437500000000000000e+01 -1.595165876960977225e-02 2.888157697090507742e-05
4.458333333333333570e+01 -1.612412153455295219e-02 2.866665199097948860e-05
4.479166666666667140e+01 -1.645467811593196231e-02 2.986682327211737060e-05
4.500000000000000000e+01 -1.666079282669707604e-02 3.017954591994622884e-05
4.520833333333333570e+01 -1.718350056749594693e-02 3.315952552489274621e-05
4.541666666666667140e+01 -1.734455666771173715e-02 3.366831254599634378e-05
4.562500000000000000e+01 -1.735776746610928623e-02 3.334407390239850803e-05
4.583333333333333570e+01 -1.722898468710763048e-02 3.207148226545095425e-05
4.604166666666667140e+01 -1.757946959698564876e-02 3.278787094315045432e-05
4.625000000000000000e+01 -1.759440448080530628e-02 3.220299419352934248e-05
4.645833333333333570e+01 -1.771774455822591049e-02 3.189935151949560056e-05
4.666666666666667140e+01 -1.791970339861446992e-02 3.236802939349943365e-05
4.687500000000000000e+01 -1.824123623955833939e-02 3.368662219858299558e-05
4.708333333333333570e+01 -1.806938949017436111e-02 3.311526809255192609e-05
4.729166666666667140e+01 -1.787386189471570561e-02 3.210861064043436103e-05
4.750000000000000000e+01 -1.796894099506126524e-02 3.335534528494842803e-05
4.770833333333333570e+01 -1.812191698294861320e-02 3.434958216302975748e-05
4.791666666666667140e+01 -1.796801114732349963e-02 3.357002124538989299e-05
4.812500000000000000e+01 -1.789897552591778601e-02 3.274559898694141260e-05
4.833333333333333570e+01 -1.794827326582864452e-02 3.260380651905296488e-05
4.854166666666667140e+01 -1.793933456298661688e-02 3.282729657249851594e-05
4.875000000000000000e+01 -1.781413615432828057e-02 3.220940023472530848e-05
4.895833333333333570e+01 -1.792805372737830277e-02 3.251787815209068369e-05
4.916666666666667140e+01 -1.781982699617666588e-02 3.221610991194286014e-05
4.937500000000000000e+01 -1.759578963620986314e-02 3.149239793827286505e-05
4.958333333333333570e+01 -1.723808865837908599e-02 2.927668656808184877e-05
4.979166666666667140e+01 -1.735722301534287429e-02 2.985249372406224903e-05
5.000000000000000000e+01 -1.719035728705994859e-02 2.889136810123529587e-05
5.020833333333333570e+01 -1.735709916586546803e-02 2.951517982303160544e-05
5.041666666666667140e+01 -1.793548293166711410e-02 3.057213057254994234e-05
5.062500000000000000e+01 -1.842848323306078145e-02 3.176562651214955132e-05
5.083333333333333570e+01 -1.891607675312295678e-02 3.263853089286732106e-05
5.104166666666667140e+01 -1.969151341246307141e-02 3.499758413509270339e-05
5.125000000000000000e+01 -1.987744569064226960e-02 3.408163661456434246e-05
5.145833333333333570e+01 -1.992242538994520168e-02 3.302957287443251467e-05
5.166666666666667140e+01 -2.010030963709569934e-02 3.359823792526251231e-05
5.187500000000000000e+01 -1.998427436237085186e-02 3.291016196413784286e-05
5.208333333333333570e+01 -2.012991798482562794e-02 3.274063681074793422e-05
5.229166666666667140e+01 -2.022668661130192988e-02 3.250348071444345466e-05
5.250000000000000000e+01 -2.080167261919628821e-02 3.378639533145969144e-05
5.270833333333333570e+01 -2.091780899565416976e-02 3.359394908788375204e-05
5.291666666666667140e+01 -2.094935380009232961e-02 3.312485730735610417e-05
5.312500000000000000e+01 -2.068909846225073373e-02 3.054112118920992378e-05
5.333333333333333570e+01 -2.087985526272378989e-02 2.961102518998398771e-05
5.354166666666667140e+01 -2.105545361627728096e-02 2.945141745819439936e-05
5.375000000000000000e+01 -2.148845964878191850e-02 3.040608639883886176e-05
5.395833333333333570e+01 -2.199461078058304736e-02 3.114445707530142087e-05
5.416666666666667140e+01 -2.223768150632317309e-02 3.038010546234155460e-05
5.437500000000000000e+01 -2.241567584004677816e-02 2.951131335038691722e-05
5.458333333333333570e+01 -2.311743283045014641e-02 3.091228881537006894e-05
5.479166666666667140e+01 -2.405114133251566588e-02 3.229790912899721490e-05
5.500000000000000000e+01 -2.445651279346158086e-02 3.157284876356445205e-05
5.520833333333333570e+01 -2.515680792549536415e-02 3.109401031348622781e-05
5.541666666666667140e+01 -2.613034856484498791e-02 3.284269536736141081e-05
5.562500000000000000e+01 -2.722981143297730638e-02 3.248292033026607608e-05
5.583333333333333570e+01 -2.836420505813079529e-02 3.265257844547611403e-05
5.604166666666667140e+01 -3.001330686047670726e-02 3.198314852330539813e-05
5.625000000000000000e+01 -3.186677926033051195e-02 3.214455664727868873e-05
5.645833333333333570e+01 -3.372122451724225006e-02 3.012820081424581701e-05
5.666666666666667140e+01 -3.631816667665205972e-02 3.064741563286424615e-05
5.687500000000000000e+01 -3.942685384992001413e-02 3.146790594217794006e-05
5.708333333333333570e+01 -4.338474244004732194e-02 3.248996210560770704e-05
5.729166666666667140e+01 -4.811113713097542322e-02 3.521210341247105836e-05
5.750000000000000000e+01 -5.386917214310088520e-02 3.686884754929595047e-05
5.770833333333333570e+01 -6.060062002594342190e-02 4.065350403092087396e-05
5.791666666666667140e+01 -6.890668661109862481e-02 4.489329141199452296e-05
5.812500000000000000e+01 -7.909104711076536676e-02 4.731482976732669533e-05
5.833333333333333570e+01 -9.206211263761027164e-02 5.262107711158055186e-05
5.854166666666667140e+01 -1.089806422792845009e-01 5.941596723673102940e-05
5.875000000000000000e+01 -1.302754934618771676e-01 7.100797473247974121e-05
5.895833333333333570e+01 -1.574602357665243757e-01 9.258718311443150874e-05
5.916666666666667140e+01 -1.934918699838101275e-01 1.330965475284767144e-04
5.937500000000000000e+01 -2.403922421074056182e-01 1.951611027393166308e-04
5.958333333333333570e+01 -3.028746605604716313e-01 2.698888183965943914e-04
5.979166666666667140e+01 -3.866395015330096885e-01 3.033653089521028807e-04
6.000000000000000000e+01 -4.999999999999996669e-01 3.941947458071456967e-04
