0.000000000000000000e+00 -5.000000000000004441e-01 2.126909405442820906e-05
2.083333333333333426e-01 -3.764779356272575095e-01 1.783219590362111591e-05
4.166666666666666852e-01 -2.869663008499943047e-01 1.640235914617915901e-05
6.250000000000000000e-01 -2.212299261005843398e-01 1.662904603669476699e-05
8.333333333333333703e-01 -1.729918420134996526e-01 1.751131643516665284e-05
1.041666666666666741e+00 -1.364286096138677129e-01 1.854132023090434208e-05
1.250000000000000000e+00 -1.089653816872663133e-01 1.955358809459166149e-05
1.458333333333333481e+00 -8.786655985734453944e-02 2.000748263448857769e-05
1.666666666666666741e+00 -7.150767723315382129e-02 1.999937893339171041e-05
1.875000000000000000e+00 -5.885180654812675882e-02 2.045331546104851760e-05
2.083333333333333481e+00 -4.888253361290186005e-02 2.065462919362931235e-05
2.291666666666666963e+00 -4.070292398926391580e-02 2.078455003905343735e-05
2.500000000000000000e+00 -3.426710781232051445e-02 2.069159813175668451e-05
2.708333333333333481e+00 -2.951432895308658821e-02 2.121018337378304506e-05
2.916666666666666963e+00 -2.551411168522450118e-02 2.200451583925472519e-05
3.125000000000000000e+00 -2.176700826838872185e-02 2.112911141318671451e-05
3.333333333333333481e+00 -1.875834455377619475e-02 2.038812568656771948e-05
3.541666666666666963e+00 -1.666576584875529773e-02 2.058487767572353264e-05
3.750000000000000000e+00 -1.507430245431011680e-02 2.110006910136316225e-05
3.958333333333333481e+00 -1.342048387648667879e-02 2.147035731986125310e-05
4.166666666666666963e+00 -1.187628577481924901e-02 2.091068633600104095e-05
4.375000000000000000e+00 -1.085261172910587622e-02 2.213265994030350951e-05
4.583333333333333925e+00 -9.833053276977705981e-03 2.264685587245786279e-05
4.791666666666666963e+00 -8.824457736668501334e-03 2.234666170800112260e-05
5.000000000000000000e+00 -8.126437540873297782e-03 2.261671842516353839e-05
5.208333333333333925e+00 -7.670565225560274300e-03 2.423470883672381644e-05
5.416666666666666963e+00 -7.149674709307691535e-03 2.552884462468134943e-05
5.625000000000000000e+00 -6.801291670554633628e-03 2.587320681358023274e-05
5.833333333333333925e+00 -6.096592969956799411e-03 2.509611760060280418e-05
6.041666666666666963e+00 -5.128177610137964713e-03 2.058041499414730189e-05
6.250000000000000000e+00 -4.314029840698470515e-03 1.725354043817262998e-05
6.458333333333333925e+00 -3.535680664573306788e-03 1.370075684236018394e-05
6.666666666666666963e+00 -2.980456448513117522e-03 1.143119766572260066e-05
6.875000000000000000e+00 -2.713511327516980164e-03 1.200082244153370353e-05
7.083333333333333925e+00 -2.715316448823487227e-03 1.572735405059762361e-05
7.291666666666666963e+00 -2.716977712414905908e-03 1.948344241447878326e-05
7.500000000000000000e+00 -2.274490271256669575e-03 1.507695057123138926e-05
7.708333333333333925e+00 -1.836730373011779193e-03 1.052694653769716370e-05
7.916666666666666963e+00 -1.529118302364344600e-03 7.882643079417979228e-06
8.125000000000000000e+00 -1.339863261447431361e-03 7.245318411797428881e-06
8.333333333333333925e+00 -1.148177879257815870e-03 5.932635733606768330e-06
8.541666666666667851e+00 -1.034073244416144812e-03 5.911038543061206155e-06
8.750000000000000000e+00 -8.473059441236912475e-04 4.423869098048246611e-06
8.958333333333333925e+00 -7.048577581937044657e-04 3.070474884340050721e-06
9.166666666666667851e+00 -5.990340129983761632e-04 2.195680730358693233e-06
9.375000000000000000e+00 -5.155507215468746940e-04 1.572856395227626674e-06
9.583333333333333925e+00 -4.479139321881378034e-04 1.209066033343525563e-06
9.791666666666667851e+00 -3.800900680850555257e-04 9.371180437530252186e-07
1.000000000000000000e+01 -3.324806149968528835e-04 7.723646052682859775e-07
1.020833333333333393e+01 -2.866663286396444518e-04 6.232348681654096324e-07
1.041666666666666785e+01 -2.550621971894000270e-04 5.708025697806164628e-07
1.062500000000000000e+01 -2.337997039515154086e-04 5.783997959452704937e-07
1.083333333333333393e+01 -2.156571446035987472e-04 6.517391165520049735e-07
1.104166666666666785e+01 -1.945342635394574598e-04 5.610073763547803616e-07
1.125000000000000000e+01 -1.781772712911734572e-04 5.237081768176947667e-07
1.145833333333333393e+01 -1.607131786951187245e-04 4.346773746160376148e-07
1.166666666666666785e+01 -1.489394390181870433e-04 3.872012887640967617e-07
1.187500000000000000e+01 -1.340577475843670859e-04 3.478618934232524945e-07
1.208333333333333393e+01 -1.261888031005434024e-04 3.482277950022914200e-07
1.229166666666666785e+01 -1.178203645468225047e-04 3.431496900999754437e-07
1.250000000000000000e+01 -1.099547600391687384e-04 3.676211153513492405e-07
1.270833333333333393e+01 -1.010998869469469471e-04 4.417112210862394268e-07
1.291666666666666785e+01 -8.684457833593976371e-05 3.546001404065544177e-07
1.312500000000000000e+01 -7.479621225562459598e-05 2.667263949960003691e-07
1.333333333333333393e+01 -6.853122340353842397e-05 2.227851412361842861e-07
1.354166666666666785e+01 -6.273864480767265064e-05 2.375995705220535753e-07
1.375000000000000000e+01 -6.160295517435196400e-05 2.964446230335957230e-07
1.395833333333333393e+01 -6.153346983942486158e-05 3.708964617004642647e-07
1.416666666666666785e+01 -5.133497263582772032e-05 2.846511542496668805e-07
1.437500000000000000e+01 -4.446969536668629402e-05 1.939926843615577876e-07
1.458333333333333393e+01 -3.694032946611561929e-05 1.321162874362005526e-07
1.479166666666666785e+01 -3.100019557599889222e-05 1.011669823564431997e-07
1.500000000000000000e+01 -2.865670810227837945e-05 8.609965040089449767e-08
1.520833333333333393e+01 -2.409569400150678755e-05 7.502280949527302015e-08
1.541666666666666785e+01 -2.236732771365016658e-05 6.794005166592360297e-08
1.562500000000000000e+01 -2.089412651078844136e-05 6.238350189185936124e-08
1.583333333333333393e+01 -1.760793470173385155e-05 5.645570402767781174e-08
1.604166666666666785e+01 -1.745594394405043168e-05 5.201171636582500493e-08
1.625000000000000000e+01 -1.556857958640060907e-05 5.060115074388062555e-08
1.645833333333333570e+01 -1.430187376946539913e-05 5.523761680329996589e-08
1.666666666666666785e+01 -1.523650205444929823e-05 6.365078065393580052e-08
1.687500000000000000e+01 -1.212733504597015415e-05 5.334098761578424425e-08
1.708333333333333570e+01 -1.145880403732976392e-05 4.646252920684786369e-08
1.729166666666666785e+01 -1.081137241340413142e-05 4.204094407001669740e-08
1.750000000000000000e+01 -8.178633901413684092e-06 3.419789699052596609e-08
1.770833333333333570e+01 -8.185272545102340261e-06 2.620403853936738977e-08
1.791666666666666785e+01 -6.428872891073389899e-06 2.068339979502207245e-08
1.812500000000000000e+01 -4.924552166438807698e-06 1.527455043287181848e-08
1.833333333333333570e+01 -5.576133281691081252e-06 1.269429730060765997e-08
1.854166666666666785e+01 -3.803805742284837042e-06 1.112746669580974375e-08
1.875000000000000000e+01 -3.889945618596961618e-06 9.638284941375792455e-09
1.895833333333333570e+01 -3.949087714259675023e-06 7.832401235543323021e-09
1.916666666666666785e+01 -2.363556728062764148e-06 6.631019469367569174e-09
1.937500000000000000e+01 -3.235220966454611892e-06 5.575778223188369205e-09
1.958333333333333570e+01 -2.435247065184804318e-06 4.940462045545127770e-09
1.979166666666666785e+01 -1.728232852930395369e-06 4.688344690026269157e-09
2.000000000000000000e+01 -2.752909349304976191e-06 4.343503744146995407e-09
2.020833333333333570e+01 -1.393419714491849389e-06 4.042244845405805984e-09
2.041666666666666785e+01 -1.724945083963293886e-06 3.665384215914191609e-09
2.062500000000000000e+01 -2.048722480695990231e-06 3.512140607124318864e-09
2.083333333333333570e+01 -6.848118917791866997e-07 2.948295604167146178e-09
2.104166666666666785e+01 -1.696254415717168913e-06 2.555983162954760815e-09
2.125000000000000000e+01 -1.090176698868698063e-06 2.247085805456193591e-09
2.145833333333333570e+01 -5.204933700458427131e-07 2.064058282376315152e-09
2.166666666666666785e+01 -1.583752573231227071e-06 2.051353297748031565e-09
2.187500000000000000e+01 -4.029643219164259700e-07 2.320947967318913855e-09
2.208333333333333570e+01 -8.336887578285876801e-07 2.650308645357446439e-09
2.229166666666666785e+01 -1.213158116510957154e-06 2.317099571772622140e-09
2.250000000000000000e+01 -2.303500970879116198e-08 2.099978811283228749e-09
2.270833333333333570e+01 -1.086323244025934366e-06 2.206150741484093401e-09
2.291666666666666785e+01 -5.848905375273801639e-07 2.452203470885779142e-09
2.312500000000000000e+01 -5.500271293398484357e-08 1.898577248682842907e-09
2.333333333333333570e+01 -1.083317459856602285e-06 1.373772112689918967e-09
2.354166666666666785e+01 6.903955598832053291e-08 1.063551583260377176e-09
2.375000000000000000e+01 -3.640277345316894071e-07 1.017502977205711813e-09
2.395833333333333570e+01 -7.883486402942941645e-07 9.265090269148327880e-10
2.416666666666666785e+01 3.132380710732850341e-07 9.205639497273498874e-10
2.437500000000000000e+01 -7.529275217955676623e-07 8.820790941838913230e-10
2.458333333333333570e+01 -2.882295997450825881e-07 9.229285508469355360e-10
2.479166666666666785e+01 1.868028130613455325e-07 7.493299799955346208e-10
2.500000000000000000e+01 -8.550317096881497953e-07 6.058833837194933554e-10
2.520833333333333570e+01 2.333799836452487688e-07 5.480936599443446878e-10
2.541666666666666785e+01 -1.883400107929826508e-07 4.847229943998413405e-10
2.562500000000000000e+01 -6.042810078437982429e-07 4.311443945659894551e-10
2.583333333333333570e+01 4.709030624184624974e-07 4.067675534526044971e-10
2.604166666666666785e+01 -5.748528915866769305e-07 3.980917972074634525e-10
2.625000000000000000e+01 -1.173982365190195303e-07 3.855160173637679240e-10
2.645833333333333570e+01 3.267492353566945890e-07 3.579173678296134302e-10
2.666666666666666785e+01 -7.148818069240140474e-07 3.807730003643330907e-10
2.687500000000000000e+01 3.408998276847145377e-07 4.109977068039099376e-10
2.708333333333333570e+01 -8.889693204917765762e-08 4.898636694456870535e-10
2.729166666666666785e+01 -5.154334313727787854e-07 5.791867785869239164e-10
2.750000000000000000e+01 5.340290790824700054e-07 4.965310371789869833e-10
2.770833333333333570e+01 -5.034105897849427837e-07 3.988004437763784226e-10
2.791666666666666785e+01 -6.736327033394302314e-08 4.034871668116669433e-10
2.812500000000000000e+01 3.641180138210144767e-07 4.143164779283993170e-10
2.833333333333333570e+01 -6.715783651515738268e-07 4.615572956835311892e-10
2.854166666666666785e+01 3.675039684522998935e-07 5.211105530256713178e-10
2.875000000000000000e+01 -6.203879452096266208e-08 4.432919597261977070e-10
2.895833333333333570e+01 -4.898055505180529416e-07 3.895308532743327886e-10
2.916666666666666785e+01 5.426183924301262039e-07 3.971386030221385967e-10
2.937500000000000000e+01 -4.951417438494322162e-07 3.204695828304689759e-10
2.958333333333333570e+01 -6.294028195462843899e-08 2.428448383681684483e-10
2.979166666666666785e+01 3.637514837861466219e-07 2.206969883010027183e-10
3.000000000000000000e+01 -6.718314466096152294e-07 2.200822820907814856e-10
3.020833333333333570e+01 3.637514837808536189e-07 2.206969883000097914e-10
3.041666666666666785e+01 -6.294028196272508135e-08 2.428448383553385151e-10
3.062500000000000000e+01 -4.951417438603883756e-07 3.204695828046432598e-10
3.083333333333333570e+01 5.426183924752258379e-07 3.971386029908421149e-10
3.104166666666666785e+01 -4.898055505458844326e-07 3.895308532602919147e-10
3.125000000000000000e+01 -6.203879449763374682e-08 4.432919597273315648e-10
3.145833333333333570e+01 3.675039684831729739e-07 5.211105530334626354e-10
3.166666666666666785e+01 -6.715783651302799479e-07 4.615572956868440993e-10
3.187500000000000000e+01 3.641180137930330080e-07 4.143164779338728745e-10
3.208333333333333570e+01 -6.736327035891577789e-08 4.034871668219635324e-10
3.229166666666667140e+01 -5.034105897705131539e-07 3.988004437910553984e-10
3.250000000000000000e+01 5.340290791463733473e-07 4.965310371926329819e-10
3.270833333333333570e+01 -5.154334314074635141e-07 5.791867786037750330e-10
3.291666666666667140e+01 -8.889693207618057829e-08 4.898636694594321069e-10
3.312500000000000000e+01 3.408998277023849685e-07 4.109977068080089277e-10
3.333333333333333570e+01 -7.148818069272928060e-07 3.807730003509639908e-10
3.354166666666667140e+01 3.267492353175764370e-07 3.579173678131227575e-10
3.375000000000000000e+01 -1.173982365078974980e-07 3.855160173497176409e-10
3.395833333333333570e+01 -5.748528915907112425e-07 3.980917972011019683e-10
3.416666666666667140e+01 4.709030624742468167e-07 4.067675534364654796e-10
3.437500000000000000e+01 -6.042810078954349595e-07 4.311443945484116603e-10
3.458333333333333570e+01 -1.883400107205110413e-07 4.847229943931223591e-10
3.479166666666667140e+01 2.333799836509711116e-07 5.480936599566436227e-10
3.500000000000000000e+01 -8.550317097452752855e-07 6.058833837289703636e-10
3.520833333333333570e+01 1.868028131062234292e-07 7.493299800044004460e-10
3.541666666666667140e+01 -2.882295998149973757e-07 9.229285508608735293e-10
3.562500000000000000e+01 -7.529275217683364000e-07 8.820790941861654493e-10
3.583333333333333570e+01 3.132380710344097158e-07 9.205639497213687512e-10
3.604166666666667140e+01 -7.883486402976026752e-07 9.265090269021841624e-10
3.625000000000000000e+01 -3.640277345412062458e-07 1.017502977185632831e-09
3.645833333333333570e+01 6.903955602253758025e-08 1.063551583232383730e-09
3.666666666666667140e+01 -1.083317459832732261e-06 1.373772112654406656e-09
3.687500000000000000e+01 -5.500271296475056252e-08 1.898577248627986357e-09
3.708333333333333570e+01 -5.848905375567646898e-07 2.452203470813095609e-09
3.729166666666667140e+01 -1.086323244023566274e-06 2.206150741420307023e-09
3.750000000000000000e+01 -2.303500966904969958e-08 2.099978811232235132e-09
3.770833333333333570e+01 -1.213158116529056978e-06 2.317099571714063129e-09
3.791666666666667140e+01 -8.336887578348223720e-07 2.650308645291324516e-09
3.812500000000000000e+01 -4.029643218681174576e-07 2.320947967267526914e-09
3.833333333333333570e+01 -1.583752573236709068e-06 2.051353297710511893e-09
3.854166666666667140e+01 -5.204933700990438996e-07 2.064058282347059015e-09
3.875000000000000000e+01 -1.090176698846103459e-06 2.247085805429802807e-09
3.895833333333333570e+01 -1.696254415690364979e-06 2.555983162938787130e-09
3.916666666666667140e+01 -6.848118918176730181e-07 2.948295604157829229e-09
3.937500000000000000e+01 -2.048722480735918941e-06 3.512140607112121672e-09
3.958333333333333570e+01 -1.724945083921814470e-06 3.665384215902327771e-09
3.979166666666667140e+01 -1.393419714451054164e-06 4.042244845388968723e-09
4.000000000000000000e+01 -2.752909349315910963e-06 4.343503744131885298e-09
4.020833333333333570e+01 -1.728232852938357056e-06 4.688344690009389710e-09
4.041666666666667140e+01 -2.435247065198547004e-06 4.940462045532909485e-09
4.062500000000000000e+01 -3.235220966418547770e-06 5.575778223176086400e-09
4.083333333333333570e+01 -2.363556728039424155e-06 6.631019469349719444e-09
4.104166666666667140e+01 -3.949087714288425862e-06 7.832401235519525034e-09
4.125000000000000000e+01 -3.889945618580976412e-06 9.638284941350598188e-09
4.145833333333333570e+01 -3.803805742279300834e-06 1.112746669576973964e-08
4.166666666666667140e+01 -5.576133281692496644e-06 1.269429730056650277e-08
4.187500000000000000e+01 -4.924552166447795565e-06 1.527455043281554372e-08
4.208333333333333570e+01 -6.428872891093384959e-06 2.068339979494574353e-08
4.229166666666667140e+01 -8.185272545084479724e-06 2.620403853931090326e-08
4.250000000000000000e+01 -8.178633901448597096e-06 3.419789699048650627e-08
4.270833333333333570e+01 -1.081137241338128525e-05 4.204094406997666185e-08
4.291666666666667140e+01 -1.145880403732031103e-05 4.646252920681723815e-08
4.312500000000000000e+01 -1.212733504597675592e-05 5.334098761576047438e-08
4.333333333333333570e+01 -1.523650205446836833e-05 6.365078065391447911e-08
4.354166666666667140e+01 -1.430187376950889766e-05 5.523761680329370579e-08
4.375000000000000000e+01 -1.556857958634832680e-05 5.060115074387400149e-08
4.395833333333333570e+01 -1.745594394410155859e-05 5.201171636582895554e-08
4.416666666666667140e+01 -1.760793470172239628e-05 5.645570402767984991e-08
4.437500000000000000e+01 -2.089412651084582276e-05 6.238350189185701866e-08
4.458333333333333570e+01 -2.236732771366072399e-05 6.794005166591600615e-08
4.479166666666667140e+01 -2.409569400151128022e-05 7.502280949526236607e-08
4.500000000000000000e+01 -2.865670810229916903e-05 8.609965040087865551e-08
4.520833333333333570e+01 -3.100019557601662570e-05 1.011669823564344382e-07
4.541666666666667140e+01 -3.694032946617707323e-05 1.321162874361852266e-07
4.562500000000000000e+01 -4.446969536668320404e-05 1.939926843615327472e-07
4.583333333333333570e+01 -5.133497263582500304e-05 2.846511542496312522e-07
4.604166666666667140e+01 -6.153346983943157008e-05 3.708964617004203248e-07
4.625000000000000000e+01 -6.160295517435528437e-05 2.964446230335682474e-07
4.645833333333333570e+01 -6.273864480767349090e-05 2.375995705220448138e-07
4.666666666666667140e+01 -6.853122340353372125e-05 2.227851412361948211e-07
4.687500000000000000e+01 -7.479621225565407272e-05 2.667263949960245096e-07
4.708333333333333570e+01 -8.684457833595842554e-05 3.546001404065823698e-07
4.729166666666667140e+01 -1.010998869469076854e-04 4.417112210862799785e-07
4.750000000000000000e+01 -1.099547600391930380e-04 3.676211153513029183e-07
4.770833333333333570e+01 -1.178203645468293894e-04 3.431496900999387037e-07
4.791666666666667140e+01 -1.261888031005497721e-04 3.482277950022751146e-07
4.812500000000000000e+01 -1.340577475843686308e-04 3.478618934232371949e-07
4.833333333333333570e+01 -1.489394390182284598e-04 3.872012887640643627e-07
4.854166666666667140e+01 -1.607131786951143876e-04 4.346773746159871104e-07
4.875000000000000000e+01 -1.781772712911117661e-04 5.237081768176232983e-07
4.895833333333333570e+01 -1.945342635394869230e-04 5.610073763546840116e-07
4.916666666666667140e+01 -2.156571446036214070e-04 6.517391165518828949e-07
4.937500000000000000e+01 -2.337997039515365776e-04 5.783997959451825081e-07
4.958333333333333570e+01 -2.550621971894066948e-04 5.708025697805455238e-07
4.979166666666667140e+01 -2.866663286396602811e-04 6.232348681653377405e-07
5.000000000000000000e+01 -3.324806149968611234e-04 7.723646052681836983e-07
5.020833333333333570e+01 -3.800900680850135670e-04 9.371180437528943520e-07
5.041666666666667140e+01 -4.479139321881301056e-04 1.209066033343353192e-06
5.062500000000000000e+01 -5.155507215468437942e-04 1.572856395227348847e-06
5.083333333333333570e+01 -5.990340129984099904e-04 2.195680730358278187e-06
5.104166666666667140e+01 -7.048577581936659765e-04 3.070474884339439586e-06
5.125000000000000000e+01 -8.473059441236359532e-04 4.423869098047314027e-06
5.145833333333333570e+01 -1.034073244416105130e-03 5.911038543059918665e-06
5.166666666666667140e+01 -1.148177879257722411e-03 5.932635733605556226e-06
5.187500000000000000e+01 -1.339863261447391029e-03 7.245318411796001630e-06
5.208333333333333570e+01 -1.529118302364287137e-03 7.882643079416549436e-06
5.229166666666667140e+01 -1.836730373011651041e-03 1.052694653769499699e-05
5.250000000000000000e+01 -2.274490271256506511e-03 1.507695057122811293e-05
5.270833333333333570e+01 -2.716977712414675623e-03 1.948344241447440918e-05
5.291666666666667140e+01 -2.715316448823325898e-03 1.572735405059448959e-05
5.312500000000000000e+01 -2.713511327516850927e-03 1.200082244153178415e-05
5.333333333333333570e+01 -2.980456448513050735e-03 1.143119766572153340e-05
5.354166666666667140e+01 -3.535680664573272527e-03 1.370075684235914886e-05
5.375000000000000000e+01 -4.314029840698383779e-03 1.725354043817123746e-05
5.395833333333333570e+01 -5.128177610137855426e-03 2.058041499414635999e-05
5.416666666666667140e+01 -6.096592969956724818e-03 2.509611760060163188e-05
5.437500000000000000e+01 -6.801291670554624087e-03 2.587320681357974824e-05
5.458333333333333570e+01 -7.149674709307622146e-03 2.552884462468101061e-05
5.479166666666667140e+01 -7.670565225560217922e-03 2.423470883672374868e-05
5.500000000000000000e+01 -8.126437540873353294e-03 2.261671842516358583e-05
5.520833333333333570e+01 -8.824457736668581131e-03 2.234666170800107178e-05
5.541666666666667140e+01 -9.833053276977763227e-03 2.264685587245802203e-05
5.562500000000000000e+01 -1.085261172910586408e-02 2.213265994030342142e-05
5.583333333333333570e+01 -1.187628577481932013e-02 2.091068633600109855e-05
5.604166666666667140e+01 -1.342048387648664062e-02 2.147035731986130731e-05
5.625000000000000000e+01 -1.507430245431006822e-02 2.110006910136319951e-05
5.645833333333333570e+01 -1.666576584875535672e-02 2.058487767572349199e-05
5.666666666666667140e+01 -1.875834455377617047e-02 2.038812568656759073e-05
5.687500000000000000e+01 -2.176700826838877390e-02 2.112911141318648072e-05
5.708333333333333570e+01 -2.551411168522449424e-02 2.200451583925434911e-05
5.729166666666667140e+01 -2.951432895308661597e-02 2.121018337378313993e-05
5.750000000000000000e+01 -3.426710781232047975e-02 2.069159813175673872e-05
5.770833333333333570e+01 -4.070292398926383254e-02 2.078455003905341363e-05
5.791666666666667140e+01 -4.888253361290193638e-02 2.065462919362925475e-05
5.812500000000000000e+01 -5.885180654812665474e-02 2.045331546104847695e-05
5.833333333333333570e+01 -7.150767723315383517e-02 1.999937893339169008e-05
5.854166666666667140e+01 -8.786655985734459495e-02 2.000748263448857430e-05
5.875000000000000000e+01 -1.089653816872662440e-01 1.955358809459171570e-05
5.895833333333333570e+01 -1.364286096138677684e-01 1.854132023090437258e-05
5.916666666666667140e+01 -1.729918420134996249e-01 1.751131643516665284e-05
5.937500000000000000e+01 -2.212299261005843676e-01 1.662904603669493979e-05
5.958333333333333570e+01 -2.869663008499943047e-01 1.640235914617900654e-05
5.979166666666667140e+01 -3.764779356272575095e-01 1.783219590362124127e-05
6.000000000000000000e+01 -4.999999999999995004e-01 2.126909405442820906e-05
