0.000000000000000000e+00 -5.000000000000001110e-01 8.733829465723782809e-05
2.083333333333333426e-01 -4.161983435154852917e-01 7.113266137906538815e-05
4.166666666666666852e-01 -3.520011732240872493e-01 5.863735147648073366e-05
6.250000000000000000e-01 -3.028497910280218419e-01 4.956457854623369519e-05
8.333333333333333703e-01 -2.647467435687495541e-01 4.294871687216118394e-05
1.041666666666666741e+00 -2.346857151599624214e-01 3.782495189544899527e-05
1.250000000000000000e+00 -2.110286839257583535e-01 3.398445846855828890e-05
1.458333333333333481e+00 -1.919100697695040048e-01 3.120455911377138911e-05
1.666666666666666741e+00 -1.761492091677591132e-01 2.923876131262237329e-05
1.875000000000000000e+00 -1.630444432705239199e-01 2.777370093042057084e-05
2.083333333333333481e+00 -1.522921656295577741e-01 2.642793825859469201e-05
2.291666666666666963e+00 -1.432894171139820760e-01 2.555204628038615857e-05
2.500000000000000000e+00 -1.354810595313740429e-01 2.460197668762693728e-05
2.708333333333333481e+00 -1.287759232908931573e-01 2.376205277790548670e-05
2.916666666666666963e+00 -1.227847652469134521e-01 2.281208123657181902e-05
3.125000000000000000e+00 -1.173249339019747789e-01 2.196197532443421770e-05
3.333333333333333481e+00 -1.124387621604322346e-01 2.117831202823351869e-05
3.541666666666666963e+00 -1.081236324084327155e-01 2.060577473411228879e-05
3.750000000000000000e+00 -1.042309996947990702e-01 2.016369340431540454e-05
3.958333333333333481e+00 -1.008140135090375700e-01 1.974187196104921861e-05
4.166666666666666963e+00 -9.773184663390652172e-02 1.949755977611785710e-05
4.375000000000000000e+00 -9.507403648441015154e-02 1.928848519947637668e-05
4.583333333333333925e+00 -9.262018075209861590e-02 1.899418050269261797e-05
4.791666666666666963e+00 -9.015833752997054473e-02 1.855517767497084030e-05
5.000000000000000000e+00 -8.771753538895621372e-02 1.816944768257815421e-05
5.208333333333333925e+00 -8.548214023370298564e-02 1.782990257636272427e-05
5.416666666666666963e+00 -8.331555758787670407e-02 1.754104854768497637e-05
5.625000000000000000e+00 -8.124234256007585586e-02 1.725531098545412414e-05
5.833333333333333925e+00 -7.942015344587280423e-02 1.706182547912092205e-05
6.041666666666666963e+00 -7.755922171924573005e-02 1.677472118411514848e-05
6.250000000000000000e+00 -7.573499270186767607e-02 1.650669649069443112e-05
6.458333333333333925e+00 -7.390924122923048234e-02 1.613377775426623600e-05
6.666666666666666963e+00 -7.216210607698768376e-02 1.588409292210983862e-05
6.875000000000000000e+00 -7.064161494584628165e-02 1.572062396150766399e-05
7.083333333333333925e+00 -6.929317739124454811e-02 1.566736076600005537e-05
7.291666666666666963e+00 -6.826957331526045669e-02 1.580777339112920748e-05
7.500000000000000000e+00 -6.709912617262087098e-02 1.575509689953886967e-05
7.708333333333333925e+00 -6.597620926516320483e-02 1.553025460817340021e-05
7.916666666666666963e+00 -6.469908110103571308e-02 1.523303569997807032e-05
8.125000000000000000e+00 -6.344548521350111547e-02 1.496748977231243913e-05
8.333333333333333925e+00 -6.227485710580325795e-02 1.475794117200817179e-05
8.541666666666667851e+00 -6.120571762594007037e-02 1.454589031361524646e-05
8.750000000000000000e+00 -6.014420168990931848e-02 1.431706767783353724e-05
8.958333333333333925e+00 -5.924176631736442766e-02 1.417804147495711412e-05
9.166666666666667851e+00 -5.830869586430026397e-02 1.397776688055149845e-05
9.375000000000000000e+00 -5.753610539749493685e-02 1.391754076313077247e-05
9.583333333333333925e+00 -5.675411149810743322e-02 1.382614684176046411e-05
9.791666666666667851e+00 -5.607211729815543555e-02 1.379275762029983558e-05
1.000000000000000000e+01 -5.537815091245331528e-02 1.372789415405181477e-05
1.020833333333333393e+01 -5.462653693432709123e-02 1.362003096703670642e-05
1.041666666666666785e+01 -5.392880503635926609e-02 1.354573169096099036e-05
1.062500000000000000e+01 -5.318820745640813474e-02 1.351730706207338412e-05
1.083333333333333393e+01 -5.235172500746640423e-02 1.339626871987801624e-05
1.104166666666666785e+01 -5.162314502924944537e-02 1.338519666700024909e-05
1.125000000000000000e+01 -5.101640594383748117e-02 1.347349721407423238e-05
1.145833333333333393e+01 -5.044341945061581872e-02 1.362778742770502069e-05
1.166666666666666785e+01 -4.970988979209667313e-02 1.371032154837739095e-05
1.187500000000000000e+01 -4.904995634216269274e-02 1.392143929560984694e-05
1.208333333333333393e+01 -4.835424002842168834e-02 1.384343566550207325e-05
1.229166666666666785e+01 -4.779378839223594189e-02 1.394497198363351882e-05
1.250000000000000000e+01 -4.711276946996012516e-02 1.386652870453198674e-05
1.270833333333333393e+01 -4.639690821414188537e-02 1.331932642307201932e-05
1.291666666666666785e+01 -4.584238770028251087e-02 1.280635979586877529e-05
1.312500000000000000e+01 -4.528728445036923206e-02 1.248817817901812806e-05
1.333333333333333393e+01 -4.477654628672596282e-02 1.237940657866539980e-05
1.354166666666666785e+01 -4.440006812442318096e-02 1.218170448154491348e-05
1.375000000000000000e+01 -4.404840637605442200e-02 1.204047684314476992e-05
1.395833333333333393e+01 -4.364089170176821408e-02 1.193358323186118880e-05
1.416666666666666785e+01 -4.337153439529711774e-02 1.196772050544425517e-05
1.437500000000000000e+01 -4.299879260622659072e-02 1.179059320925974653e-05
1.458333333333333393e+01 -4.263981395554521103e-02 1.160139633888930630e-05
1.479166666666666785e+01 -4.220615167249604921e-02 1.149356954100331095e-05
1.500000000000000000e+01 -4.186624481452126678e-02 1.148623058292089550e-05
1.520833333333333393e+01 -4.156220952209182390e-02 1.150307910653902577e-05
1.541666666666666785e+01 -4.120583863984186856e-02 1.139897705713030981e-05
1.562500000000000000e+01 -4.083498284133742218e-02 1.127547383622977403e-05
1.583333333333333393e+01 -4.037480819235055030e-02 1.104533762079852637e-05
1.604166666666666785e+01 -4.001245063041992955e-02 1.109516397336928747e-05
1.625000000000000000e+01 -3.970258207364023295e-02 1.120932410640978307e-05
1.645833333333333570e+01 -3.947139389261650200e-02 1.137096747211968640e-05
1.666666666666666785e+01 -3.916588741957228309e-02 1.128221376786060223e-05
1.687500000000000000e+01 -3.873453983950663621e-02 1.097332506582981722e-05
1.708333333333333570e+01 -3.833003497021525430e-02 1.076379524931343458e-05
1.729166666666666785e+01 -3.791785293125170958e-02 1.064432782257816035e-05
1.750000000000000000e+01 -3.757699260798552654e-02 1.060592108525811180e-05
1.770833333333333570e+01 -3.724347434315916638e-02 1.050004498650759612e-05
1.791666666666666785e+01 -3.689843967474468189e-02 1.040331374518369114e-05
1.812500000000000000e+01 -3.658268428900630226e-02 1.028825713085034776e-05
1.833333333333333570e+01 -3.632928760385223388e-02 1.032419971342642465e-05
1.854166666666666785e+01 -3.608236000998835125e-02 1.027688010869299584e-05
1.875000000000000000e+01 -3.589708326407083094e-02 1.022022387657729424e-05
1.895833333333333570e+01 -3.566771587095912688e-02 1.009166786685276946e-05
1.916666666666666785e+01 -3.551748104049694266e-02 1.019588222157734005e-05
1.937500000000000000e+01 -3.527584803718136763e-02 1.020232934786693099e-05
1.958333333333333570e+01 -3.502799301182601965e-02 1.014701339695379330e-05
1.979166666666666785e+01 -3.483836667814248222e-02 1.015518583320988412e-05
2.000000000000000000e+01 -3.465302105173360264e-02 1.014662941235301617e-05
2.020833333333333570e+01 -3.435812555795130646e-02 9.895631394353178776e-06
2.041666666666666785e+01 -3.416162295174398483e-02 9.779999837352185821e-06
2.062500000000000000e+01 -3.407348739907386376e-02 9.920074546267619949e-06
2.083333333333333570e+01 -3.395600552879735057e-02 9.993013280502346203e-06
2.104166666666666785e+01 -3.370366597927401675e-02 9.860465786331312760e-06
2.125000000000000000e+01 -3.346714352716095853e-02 9.751316461709851326e-06
2.145833333333333570e+01 -3.327673400496783396e-02 9.676751100545234583e-06
2.166666666666666785e+01 -3.312776676191554748e-02 9.658909119087854799e-06
2.187500000000000000e+01 -3.299061768610234840e-02 9.609057506687975245e-06
2.208333333333333570e+01 -3.284397617042256190e-02 9.491065423897576355e-06
2.229166666666666785e+01 -3.277211661667063514e-02 9.557724948188256738e-06
2.250000000000000000e+01 -3.263714791109252611e-02 9.511217270259439264e-06
2.270833333333333570e+01 -3.254405873333945931e-02 9.587133002834524962e-06
2.291666666666666785e+01 -3.247209390351522840e-02 9.649231542344869619e-06
2.312500000000000000e+01 -3.243085621257073281e-02 9.567946921943032873e-06
2.333333333333333570e+01 -3.240595225955924391e-02 9.521828467811076474e-06
2.354166666666666785e+01 -3.226013618194746579e-02 9.418150441735150056e-06
2.375000000000000000e+01 -3.223811608453040073e-02 9.440437802618794813e-06
2.395833333333333570e+01 -3.218219400901295435e-02 9.537601271345313327e-06
2.416666666666666785e+01 -3.197735606656286478e-02 9.396031249061280796e-06
2.437500000000000000e+01 -3.181249203288932098e-02 9.428487377303112300e-06
2.458333333333333570e+01 -3.164540437487740193e-02 9.614935133117564272e-06
2.479166666666666785e+01 -3.156207143418213179e-02 9.629454733922084190e-06
2.500000000000000000e+01 -3.146693390555981712e-02 9.880351295327256599e-06
2.520833333333333570e+01 -3.152233766627142442e-02 1.045694030997583976e-05
2.541666666666666785e+01 -3.151091074875972398e-02 1.105008143681354495e-05
2.562500000000000000e+01 -3.148553302695546174e-02 1.112965115442887055e-05
2.583333333333333570e+01 -3.142111510192294177e-02 1.083435427447791962e-05
2.604166666666666785e+01 -3.152267674232370198e-02 1.103439013451924705e-05
2.625000000000000000e+01 -3.153659270043437240e-02 1.099536011416132224e-05
2.645833333333333570e+01 -3.142860372648997869e-02 1.063088761855728830e-05
2.666666666666666785e+01 -3.129319501272023046e-02 1.082679798933751261e-05
2.687500000000000000e+01 -3.127796635251139240e-02 1.066817262600311560e-05
2.708333333333333570e+01 -3.134881973339019579e-02 1.048087226706891056e-05
2.729166666666666785e+01 -3.140745856223089993e-02 1.043928927965381786e-05
2.750000000000000000e+01 -3.142775415279965012e-02 1.069508928028269255e-05
2.770833333333333570e+01 -3.133415683474123636e-02 1.034004995291626014e-05
2.791666666666666785e+01 -3.119560209553104077e-02 1.010201423008146103e-05
2.812500000000000000e+01 -3.117009346116944579e-02 9.959144493862112258e-06
2.833333333333333570e+01 -3.106594193794255665e-02 9.793706530576519112e-06
2.854166666666666785e+01 -3.099729114388993095e-02 9.887671636732958178e-06
2.875000000000000000e+01 -3.100175331519142152e-02 9.946913803352496779e-06
2.895833333333333570e+01 -3.109339281519314310e-02 1.013836929942757621e-05
2.916666666666666785e+01 -3.104500774899984078e-02 1.013904171438482756e-05
2.937500000000000000e+01 -3.096277004421753298e-02 1.001555538672886341e-05
2.958333333333333570e+01 -3.083408778472333453e-02 9.828664087290657955e-06
2.979166666666666785e+01 -3.079489404286297333e-02 9.745392066670987869e-06
3.000000000000000000e+01 -3.073283208818763240e-02 9.641630518582997635e-06
3.020833333333333570e+01 -3.079489404286295945e-02 9.745392066671001421e-06
3.041666666666666785e+01 -3.083408778472324779e-02 9.828664087290673202e-06
3.062500000000000000e+01 -3.096277004421770646e-02 1.001555538672885325e-05
3.083333333333333570e+01 -3.104500774899984425e-02 1.013904171438483264e-05
3.104166666666666785e+01 -3.109339281519311882e-02 1.013836929942758976e-05
3.125000000000000000e+01 -3.100175331519140765e-02 9.946913803352491697e-06
3.145833333333333570e+01 -3.099729114388993095e-02 9.887671636732959872e-06
3.166666666666666785e+01 -3.106594193794249420e-02 9.793706530576522500e-06
3.187500000000000000e+01 -3.117009346116937640e-02 9.959144493862108870e-06
3.208333333333333570e+01 -3.119560209553125935e-02 1.010201423008146441e-05
3.229166666666667140e+01 -3.133415683474116697e-02 1.034004995291626353e-05
3.250000000000000000e+01 -3.142775415279960849e-02 1.069508928028268916e-05
3.270833333333333570e+01 -3.140745856223091381e-02 1.043928927965380262e-05
3.291666666666667140e+01 -3.134881973339007782e-02 1.048087226706890886e-05
3.312500000000000000e+01 -3.127796635251142709e-02 1.066817262600310374e-05
3.333333333333333570e+01 -3.129319501272032761e-02 1.082679798933750075e-05
3.354166666666667140e+01 -3.142860372648990236e-02 1.063088761855727644e-05
3.375000000000000000e+01 -3.153659270043454588e-02 1.099536011416131039e-05
3.395833333333333570e+01 -3.152267674232368116e-02 1.103439013451925890e-05
3.416666666666667140e+01 -3.142111510192293483e-02 1.083435427447792640e-05
3.437500000000000000e+01 -3.148553302695530215e-02 1.112965115442891629e-05
3.458333333333333570e+01 -3.151091074875971010e-02 1.105008143681358222e-05
3.479166666666667140e+01 -3.152233766627138972e-02 1.045694030997586517e-05
3.500000000000000000e+01 -3.146693390555986569e-02 9.880351295327270152e-06
3.520833333333333570e+01 -3.156207143418199301e-02 9.629454733922096049e-06
3.541666666666667140e+01 -3.164540437487743663e-02 9.614935133117557495e-06
3.562500000000000000e+01 -3.181249203288945976e-02 9.428487377303110606e-06
3.583333333333333570e+01 -3.197735606656279539e-02 9.396031249061270632e-06
3.604166666666667140e+01 -3.218219400901300986e-02 9.537601271345306551e-06
3.625000000000000000e+01 -3.223811608453035216e-02 9.440437802618781261e-06
3.645833333333333570e+01 -3.226013618194743110e-02 9.418150441735138198e-06
3.666666666666667140e+01 -3.240595225955922309e-02 9.521828467811069697e-06
3.687500000000000000e+01 -3.243085621257064954e-02 9.567946921943032873e-06
3.708333333333333570e+01 -3.247209390351531860e-02 9.649231542344862843e-06
3.729166666666667140e+01 -3.254405873333945931e-02 9.587133002834509715e-06
3.750000000000000000e+01 -3.263714791109258162e-02 9.511217270259424017e-06
3.770833333333333570e+01 -3.277211661667063514e-02 9.557724948188265208e-06
3.791666666666667140e+01 -3.284397617042240924e-02 9.491065423897567885e-06
3.812500000000000000e+01 -3.299061768610220963e-02 9.609057506687965081e-06
3.833333333333333570e+01 -3.312776676191555442e-02 9.658909119087856493e-06
3.854166666666667140e+01 -3.327673400496777151e-02 9.676751100545237971e-06
3.875000000000000000e+01 -3.346714352716097240e-02 9.751316461709856408e-06
3.895833333333333570e+01 -3.370366597927403063e-02 9.860465786331316148e-06
3.916666666666667140e+01 -3.395600552879739220e-02 9.993013280502322486e-06
3.937500000000000000e+01 -3.407348739907384988e-02 9.920074546267603009e-06
3.958333333333333570e+01 -3.416162295174399177e-02 9.779999837352184127e-06
3.979166666666667140e+01 -3.435812555795125095e-02 9.895631394353175388e-06
4.000000000000000000e+01 -3.465302105173354019e-02 1.014662941235301786e-05
4.020833333333333570e+01 -3.483836667814253774e-02 1.015518583320988243e-05
4.041666666666667140e+01 -3.502799301182592945e-02 1.014701339695379160e-05
4.062500000000000000e+01 -3.527584803718142314e-02 1.020232934786692083e-05
4.083333333333333570e+01 -3.551748104049697041e-02 1.019588222157734344e-05
4.104166666666667140e+01 -3.566771587095902973e-02 1.009166786685278302e-05
4.125000000000000000e+01 -3.589708326407082400e-02 1.022022387657728069e-05
4.145833333333333570e+01 -3.608236000998842063e-02 1.027688010869297721e-05
4.166666666666667140e+01 -3.632928760385224776e-02 1.032419971342641787e-05
4.187500000000000000e+01 -3.658268428900635777e-02 1.028825713085035284e-05
4.208333333333333570e+01 -3.689843967474469577e-02 1.040331374518369623e-05
4.229166666666667140e+01 -3.724347434315905536e-02 1.050004498650759442e-05
4.250000000000000000e+01 -3.757699260798554042e-02 1.060592108525811180e-05
4.270833333333333570e+01 -3.791785293125171652e-02 1.064432782257816035e-05
4.291666666666667140e+01 -3.833003497021500450e-02 1.076379524931343119e-05
4.312500000000000000e+01 -3.873453983950671253e-02 1.097332506582983925e-05
4.333333333333333570e+01 -3.916588741957240105e-02 1.128221376786058867e-05
4.354166666666667140e+01 -3.947139389261643261e-02 1.137096747211968471e-05
4.375000000000000000e+01 -3.970258207364005948e-02 1.120932410640977630e-05
4.395833333333333570e+01 -4.001245063041997119e-02 1.109516397336927731e-05
4.416666666666667140e+01 -4.037480819235057805e-02 1.104533762079851959e-05
4.437500000000000000e+01 -4.083498284133731115e-02 1.127547383622976048e-05
4.458333333333333570e+01 -4.120583863984194489e-02 1.139897705713031659e-05
4.479166666666667140e+01 -4.156220952209173369e-02 1.150307910653902916e-05
4.500000000000000000e+01 -4.186624481452130841e-02 1.148623058292089719e-05
4.520833333333333570e+01 -4.220615167249598676e-02 1.149356954100331772e-05
4.541666666666667140e+01 -4.263981395554519022e-02 1.160139633888930122e-05
4.562500000000000000e+01 -4.299879260622663235e-02 1.179059320925975331e-05
4.583333333333333570e+01 -4.337153439529703447e-02 1.196772050544424670e-05
4.604166666666667140e+01 -4.364089170176825572e-02 1.193358323186119896e-05
4.625000000000000000e+01 -4.404840637605442893e-02 1.204047684314475806e-05
4.645833333333333570e+01 -4.440006812442319484e-02 1.218170448154490840e-05
4.666666666666667140e+01 -4.477654628672585180e-02 1.237940657866540658e-05
4.687500000000000000e+01 -4.528728445036923900e-02 1.248817817901811959e-05
4.708333333333333570e+01 -4.584238770028269128e-02 1.280635979586877021e-05
4.729166666666667140e+01 -4.639690821414163557e-02 1.331932642307202271e-05
4.750000000000000000e+01 -4.711276946996022230e-02 1.386652870453198843e-05
4.770833333333333570e+01 -4.779378839223596964e-02 1.394497198363351035e-05
4.791666666666667140e+01 -4.835424002842150792e-02 1.384343566550207325e-05
4.812500000000000000e+01 -4.904995634216269274e-02 1.392143929560984864e-05
4.833333333333333570e+01 -4.970988979209670783e-02 1.371032154837739433e-05
4.854166666666667140e+01 -5.044341945061570076e-02 1.362778742770502577e-05
4.875000000000000000e+01 -5.101640594383736321e-02 1.347349721407421882e-05
4.895833333333333570e+01 -5.162314502924952864e-02 1.338519666700025587e-05
4.916666666666667140e+01 -5.235172500746637647e-02 1.339626871987802302e-05
4.937500000000000000e+01 -5.318820745640813474e-02 1.351730706207336549e-05
4.958333333333333570e+01 -5.392880503635933548e-02 1.354573169096100561e-05
4.979166666666667140e+01 -5.462653693432700797e-02 1.362003096703668609e-05
5.000000000000000000e+01 -5.537815091245339161e-02 1.372789415405180460e-05
5.020833333333333570e+01 -5.607211729815538004e-02 1.379275762029982542e-05
5.041666666666667140e+01 -5.675411149810739853e-02 1.382614684176044547e-05
5.062500000000000000e+01 -5.753610539749486052e-02 1.391754076313075214e-05
5.083333333333333570e+01 -5.830869586430038193e-02 1.397776688055150183e-05
5.104166666666667140e+01 -5.924176631736444154e-02 1.417804147495710056e-05
5.125000000000000000e+01 -6.014420168990936011e-02 1.431706767783354401e-05
5.145833333333333570e+01 -6.120571762594016058e-02 1.454589031361525493e-05
5.166666666666667140e+01 -6.227485710580298733e-02 1.475794117200820737e-05
5.187500000000000000e+01 -6.344548521350099057e-02 1.496748977231244421e-05
5.208333333333333570e+01 -6.469908110103578247e-02 1.523303569997807710e-05
5.229166666666667140e+01 -6.597620926516312156e-02 1.553025460817339683e-05
5.250000000000000000e+01 -6.709912617262087098e-02 1.575509689953886967e-05
5.270833333333333570e+01 -6.826957331526053996e-02 1.580777339112919393e-05
5.291666666666667140e+01 -6.929317739124438158e-02 1.566736076600006554e-05
5.312500000000000000e+01 -7.064161494584619838e-02 1.572062396150768432e-05
5.333333333333333570e+01 -7.216210607698764212e-02 1.588409292210984540e-05
5.354166666666667140e+01 -7.390924122923048234e-02 1.613377775426624617e-05
5.375000000000000000e+01 -7.573499270186764831e-02 1.650669649069442434e-05
5.395833333333333570e+01 -7.755922171924578556e-02 1.677472118411513154e-05
5.416666666666667140e+01 -7.942015344587277648e-02 1.706182547912089495e-05
5.437500000000000000e+01 -8.124234256007581423e-02 1.725531098545414447e-05
5.458333333333333570e+01 -8.331555758787664856e-02 1.754104854768496281e-05
5.479166666666667140e+01 -8.548214023370268033e-02 1.782990257636271072e-05
5.500000000000000000e+01 -8.771753538895638025e-02 1.816944768257814066e-05
5.520833333333333570e+01 -9.015833752997062800e-02 1.855517767497085046e-05
5.541666666666667140e+01 -9.262018075209853263e-02 1.899418050269259425e-05
5.562500000000000000e+01 -9.507403648441017929e-02 1.928848519947634957e-05
5.583333333333333570e+01 -9.773184663390661886e-02 1.949755977611783339e-05
5.604166666666667140e+01 -1.008140135090375977e-01 1.974187196104921523e-05
5.625000000000000000e+01 -1.042309996947988759e-01 2.016369340431542148e-05
5.645833333333333570e+01 -1.081236324084329792e-01 2.060577473411224475e-05
5.666666666666667140e+01 -1.124387621604319987e-01 2.117831202823350513e-05
5.687500000000000000e+01 -1.173249339019747650e-01 2.196197532443423803e-05
5.708333333333333570e+01 -1.227847652469135908e-01 2.281208123657181225e-05
5.729166666666667140e+01 -1.287759232908931017e-01 2.376205277790552058e-05
5.750000000000000000e+01 -1.354810595313741262e-01 2.460197668762694406e-05
5.770833333333333570e+01 -1.432894171139819095e-01 2.555204628038614163e-05
5.791666666666667140e+01 -1.522921656295578019e-01 2.642793825859471573e-05
5.812500000000000000e+01 -1.630444432705236979e-01 2.777370093042058440e-05
5.833333333333333570e+01 -1.761492091677590854e-01 2.923876131262241395e-05
5.854166666666667140e+01 -1.919100697695042546e-01 3.120455911377141621e-05
5.875000000000000000e+01 -2.110286839257582425e-01 3.398445846855834311e-05
5.895833333333333570e+01 -2.346857151599625879e-01 3.782495189544898850e-05
5.916666666666667140e+01 -2.647467435687492765e-01 4.294871687216121782e-05
5.937500000000000000e+01 -3.028497910280218974e-01 4.956457854623380361e-05
5.958333333333333570e+01 -3.520011732240873048e-01 5.863735147648067267e-05
5.979166666666667140e+01 -4.161983435154851252e-01 7.113266137906540170e-05
6.000000000000000000e+01 -4.999999999999999445e-01 8.733829465723782809e-05
