0.000000000000000000e+00 -4.999999999999993894e-01 3.110818715681250296e-05
2.083333333333333426e-01 -3.809497127327387545e-01 2.496391582383716785e-05
4.166666666666666852e-01 -2.935407431778594978e-01 2.229324302927766289e-05
6.250000000000000000e-01 -2.287722655484064338e-01 2.400939564394498089e-05
8.333333333333333703e-01 -1.805828318339576521e-01 2.211374673432456528e-05
1.041666666666666741e+00 -1.438388015227398120e-01 2.122682612176373656e-05
1.250000000000000000e+00 -1.161810313601162326e-01 2.167601462967627544e-05
1.458333333333333481e+00 -9.449162511796659059e-02 2.094572309027495680e-05
1.666666666666666741e+00 -7.771454147082504371e-02 2.051966500287383743e-05
1.875000000000000000e+00 -6.455656644116354592e-02 2.092179077407335045e-05
2.083333333333333481e+00 -5.423109583817916496e-02 2.153695123927489146e-05
2.291666666666666963e+00 -4.579619821007360064e-02 2.228143961433535786e-05
2.500000000000000000e+00 -3.914388891164315154e-02 2.275200765548947445e-05
2.708333333333333481e+00 -3.393258678843413118e-02 2.353284415664468599e-05
2.916666666666666963e+00 -2.958776349747697584e-02 2.344688208713347445e-05
3.125000000000000000e+00 -2.547622695093977943e-02 2.219959797836483837e-05
3.333333333333333481e+00 -2.216745895868254060e-02 2.210007689286799023e-05
3.541666666666666963e+00 -1.952127141523170989e-02 2.189605260161564789e-05
3.750000000000000000e+00 -1.717505577711105763e-02 2.163203584090347937e-05
3.958333333333333481e+00 -1.504119282762077237e-02 2.136143224543453819e-05
4.166666666666666963e+00 -1.315889953628754556e-02 2.028630564629281633e-05
4.375000000000000000e+00 -1.159630133278788909e-02 2.008700719961418834e-05
4.583333333333333925e+00 -1.008833511742369266e-02 1.816989932021395243e-05
4.791666666666666963e+00 -9.008587220945760143e-03 1.782403074949025207e-05
5.000000000000000000e+00 -8.483687206505727621e-03 2.024015092760981222e-05
5.208333333333333925e+00 -8.256231256972905788e-03 2.454110482088522194e-05
5.416666666666666963e+00 -7.611292204764534726e-03 2.640363718026564362e-05
5.625000000000000000e+00 -6.940649198985104559e-03 2.527110300515909901e-05
5.833333333333333925e+00 -6.299195080584824025e-03 2.512961859314022877e-05
6.041666666666666963e+00 -5.472699144423364900e-03 2.257711467379280461e-05
6.250000000000000000e+00 -4.999837327988441125e-03 2.371618458885959321e-05
6.458333333333333925e+00 -4.531481949127988407e-03 2.333158703785716159e-05
6.666666666666666963e+00 -4.305814258214629188e-03 2.811023512172309641e-05
6.875000000000000000e+00 -4.190509696482746724e-03 3.400919004064518656e-05
7.083333333333333925e+00 -3.457765900244132509e-03 2.619240118528187700e-05
7.291666666666666963e+00 -2.730019528061531330e-03 1.814251450005666060e-05
7.500000000000000000e+00 -2.147083739794967191e-03 1.168033114525764668e-05
7.708333333333333925e+00 -1.788745498112630358e-03 8.296659811727130903e-06
7.916666666666666963e+00 -1.571511240533010221e-03 7.255543905933590135e-06
8.125000000000000000e+00 -1.363758203206831641e-03 6.012624322384585745e-06
8.333333333333333925e+00 -1.208147403017096385e-03 5.237685692993527330e-06
8.541666666666667851e+00 -1.087983780406549762e-03 4.618950109634123086e-06
8.750000000000000000e+00 -1.005141854361331875e-03 5.004028070926187583e-06
8.958333333333333925e+00 -9.251903167863626551e-04 4.956974524235461239e-06
9.166666666666667851e+00 -8.049580814799352528e-04 4.196055629326246837e-06
9.375000000000000000e+00 -7.243911509149160996e-04 3.980621346065180652e-06
9.583333333333333925e+00 -6.574449802866526088e-04 4.049437228566701972e-06
9.791666666666667851e+00 -5.910642295167676565e-04 4.437180744181930902e-06
1.000000000000000000e+01 -4.958935945298685501e-04 3.371211016799842362e-06
1.020833333333333393e+01 -4.124814827127621470e-04 2.311561585911727537e-06
1.041666666666666785e+01 -3.451433900807141073e-04 1.573053080259503019e-06
1.062500000000000000e+01 -2.998405734252703229e-04 1.155486335021640288e-06
1.083333333333333393e+01 -2.605065160737650778e-04 9.437193331216812577e-07
1.104166666666666785e+01 -2.283052650616314337e-04 7.646418227482198191e-07
1.125000000000000000e+01 -1.996620048123108420e-04 6.810444147113824074e-07
1.145833333333333393e+01 -1.796999967757411450e-04 6.677502889509987966e-07
1.166666666666666785e+01 -1.646773225016047763e-04 5.838341889586570194e-07
1.187500000000000000e+01 -1.493319463181577570e-04 4.857184498709984438e-07
1.208333333333333393e+01 -1.394390854765895017e-04 4.062430978535953098e-07
1.229166666666666785e+01 -1.319441400003665201e-04 3.723845243975598929e-07
1.250000000000000000e+01 -1.253202136767025520e-04 3.755463334391239923e-07
1.270833333333333393e+01 -1.201415565294461309e-04 3.858429994616891706e-07
1.291666666666666785e+01 -1.062255478631657433e-04 3.197904117678166150e-07
1.312500000000000000e+01 -9.202427175165305278e-05 2.580360958910499366e-07
1.333333333333333393e+01 -8.417155438032722565e-05 2.345643375547324784e-07
1.354166666666666785e+01 -7.648717478052849828e-05 2.385832485233663976e-07
1.375000000000000000e+01 -7.362773424748184407e-05 2.806593646488914489e-07
1.395833333333333393e+01 -7.280266315190891372e-05 3.244278819206639235e-07
1.416666666666666785e+01 -6.442265401631160808e-05 2.778882708304246759e-07
1.437500000000000000e+01 -5.893297677748144639e-05 2.453180175563856969e-07
1.458333333333333393e+01 -4.975055479321655836e-05 1.876196199478371500e-07
1.479166666666666785e+01 -4.042845935837717557e-05 1.390600400177996185e-07
1.500000000000000000e+01 -3.652791196076968179e-05 1.114661202340119220e-07
1.520833333333333393e+01 -3.118531163889311778e-05 9.830440160872510141e-08
1.541666666666666785e+01 -2.890384877195005685e-05 8.922751140895122226e-08
1.562500000000000000e+01 -2.673819257358026852e-05 8.369385665447291266e-08
1.583333333333333393e+01 -2.284746771272875239e-05 7.544480709135673814e-08
1.604166666666666785e+01 -2.193413422306155636e-05 6.569531974766658519e-08
1.625000000000000000e+01 -1.951960797949867931e-05 6.161057066232054872e-08
1.645833333333333570e+01 -1.695695092528273556e-05 5.221862596006471181e-08
1.666666666666666785e+01 -1.681262355135824683e-05 4.591545398313070722e-08
1.687500000000000000e+01 -1.393304154325603845e-05 3.976596714530782673e-08
1.708333333333333570e+01 -1.325672810045516113e-05 3.563910189779070325e-08
1.729166666666666785e+01 -1.256226851387389025e-05 3.039602946787372526e-08
1.750000000000000000e+01 -9.854964332268683385e-06 2.512827634107302679e-08
1.770833333333333570e+01 -1.035373473148972688e-05 2.320978717685689172e-08
1.791666666666666785e+01 -8.750281848945318529e-06 2.030629749612300168e-08
1.812500000000000000e+01 -7.279310188760600037e-06 1.753035799154046733e-08
1.833333333333333570e+01 -7.680608328569712165e-06 1.482542695591330411e-08
1.854166666666666785e+01 -5.756023348086420254e-06 1.325690442954725891e-08
1.875000000000000000e+01 -5.659052720914384952e-06 1.150589273259826428e-08
1.895833333333333570e+01 -5.648125044986146225e-06 1.064400168920112378e-08
1.916666666666666785e+01 -3.957641086085019433e-06 1.062800037371699223e-08
1.937500000000000000e+01 -4.655886702635759224e-06 9.029185322830383919e-09
1.958333333333333570e+01 -3.710722135261860063e-06 7.496002471076166326e-09
1.979166666666666785e+01 -2.870698753887671814e-06 6.665498966640483233e-09
2.000000000000000000e+01 -3.736168151989952068e-06 6.028336404772880089e-09
2.020833333333333570e+01 -2.231090211592886085e-06 5.977906576099970957e-09
2.041666666666666785e+01 -2.468608343857498726e-06 6.167690825405237108e-09
2.062500000000000000e+01 -2.702408246308492159e-06 5.182289509945258002e-09
2.083333333333333570e+01 -1.327774988855119067e-06 4.392631207861579889e-09
2.104166666666666785e+01 -2.335937275847070805e-06 4.123681481707065811e-09
2.125000000000000000e+01 -1.720967994710837739e-06 3.636088317810333355e-09
2.145833333333333570e+01 -1.139223344391043997e-06 3.311115678366236219e-09
2.166666666666666785e+01 -2.192188791961944454e-06 3.241142356777031369e-09
2.187500000000000000e+01 -9.808854385288085045e-07 3.606737606316521512e-09
2.208333333333333570e+01 -1.398849281835099307e-06 4.037046153887264818e-09
2.229166666666666785e+01 -1.722668804753824551e-06 3.427342884930510009e-09
2.250000000000000000e+01 -4.836652458106761215e-07 2.962891628805233056e-09
2.270833333333333570e+01 -1.533996676959106693e-06 3.029295580633193969e-09
2.291666666666666785e+01 -1.000437247528616000e-06 3.091203799500714411e-09
2.312500000000000000e+01 -4.328032903347453371e-07 2.497374433749613145e-09
2.333333333333333570e+01 -1.435581033520149999e-06 1.933268617696067012e-09
2.354166666666666785e+01 -2.498314267566697708e-07 1.523269725866169118e-09
2.375000000000000000e+01 -6.587225889422368328e-07 1.419686406490326654e-09
2.395833333333333570e+01 -1.069455978605919583e-06 1.338008881943182285e-09
2.416666666666666785e+01 4.274098500878928756e-08 1.377943526815582228e-09
2.437500000000000000e+01 -1.009264499248582241e-06 1.297423341311609470e-09
2.458333333333333570e+01 -5.201459536372126616e-07 1.304855779689438967e-09
2.479166666666666785e+01 -3.044271278392927479e-08 1.117801544783590902e-09
2.500000000000000000e+01 -1.059660999154684599e-06 9.379207415351663514e-10
2.520833333333333570e+01 4.489645325911731395e-08 8.762373754300423665e-10
2.541666666666666785e+01 -3.760405887697408597e-07 8.283328299267937559e-10
2.562500000000000000e+01 -7.979580465780448092e-07 8.226569609547544381e-10
2.583333333333333570e+01 2.828244504418414323e-07 8.282645306399048626e-10
2.604166666666666785e+01 -7.692030950635866405e-07 9.119244832500523818e-10
2.625000000000000000e+01 -3.073219163319742253e-07 8.764982541880195599e-10
2.645833333333333570e+01 1.537165233802262768e-07 8.117700331369440332e-10
2.666666666666666785e+01 -8.843402545132181739e-07 8.573698238722902507e-10
2.687500000000000000e+01 1.706110737489626173e-07 9.675727061526120290e-10
2.708333333333333570e+01 -2.655651575195915262e-07 1.075565731070545878e-09
2.729166666666666785e+01 -6.979558508614501544e-07 1.221846190289676437e-09
2.750000000000000000e+01 3.681151101885645554e-07 1.145025284697876119e-09
2.770833333333333570e+01 -6.599192034144016744e-07 1.036277594545357549e-09
2.791666666666666785e+01 -2.118250872148637016e-07 8.976258084187212980e-10
2.812500000000000000e+01 2.275970773448326032e-07 8.145246773295426821e-10
2.833333333333333570e+01 -8.135189684834937220e-07 8.236019920404919298e-10
2.854166666666666785e+01 2.274095595877386237e-07 9.288761097590896876e-10
2.875000000000000000e+01 -1.911442500344738583e-07 8.428616311873240348e-10
2.895833333333333570e+01 -6.148540679858580071e-07 8.367549699305073601e-10
2.916666666666666785e+01 4.313207994501565733e-07 7.800363731193093476e-10
2.937500000000000000e+01 -5.952094537601748223e-07 6.505335766941976525e-10
2.958333333333333570e+01 -1.567627688662906824e-07 6.094337976118818072e-10
2.979166666666666785e+01 2.688916185679380931e-07 6.760097730707854301e-10
3.000000000000000000e+01 -7.652824939882020241e-07 6.488437451685813109e-10
3.020833333333333570e+01 2.688916185456186691e-07 6.760097731106758016e-10
3.041666666666666785e+01 -1.567627688560069613e-07 6.094337976376162233e-10
3.062500000000000000e+01 -5.952094537264376059e-07 6.505335766687251426e-10
3.083333333333333570e+01 4.313207994690030563e-07 7.800363730547851239e-10
3.104166666666666785e+01 -6.148540679916654767e-07 8.367549698459541987e-10
3.125000000000000000e+01 -1.911442500175000327e-07 8.428616311169754257e-10
3.145833333333333570e+01 2.274095595808188146e-07 9.288761096885193940e-10
3.166666666666666785e+01 -8.135189684986115660e-07 8.236019919918390273e-10
3.187500000000000000e+01 2.275970772982698256e-07 8.145246772727807212e-10
3.208333333333333570e+01 -2.118250872368238778e-07 8.976258083488452158e-10
3.229166666666667140e+01 -6.599192034300182091e-07 1.036277594456947037e-09
3.250000000000000000e+01 3.681151102127004416e-07 1.145025284625203752e-09
3.270833333333333570e+01 -6.979558508831066693e-07 1.221846190230717071e-09
3.291666666666667140e+01 -2.655651575062989853e-07 1.075565731028818338e-09
3.312500000000000000e+01 1.706110736958991266e-07 9.675727061116593508e-10
3.333333333333333570e+01 -8.843402544891227335e-07 8.573698238415913034e-10
3.354166666666667140e+01 1.537165233764041730e-07 8.117700331103513139e-10
3.375000000000000000e+01 -3.073219163745261959e-07 8.764982541844826390e-10
3.395833333333333570e+01 -7.692030950077952273e-07 9.119244832767876864e-10
3.416666666666667140e+01 2.828244504216114797e-07 8.282645306484661819e-10
3.437500000000000000e+01 -7.979580465947410991e-07 8.226569609547112179e-10
3.458333333333333570e+01 -3.760405887881743084e-07 8.283328299292815016e-10
3.479166666666667140e+01 4.489645326331102701e-08 8.762373754276933803e-10
3.500000000000000000e+01 -1.059660999132390268e-06 9.379207415437801967e-10
3.520833333333333570e+01 -3.044271279810405353e-08 1.117801544799245916e-09
3.541666666666667140e+01 -5.201459536404479039e-07 1.304855779701723013e-09
3.562500000000000000e+01 -1.009264499196921913e-06 1.297423341327148058e-09
3.583333333333333570e+01 4.274098502973313009e-08 1.377943526832331809e-09
3.604166666666667140e+01 -1.069455978616746358e-06 1.338008881957661461e-09
3.625000000000000000e+01 -6.587225889583638107e-07 1.419686406511917309e-09
3.645833333333333570e+01 -2.498314267410385189e-07 1.523269725887133597e-09
3.666666666666667140e+01 -1.435581033495750156e-06 1.933268617712288023e-09
3.687500000000000000e+01 -4.328032903983706934e-07 2.497374433781086127e-09
3.708333333333333570e+01 -1.000437247510933341e-06 3.091203799545105058e-09
3.729166666666667140e+01 -1.533996676974680664e-06 3.029295580663460921e-09
3.750000000000000000e+01 -4.836652458010316985e-07 2.962891628836824324e-09
3.770833333333333570e+01 -1.722668804718300412e-06 3.427342884957199819e-09
3.791666666666667140e+01 -1.398849281835154576e-06 4.037046153913215956e-09
3.812500000000000000e+01 -9.808854385004631822e-07 3.606737606329547538e-09
3.833333333333333570e+01 -2.192188791984775804e-06 3.241142356790152108e-09
3.854166666666667140e+01 -1.139223344397647466e-06 3.311115678372686987e-09
3.875000000000000000e+01 -1.720967994690090726e-06 3.636088317813240895e-09
3.895833333333333570e+01 -2.335937275834548694e-06 4.123681481716140810e-09
3.916666666666667140e+01 -1.327774988867271660e-06 4.392631207866249324e-09
3.937500000000000000e+01 -2.702408246299671581e-06 5.182289509934389676e-09
3.958333333333333570e+01 -2.468608343874617686e-06 6.167690825400300494e-09
3.979166666666667140e+01 -2.231090211594738122e-06 5.977906576089944700e-09
4.000000000000000000e+01 -3.736168151986225124e-06 6.028336404760354920e-09
4.020833333333333570e+01 -2.870698753894499323e-06 6.665498966637870997e-09
4.041666666666667140e+01 -3.710722135303191883e-06 7.496002471077071262e-09
4.062500000000000000e+01 -4.655886702605361753e-06 9.029185322833197987e-09
4.083333333333333570e+01 -3.957641086070911252e-06 1.062800037373169619e-08
4.104166666666667140e+01 -5.648125044989718163e-06 1.064400168922841413e-08
4.125000000000000000e+01 -5.659052720943049394e-06 1.150589273263160297e-08
4.145833333333333570e+01 -5.756023348096017984e-06 1.325690442958971643e-08
4.166666666666667140e+01 -7.680608328598719655e-06 1.482542695595951869e-08
4.187500000000000000e+01 -7.279310188806064530e-06 1.753035799159083270e-08
4.208333333333333570e+01 -8.750281848929546775e-06 2.030629749618347851e-08
4.229166666666667140e+01 -1.035373473145178150e-05 2.320978717689715556e-08
4.250000000000000000e+01 -9.854964332298854699e-06 2.512827634110658716e-08
4.270833333333333570e+01 -1.256226851387412234e-05 3.039602946790716982e-08
4.291666666666667140e+01 -1.325672810042825936e-05 3.563910189781554514e-08
4.312500000000000000e+01 -1.393304154326253688e-05 3.976596714532073736e-08
4.333333333333333570e+01 -1.681262355140003605e-05 4.591545398314065986e-08
4.354166666666667140e+01 -1.695695092524670278e-05 5.221862596006943005e-08
4.375000000000000000e+01 -1.951960797941793336e-05 6.161057066231681648e-08
4.395833333333333570e+01 -2.193413422306419910e-05 6.569531974766393821e-08
4.416666666666667140e+01 -2.284746771273683648e-05 7.544480709135086185e-08
4.437500000000000000e+01 -2.673819257357416650e-05 8.369385665445920132e-08
4.458333333333333570e+01 -2.890384877192652628e-05 8.922751140893454630e-08
4.479166666666667140e+01 -3.118531163889534717e-05 9.830440160870366089e-08
4.500000000000000000e+01 -3.652791196079650902e-05 1.114661202339750364e-07
4.520833333333333570e+01 -4.042845935837873411e-05 1.390600400177388704e-07
4.541666666666667140e+01 -4.975055479318025114e-05 1.876196199477445058e-07
4.562500000000000000e+01 -5.893297677742385493e-05 2.453180175562661594e-07
4.583333333333333570e+01 -6.442265401628125042e-05 2.778882708303543722e-07
4.604166666666667140e+01 -7.280266315192731805e-05 3.244278819206725526e-07
4.625000000000000000e+01 -7.362773424745526756e-05 2.806593646491207831e-07
4.645833333333333570e+01 -7.648717478051001264e-05 2.385832485235428981e-07
4.666666666666667140e+01 -8.417155438028538900e-05 2.345643375548031527e-07
4.687500000000000000e+01 -9.202427175164546336e-05 2.580360958910606304e-07
4.708333333333333570e+01 -1.062255478631360091e-04 3.197904117677957039e-07
4.729166666666667140e+01 -1.201415565294039554e-04 3.858429994616611126e-07
4.750000000000000000e+01 -1.253202136767148848e-04 3.755463334391078987e-07
4.770833333333333570e+01 -1.319441400003633759e-04 3.723845243975539636e-07
4.791666666666667140e+01 -1.394390854765560812e-04 4.062430978535901218e-07
4.812500000000000000e+01 -1.493319463181574317e-04 4.857184498710068082e-07
4.833333333333333570e+01 -1.646773225015588332e-04 5.838341889586725836e-07
4.854166666666667140e+01 -1.796999967757273214e-04 6.677502889510109727e-07
4.875000000000000000e+01 -1.996620048123189193e-04 6.810444147114059125e-07
4.895833333333333570e+01 -2.283052650616716577e-04 7.646418227482578297e-07
4.916666666666667140e+01 -2.605065160737781967e-04 9.437193331217402324e-07
4.937500000000000000e+01 -2.998405734252793759e-04 1.155486335021706356e-06
4.958333333333333570e+01 -3.451433900807412123e-04 1.573053080259563370e-06
4.979166666666667140e+01 -4.124814827127278320e-04 2.311561585911802076e-06
5.000000000000000000e+01 -4.958935945299020520e-04 3.371211016799949089e-06
5.020833333333333570e+01 -5.910642295167723185e-04 4.437180744182075745e-06
5.041666666666667140e+01 -6.574449802866408994e-04 4.049437228566856132e-06
5.062500000000000000e+01 -7.243911509148944156e-04 3.980621346065389869e-06
5.083333333333333570e+01 -8.049580814800119059e-04 4.196055629326495018e-06
5.104166666666667140e+01 -9.251903167863483437e-04 4.956974524235761936e-06
5.125000000000000000e+01 -1.005141854361303686e-03 5.004028070926486586e-06
5.145833333333333570e+01 -1.087983780406621102e-03 4.618950109634394137e-06
5.166666666666667140e+01 -1.208147403017127610e-03 5.237685692993842426e-06
5.187500000000000000e+01 -1.363758203206849422e-03 6.012624322384962675e-06
5.208333333333333570e+01 -1.571511240533065299e-03 7.255543905934056850e-06
5.229166666666667140e+01 -1.788745498112678063e-03 8.296659811727654369e-06
5.250000000000000000e+01 -2.147083739794997115e-03 1.168033114525844289e-05
5.270833333333333570e+01 -2.730019528061678347e-03 1.814251450005794470e-05
5.291666666666667140e+01 -3.457765900244239195e-03 2.619240118528373031e-05
5.312500000000000000e+01 -4.190509696482871624e-03 3.400919004064762601e-05
5.333333333333333570e+01 -4.305814258214758425e-03 2.811023512172499038e-05
5.354166666666667140e+01 -4.531481949128130654e-03 2.333158703785854734e-05
5.375000000000000000e+01 -4.999837327988553883e-03 2.371618458886093491e-05
5.395833333333333570e+01 -5.472699144423509750e-03 2.257711467379380411e-05
5.416666666666667140e+01 -6.299195080584896883e-03 2.512961859314104192e-05
5.437500000000000000e+01 -6.940649198985199969e-03 2.527110300515967838e-05
5.458333333333333570e+01 -7.611292204764598043e-03 2.640363718026621961e-05
5.479166666666667140e+01 -8.256231256972910992e-03 2.454110482088546927e-05
5.500000000000000000e+01 -8.483687206505793540e-03 2.024015092760976479e-05
5.520833333333333570e+01 -9.008587220945867696e-03 1.782403074949024191e-05
5.541666666666667140e+01 -1.008833511742367010e-02 1.816989932021402019e-05
5.562500000000000000e+01 -1.159630133278792725e-02 2.008700719961437807e-05
5.583333333333333570e+01 -1.315889953628765659e-02 2.028630564629293153e-05
5.604166666666667140e+01 -1.504119282762087124e-02 2.136143224543463306e-05
5.625000000000000000e+01 -1.717505577711110967e-02 2.163203584090362845e-05
5.645833333333333570e+01 -1.952127141523189030e-02 2.189605260161576309e-05
5.666666666666667140e+01 -2.216745895868253366e-02 2.210007689286809187e-05
5.687500000000000000e+01 -2.547622695093989739e-02 2.219959797836500439e-05
5.708333333333333570e+01 -2.958776349747705911e-02 2.344688208713380988e-05
5.729166666666667140e+01 -3.393258678843418669e-02 2.353284415664504513e-05
5.750000000000000000e+01 -3.914388891164322093e-02 2.275200765548968451e-05
5.770833333333333570e+01 -4.579619821007369085e-02 2.228143961433541885e-05
5.791666666666667140e+01 -5.423109583817928292e-02 2.153695123927490163e-05
5.812500000000000000e+01 -6.455656644116351817e-02 2.092179077407339111e-05
5.833333333333333570e+01 -7.771454147082508535e-02 2.051966500287373917e-05
5.854166666666667140e+01 -9.449162511796661834e-02 2.094572309027476707e-05
5.875000000000000000e+01 -1.161810313601161354e-01 2.167601462967587902e-05
5.895833333333333570e+01 -1.438388015227398675e-01 2.122682612176316058e-05
5.916666666666667140e+01 -1.805828318339574579e-01 2.211374673432390460e-05
5.937500000000000000e+01 -2.287722655484063505e-01 2.400939564394431343e-05
5.958333333333333570e+01 -2.935407431778593867e-01 2.229324302927704625e-05
5.979166666666667140e+01 -3.809497127327385324e-01 2.496391582383675789e-05
6.000000000000000000e+01 -5.000000000000006661e-01 3.110818715681250296e-05
