0.000000000000000000e+00 -4.999999999999997780e-01 1.151069427130526864e-04
2.083333333333333426e-01 -3.836271140766612242e-01 8.857509211293560403e-05
4.166666666666666852e-01 -2.978445353596559375e-01 8.417476958706059326e-05
6.250000000000000000e-01 -2.339826024179226249e-01 6.266021860981753106e-05
8.333333333333333703e-01 -1.861055607013844815e-01 4.454960121952227013e-05
1.041666666666666741e+00 -1.495050120991912035e-01 3.380775253501886807e-05
1.250000000000000000e+00 -1.218413825306289000e-01 2.944873340092930169e-05
1.458333333333333481e+00 -1.002386008118565930e-01 2.474700318005119517e-05
1.666666666666666741e+00 -8.339548991059492211e-02 2.432832606016199225e-05
1.875000000000000000e+00 -7.021162264059957470e-02 2.301513792149120956e-05
2.083333333333333481e+00 -6.004223897498868479e-02 2.384765139732848970e-05
2.291666666666666963e+00 -5.189984571100628163e-02 2.531358465128618162e-05
2.500000000000000000e+00 -4.485981229851921520e-02 2.534336493782641582e-05
2.708333333333333481e+00 -3.909285753425254667e-02 2.587431052422707283e-05
2.916666666666666963e+00 -3.409039465915440076e-02 2.509767609041830018e-05
3.125000000000000000e+00 -2.965235676526493946e-02 2.428706201115096784e-05
3.333333333333333481e+00 -2.620173078250992091e-02 2.462280468519658440e-05
3.541666666666666963e+00 -2.304996872996202886e-02 2.415948648285882913e-05
3.750000000000000000e+00 -2.037349849055698769e-02 2.314939452527033073e-05
3.958333333333333481e+00 -1.827766704451785906e-02 2.468213652144353207e-05
4.166666666666666963e+00 -1.653904606416134460e-02 2.372883067202837223e-05
4.375000000000000000e+00 -1.538968006520436381e-02 2.569122119261492600e-05
4.583333333333333925e+00 -1.376448242597628352e-02 2.371833770166923295e-05
4.791666666666666963e+00 -1.228869593850473278e-02 2.183093748821105361e-05
5.000000000000000000e+00 -1.182473596600672888e-02 2.379723512994755843e-05
5.208333333333333925e+00 -1.132163683937446527e-02 2.604222820016206038e-05
5.416666666666666963e+00 -1.048455847082657363e-02 2.689430325132088507e-05
5.625000000000000000e+00 -9.579060027905298216e-03 2.544250998562789032e-05
5.833333333333333925e+00 -8.803803381104929535e-03 2.493293821200380560e-05
6.041666666666666963e+00 -8.207992885815227485e-03 2.600000185046081285e-05
6.250000000000000000e+00 -7.083939648146866074e-03 2.272017035886384910e-05
6.458333333333333925e+00 -6.397816849935723110e-03 2.192870667660831098e-05
6.666666666666666963e+00 -5.829594518443862936e-03 2.029782990021176958e-05
6.875000000000000000e+00 -5.206193347513923472e-03 1.775057063838781100e-05
7.083333333333333925e+00 -5.133687366266831593e-03 1.940651387109232877e-05
7.291666666666666963e+00 -4.984614013168342343e-03 2.115408528619933123e-05
7.500000000000000000e+00 -4.794051309889531265e-03 2.237290271344653344e-05
7.708333333333333925e+00 -4.320280845270628792e-03 2.028574215477482661e-05
7.916666666666666963e+00 -3.970378639738410785e-03 1.856397636228126837e-05
8.125000000000000000e+00 -3.474118939054646540e-03 1.767325044211644528e-05
8.333333333333333925e+00 -3.155424441578193271e-03 2.174750269983615481e-05
8.541666666666667851e+00 -2.750395386212879916e-03 1.954893773213696968e-05
8.750000000000000000e+00 -2.582454439322952235e-03 1.937415145150816906e-05
8.958333333333333925e+00 -2.219574186780299760e-03 1.592658370499863181e-05
9.166666666666667851e+00 -2.029504023363454517e-03 1.471282743313681770e-05
9.375000000000000000e+00 -1.960178705174536740e-03 1.552146251851943803e-05
9.583333333333333925e+00 -2.039805249095331171e-03 1.884907930603216839e-05
9.791666666666667851e+00 -1.842264937388943084e-03 1.741164833465949781e-05
1.000000000000000000e+01 -1.773162285310315740e-03 1.784662621358810647e-05
1.020833333333333393e+01 -1.549716374087284181e-03 1.538121992291326188e-05
1.041666666666666785e+01 -1.362895619313594367e-03 1.313981908959100121e-05
1.062500000000000000e+01 -1.113834707240740325e-03 9.739259268694932219e-06
1.083333333333333393e+01 -1.034228446187507831e-03 9.320728066273562343e-06
1.104166666666666785e+01 -8.941748991717970996e-04 7.502933068874735031e-06
1.125000000000000000e+01 -7.725056488607455604e-04 5.862049026219005152e-06
1.145833333333333393e+01 -7.535318080178637652e-04 5.977064585749328210e-06
1.166666666666666785e+01 -7.170692735692764733e-04 5.752280604712141590e-06
1.187500000000000000e+01 -6.515967109455077060e-04 5.014621979315541397e-06
1.208333333333333393e+01 -6.240031885921910534e-04 4.982746954534652730e-06
1.229166666666666785e+01 -5.304408978347817513e-04 3.699420668058844342e-06
1.250000000000000000e+01 -4.491059809082440521e-04 2.589450316155373925e-06
1.270833333333333393e+01 -3.951545216014798272e-04 2.001940567950165704e-06
1.291666666666666785e+01 -3.410269719693742596e-04 1.419226237661318530e-06
1.312500000000000000e+01 -3.128302106229999963e-04 1.240083809627263073e-06
1.333333333333333393e+01 -2.910409376175474103e-04 1.085612538605935805e-06
1.354166666666666785e+01 -2.725880532174010666e-04 9.443111056716440303e-07
1.375000000000000000e+01 -2.613531482838003079e-04 9.482719352145903297e-07
1.395833333333333393e+01 -2.617377766400635171e-04 1.024694226809065466e-06
1.416666666666666785e+01 -2.439649930534555720e-04 9.170554039262829194e-07
1.437500000000000000e+01 -2.316692306790933339e-04 8.732246422019569911e-07
1.458333333333333393e+01 -2.041257346342827291e-04 7.031341594798755273e-07
1.479166666666666785e+01 -1.757018243447915963e-04 5.764271232908674349e-07
1.500000000000000000e+01 -1.547389985168061801e-04 5.695390053961222042e-07
1.520833333333333393e+01 -1.441874820289719612e-04 5.065120068109541858e-07
1.541666666666666785e+01 -1.374147134496871148e-04 4.240543309887879072e-07
1.562500000000000000e+01 -1.274317281203502341e-04 3.299375094300948674e-07
1.583333333333333393e+01 -1.174964713312483375e-04 2.984879998404860332e-07
1.604166666666666785e+01 -1.120739241089650730e-04 2.655119679923643075e-07
1.625000000000000000e+01 -1.082348314270247696e-04 2.596858699306211377e-07
1.645833333333333570e+01 -1.041018040716021320e-04 2.783619318705142119e-07
1.666666666666666785e+01 -9.910706272215870968e-05 2.406173493581583116e-07
1.687500000000000000e+01 -8.971146547446582470e-05 2.049293020294449615e-07
1.708333333333333570e+01 -8.317902303152672951e-05 2.082220410706244820e-07
1.729166666666666785e+01 -7.914624315850128644e-05 1.869138354360939723e-07
1.750000000000000000e+01 -7.295215406435257271e-05 1.554721414670252336e-07
1.770833333333333570e+01 -7.072164414687723863e-05 1.336302751804803321e-07
1.791666666666666785e+01 -6.618262006004714169e-05 1.158802998237134176e-07
1.812500000000000000e+01 -6.187720670019857374e-05 1.064800851939590721e-07
1.833333333333333570e+01 -6.043213445239068159e-05 1.059779689723904097e-07
1.854166666666666785e+01 -5.664985565260330174e-05 1.089365750540355121e-07
1.875000000000000000e+01 -5.527049232468629928e-05 1.300612898190445487e-07
1.895833333333333570e+01 -5.267881749856030731e-05 1.371958709086432499e-07
1.916666666666666785e+01 -4.917687143482893142e-05 1.274649139296179042e-07
1.937500000000000000e+01 -4.832789999150366515e-05 1.298447752929279087e-07
1.958333333333333570e+01 -4.674990082867381755e-05 1.093137989513409557e-07
1.979166666666666785e+01 -4.520073838304113946e-05 8.953998947180605311e-08
2.000000000000000000e+01 -4.575884907269336406e-05 8.582218352327783163e-08
2.020833333333333570e+01 -4.253652451967295558e-05 7.185700196009544419e-08
2.041666666666666785e+01 -4.149633994507824193e-05 6.878929554999688202e-08
2.062500000000000000e+01 -3.986774781634113503e-05 5.999981074099872280e-08
2.083333333333333570e+01 -3.710966241531300444e-05 5.585636598457957152e-08
2.104166666666666785e+01 -3.667812444810929874e-05 5.234985072301001990e-08
2.125000000000000000e+01 -3.538518100730169775e-05 5.377038756362186278e-08
2.145833333333333570e+01 -3.376212373916730224e-05 4.819986204380761478e-08
2.166666666666666785e+01 -3.413832364143606977e-05 4.741709766559603637e-08
2.187500000000000000e+01 -3.193099695913138690e-05 4.580619020350410691e-08
2.208333333333333570e+01 -3.160445184238336455e-05 4.745792483550101996e-08
2.229166666666666785e+01 -3.117939238298846766e-05 4.671347298472670361e-08
2.250000000000000000e+01 -2.951951889196763524e-05 4.922062630404764569e-08
2.270833333333333570e+01 -2.959678085510110505e-05 4.349261865404060139e-08
2.291666666666666785e+01 -2.828925681164500168e-05 4.427996606339119059e-08
2.312500000000000000e+01 -2.670901358732875281e-05 3.996558494146173042e-08
2.333333333333333570e+01 -2.672260404340992172e-05 3.511565610886912927e-08
2.354166666666666785e+01 -2.463559818751235876e-05 3.122869891348066788e-08
2.375000000000000000e+01 -2.425497097285096913e-05 2.814016199795330821e-08
2.395833333333333570e+01 -2.407505383241613747e-05 2.717652918103435451e-08
2.416666666666666785e+01 -2.228622727419841642e-05 2.673792282888929230e-08
2.437500000000000000e+01 -2.269164564621981386e-05 2.575479762465631813e-08
2.458333333333333570e+01 -2.147784533473477898e-05 2.308631346349062482e-08
2.479166666666666785e+01 -2.036457138946991873e-05 2.107704213876893218e-08
2.500000000000000000e+01 -2.081312893900756812e-05 1.976584128303694810e-08
2.520833333333333570e+01 -1.928657023713204784e-05 1.875382244054711316e-08
2.541666666666666785e+01 -1.928914402624705912e-05 1.737567250355925168e-08
2.562500000000000000e+01 -1.938992571613346884e-05 1.640548552865715739e-08
2.583333333333333570e+01 -1.800711007296745651e-05 1.574546060885294116e-08
2.604166666666666785e+01 -1.887622901729983137e-05 1.590657874963359074e-08
2.625000000000000000e+01 -1.822846700749549935e-05 1.588614065611386076e-08
2.645833333333333570e+01 -1.777946524121414200e-05 1.669114184406547550e-08
2.666666666666666785e+01 -1.862272360292813156e-05 1.607686936027896601e-08
2.687500000000000000e+01 -1.747695226619250854e-05 1.637513290323927607e-08
2.708333333333333570e+01 -1.777610043900770413e-05 1.699865876189051464e-08
2.729166666666666785e+01 -1.814346230657322390e-05 1.801862801813305431e-08
2.750000000000000000e+01 -1.679957319932859450e-05 1.675874179352499408e-08
2.770833333333333570e+01 -1.758703571064025492e-05 1.624797926439350363e-08
2.791666666666666785e+01 -1.693958132792713613e-05 1.521715984917334419e-08
2.812500000000000000e+01 -1.633207974578782914e-05 1.491872584536415120e-08
2.833333333333333570e+01 -1.718317100110439450e-05 1.437978242832619509e-08
2.854166666666666785e+01 -1.600752965718305648e-05 1.458411065040388231e-08
2.875000000000000000e+01 -1.623354693399087310e-05 1.349270791854673762e-08
2.895833333333333570e+01 -1.647221055896379305e-05 1.251686447907767442e-08
2.916666666666666785e+01 -1.524835087588751199e-05 1.213398258796869181e-08
2.937500000000000000e+01 -1.613539926113251099e-05 1.156724467124278860e-08
2.958333333333333570e+01 -1.570827677876697844e-05 1.132486411036060279e-08
2.979166666666666785e+01 -1.527179256788145878e-05 1.138254645927949766e-08
3.000000000000000000e+01 -1.629950112022825442e-05 1.100557016776202998e-08
3.020833333333333570e+01 -1.527179256783141946e-05 1.138254645928725496e-08
3.041666666666666785e+01 -1.570827677881719733e-05 1.132486411036807554e-08
3.062500000000000000e+01 -1.613539926118323132e-05 1.156724467125138466e-08
3.083333333333333570e+01 -1.524835087582608855e-05 1.213398258797845089e-08
3.104166666666666785e+01 -1.647221055895780283e-05 1.251686447909121371e-08
3.125000000000000000e+01 -1.623354693393626997e-05 1.349270791855978888e-08
3.145833333333333570e+01 -1.600752965720767126e-05 1.458411065041169752e-08
3.166666666666666785e+01 -1.718317100116108134e-05 1.437978242832660868e-08
3.187500000000000000e+01 -1.633207974571699686e-05 1.491872584536579564e-08
3.208333333333333570e+01 -1.693958132797287252e-05 1.521715984918137115e-08
3.229166666666667140e+01 -1.758703571073233756e-05 1.624797926440318164e-08
3.250000000000000000e+01 -1.679957319926080476e-05 1.675874179353693857e-08
3.270833333333333570e+01 -1.814346230656452996e-05 1.801862801813582702e-08
3.291666666666667140e+01 -1.777610043904733511e-05 1.699865876189526596e-08
3.312500000000000000e+01 -1.747695226623315935e-05 1.637513290324064588e-08
3.333333333333333570e+01 -1.862272360286231033e-05 1.607686936029043073e-08
3.354166666666667140e+01 -1.777946524122927678e-05 1.669114184407695015e-08
3.375000000000000000e+01 -1.822846700749749496e-05 1.588614065612213588e-08
3.395833333333333570e+01 -1.887622901732428351e-05 1.590657874962954086e-08
3.416666666666667140e+01 -1.800711007298833079e-05 1.574546060883917026e-08
3.437500000000000000e+01 -1.938992571608138987e-05 1.640548552863714624e-08
3.458333333333333570e+01 -1.928914402624448075e-05 1.737567250354293637e-08
3.479166666666667140e+01 -1.928657023719459614e-05 1.875382244054409230e-08
3.500000000000000000e+01 -2.081312893902272662e-05 1.976584128303702089e-08
3.520833333333333570e+01 -2.036457138948281057e-05 2.107704213877323021e-08
3.541666666666667140e+01 -2.147784533474053203e-05 2.308631346348899362e-08
3.562500000000000000e+01 -2.269164564622487573e-05 2.575479762465204988e-08
3.583333333333333570e+01 -2.228622727414818737e-05 2.673792282889063895e-08
3.604166666666667140e+01 -2.407505383241723861e-05 2.717652918103842755e-08
3.625000000000000000e+01 -2.425497097284856355e-05 2.814016199796122929e-08
3.645833333333333570e+01 -2.463559818751161337e-05 3.122869891349174548e-08
3.666666666666667140e+01 -2.672260404345621376e-05 3.511565610886529115e-08
3.687500000000000000e+01 -2.670901358734615764e-05 3.996558494146306715e-08
3.708333333333333570e+01 -2.828925681165061920e-05 4.427996606338765688e-08
3.729166666666667140e+01 -2.959678085511160148e-05 4.349261865405109004e-08
3.750000000000000000e+01 -2.951951889198434212e-05 4.922062630406931120e-08
3.770833333333333570e+01 -3.117939238298537768e-05 4.671347298474161271e-08
3.791666666666667140e+01 -3.160445184236573948e-05 4.745792483552655006e-08
3.812500000000000000e+01 -3.193099695916459059e-05 4.580619020353271413e-08
3.833333333333333570e+01 -3.413832364150116934e-05 4.741709766563494695e-08
3.854166666666667140e+01 -3.376212373911172333e-05 4.819986204385111786e-08
3.875000000000000000e+01 -3.538518100738770208e-05 5.377038756365350078e-08
3.895833333333333570e+01 -3.667812444811735571e-05 5.234985072303980502e-08
3.916666666666667140e+01 -3.710966241532957918e-05 5.585636598459587029e-08
3.937500000000000000e+01 -3.986774781629130916e-05 5.999981074099765078e-08
3.958333333333333570e+01 -4.149633994510817269e-05 6.878929554999197188e-08
3.979166666666667140e+01 -4.253652451968750422e-05 7.185700196007184638e-08
4.000000000000000000e+01 -4.575884907264355175e-05 8.582218352324584290e-08
4.020833333333333570e+01 -4.520073838307368585e-05 8.953998947174608583e-08
4.041666666666667140e+01 -4.674990082861562300e-05 1.093137989512428322e-07
4.062500000000000000e+01 -4.832789999156269996e-05 1.298447752927759457e-07
4.083333333333333570e+01 -4.917687143481888222e-05 1.274649139294820613e-07
4.104166666666667140e+01 -5.267881749853464560e-05 1.371958709084993602e-07
4.125000000000000000e+01 -5.527049232463673769e-05 1.300612898189589189e-07
4.145833333333333570e+01 -5.664985565260645948e-05 1.089365750539847166e-07
4.166666666666667140e+01 -6.043213445243497803e-05 1.059779689723606841e-07
4.187500000000000000e+01 -6.187720670017463997e-05 1.064800851939370625e-07
4.208333333333333570e+01 -6.618262006007642870e-05 1.158802998236944387e-07
4.229166666666667140e+01 -7.072164414680053132e-05 1.336302751804688706e-07
4.250000000000000000e+01 -7.295215406431305354e-05 1.554721414670066518e-07
4.270833333333333570e+01 -7.914624315843721010e-05 1.869138354360793874e-07
4.291666666666667140e+01 -8.317902303150926031e-05 2.082220410706104530e-07
4.312500000000000000e+01 -8.971146547448611284e-05 2.049293020294292120e-07
4.333333333333333570e+01 -9.910706272222542877e-05 2.406173493581410533e-07
4.354166666666667140e+01 -1.041018040715579237e-04 2.783619318705008182e-07
4.375000000000000000e+01 -1.082348314269921351e-04 2.596858699306026089e-07
4.395833333333333570e+01 -1.120739241089545020e-04 2.655119679923551490e-07
4.416666666666667140e+01 -1.174964713312933183e-04 2.984879998404728512e-07
4.437500000000000000e+01 -1.274317281203268153e-04 3.299375094300876677e-07
4.458333333333333570e+01 -1.374147134496516614e-04 4.240543309887768958e-07
4.479166666666667140e+01 -1.441874820290625192e-04 5.065120068109385157e-07
4.500000000000000000e+01 -1.547389985167387427e-04 5.695390053961025107e-07
4.520833333333333570e+01 -1.757018243447246197e-04 5.764271232908323889e-07
4.541666666666667140e+01 -2.041257346343004287e-04 7.031341594798259759e-07
4.562500000000000000e+01 -2.316692306791539951e-04 8.732246422018879579e-07
4.583333333333333570e+01 -2.439649930534183297e-04 9.170554039262078511e-07
4.604166666666667140e+01 -2.617377766400109333e-04 1.024694226808971234e-06
4.625000000000000000e+01 -2.613531482837442004e-04 9.482719352144610513e-07
4.645833333333333570e+01 -2.725880532174603725e-04 9.443111056715244928e-07
4.666666666666667140e+01 -2.910409376175022533e-04 1.085612538605816373e-06
4.687500000000000000e+01 -3.128302106229964726e-04 1.240083809627149359e-06
4.708333333333333570e+01 -3.410269719694020152e-04 1.419226237661195287e-06
4.729166666666667140e+01 -3.951545216013970484e-04 2.001940567949993333e-06
4.750000000000000000e+01 -4.491059809082861192e-04 2.589450316155133367e-06
4.770833333333333570e+01 -5.304408978347461895e-04 3.699420668058492823e-06
4.791666666666667140e+01 -6.240031885921424812e-04 4.982746954534173309e-06
4.812500000000000000e+01 -6.515967109454607600e-04 5.014621979315082306e-06
4.833333333333333570e+01 -7.170692735692605355e-04 5.752280604711589325e-06
4.854166666666667140e+01 -7.535318080177788721e-04 5.977064585748770862e-06
4.875000000000000000e+01 -7.725056488606645705e-04 5.862049026218457969e-06
4.895833333333333570e+01 -8.941748991718130373e-04 7.502933068874049782e-06
4.916666666666667140e+01 -1.034228446187504796e-03 9.320728066272710227e-06
4.937500000000000000e+01 -1.113834707240696090e-03 9.739259268694017423e-06
4.958333333333333570e+01 -1.362895619313508498e-03 1.313981908958973744e-05
4.979166666666667140e+01 -1.549716374087188988e-03 1.538121992291177449e-05
5.000000000000000000e+01 -1.773162285310203633e-03 1.784662621358638530e-05
5.020833333333333570e+01 -1.842264937388828376e-03 1.741164833465785457e-05
5.041666666666667140e+01 -2.039805249095244001e-03 1.884907930603040317e-05
5.062500000000000000e+01 -1.960178705174415309e-03 1.552146251851806922e-05
5.083333333333333570e+01 -2.029504023363340893e-03 1.471282743313560645e-05
5.104166666666667140e+01 -2.219574186780210422e-03 1.592658370499742225e-05
5.125000000000000000e+01 -2.582454439322845550e-03 1.937415145150688157e-05
5.145833333333333570e+01 -2.750395386212745909e-03 1.954893773213601084e-05
5.166666666666667140e+01 -3.155424441577989007e-03 2.174750269983524340e-05
5.187500000000000000e+01 -3.474118939054479573e-03 1.767325044211532381e-05
5.208333333333333570e+01 -3.970378639738313641e-03 1.856397636227985891e-05
5.229166666666667140e+01 -4.320280845270472667e-03 2.028574215477364415e-05
5.250000000000000000e+01 -4.794051309889336976e-03 2.237290271344516464e-05
5.270833333333333570e+01 -4.984614013168289434e-03 2.115408528619875186e-05
5.291666666666667140e+01 -5.133687366266758735e-03 1.940651387109225084e-05
5.312500000000000000e+01 -5.206193347513789899e-03 1.775057063838806511e-05
5.333333333333333570e+01 -5.829594518443837782e-03 2.029782990021232862e-05
5.354166666666667140e+01 -6.397816849935751733e-03 2.192870667660915801e-05
5.375000000000000000e+01 -7.083939648146796685e-03 2.272017035886480455e-05
5.395833333333333570e+01 -8.207992885815215342e-03 2.600000185046200886e-05
5.416666666666667140e+01 -8.803803381104957290e-03 2.493293821200256216e-05
5.437500000000000000e+01 -9.579060027905305155e-03 2.544250998562672141e-05
5.458333333333333570e+01 -1.048455847082654588e-02 2.689430325131994995e-05
5.479166666666667140e+01 -1.132163683937443405e-02 2.604222820016110492e-05
5.500000000000000000e+01 -1.182473596600677572e-02 2.379723512994651489e-05
5.520833333333333570e+01 -1.228869593850468421e-02 2.183093748820997279e-05
5.541666666666667140e+01 -1.376448242597624709e-02 2.371833770166858921e-05
5.562500000000000000e+01 -1.538968006520437248e-02 2.569122119261442794e-05
5.583333333333333570e+01 -1.653904606416142786e-02 2.372883067202809102e-05
5.604166666666667140e+01 -1.827766704451792151e-02 2.468213652144358289e-05
5.625000000000000000e+01 -2.037349849055697035e-02 2.314939452527034429e-05
5.645833333333333570e+01 -2.304996872996221621e-02 2.415948648285889689e-05
5.666666666666667140e+01 -2.620173078250997642e-02 2.462280468519680124e-05
5.687500000000000000e+01 -2.965235676526510253e-02 2.428706201115127955e-05
5.708333333333333570e+01 -3.409039465915463668e-02 2.509767609041865254e-05
5.729166666666667140e+01 -3.909285753425273402e-02 2.587431052422744214e-05
5.750000000000000000e+01 -4.485981229851943031e-02 2.534336493782674108e-05
5.770833333333333570e+01 -5.189984571100648286e-02 2.531358465128659158e-05
5.791666666666667140e+01 -6.004223897498890683e-02 2.384765139732882851e-05
5.812500000000000000e+01 -7.021162264059967184e-02 2.301513792149141962e-05
5.833333333333333570e+01 -8.339548991059508865e-02 2.432832606016206001e-05
5.854166666666667140e+01 -1.002386008118568983e-01 2.474700318005118501e-05
5.875000000000000000e+01 -1.218413825306290943e-01 2.944873340092923393e-05
5.895833333333333570e+01 -1.495050120991914810e-01 3.380775253501880709e-05
5.916666666666667140e+01 -1.861055607013845092e-01 4.454960121952224303e-05
5.937500000000000000e+01 -2.339826024179229025e-01 6.266021860981750395e-05
5.958333333333333570e+01 -2.978445353596563261e-01 8.417476958706053905e-05
5.979166666666667140e+01 -3.836271140766615573e-01 8.857509211293560403e-05
6.000000000000000000e+01 -5.000000000000002220e-01 1.151069427130526864e-04
