0.000000000000000000e+00 -5.000000000000000000e-01 4.053026065321866072e-05
2.083333333333333426e-01 -4.477423212179115763e-01 3.519648942836074734e-05
4.166666666666666852e-01 -4.041316746506397051e-01 3.092180736967212580e-05
6.250000000000000000e-01 -3.675685201220024734e-01 2.745766279260693918e-05
8.333333333333333703e-01 -3.363155357573959781e-01 2.461253187560354818e-05
1.041666666666666741e+00 -3.095230335092370999e-01 2.226051611750776117e-05
1.250000000000000000e+00 -2.861930409679518950e-01 2.026620840254265147e-05
1.458333333333333481e+00 -2.659365347076119157e-01 1.861649598652989537e-05
1.666666666666666741e+00 -2.481307037443173935e-01 1.721552277321344816e-05
1.875000000000000000e+00 -2.323882149620477844e-01 1.602212491686587990e-05
2.083333333333333481e+00 -2.183856988625488826e-01 1.499597016642326963e-05
2.291666666666666963e+00 -2.058699992918176513e-01 1.411326526768141211e-05
2.500000000000000000e+00 -1.946415244349491147e-01 1.334245506244312654e-05
2.708333333333333481e+00 -1.845435117436664552e-01 1.261254566084381082e-05
2.916666666666666963e+00 -1.753426219171750899e-01 1.197384499054830853e-05
3.125000000000000000e+00 -1.669190513330531811e-01 1.141077877029360612e-05
3.333333333333333481e+00 -1.592249031433518591e-01 1.089427177542374414e-05
3.541666666666666963e+00 -1.521776449145701426e-01 1.043857877274419379e-05
3.750000000000000000e+00 -1.457491184758623048e-01 1.002796171146199642e-05
3.958333333333333481e+00 -1.398634859912988304e-01 9.673428372613521636e-06
4.166666666666666963e+00 -1.343948610802606081e-01 9.308320454639437209e-06
4.375000000000000000e+00 -1.293530618413941680e-01 8.949806997670402994e-06
4.583333333333333925e+00 -1.246284884453506270e-01 8.618129051157651622e-06
4.791666666666666963e+00 -1.202760662447401180e-01 8.327547574882206296e-06
5.000000000000000000e+00 -1.161820659418240087e-01 8.053362310589933586e-06
5.208333333333333925e+00 -1.123748482148582417e-01 7.815987153280886806e-06
5.416666666666666963e+00 -1.087240555394261426e-01 7.586582827499368262e-06
5.625000000000000000e+00 -1.053518133112761879e-01 7.378831321550700998e-06
5.833333333333333925e+00 -1.021645046775546822e-01 7.174673253768950443e-06
6.041666666666666963e+00 -9.917298102093551060e-02 6.987204507785884934e-06
6.250000000000000000e+00 -9.637149311797497953e-02 6.790641143315768484e-06
6.458333333333333925e+00 -9.376622637879164501e-02 6.619744246834322483e-06
6.666666666666666963e+00 -9.129565710189949113e-02 6.445984842934483655e-06
6.875000000000000000e+00 -8.894948617565759386e-02 6.275845755135284898e-06
7.083333333333333925e+00 -8.671103293712649485e-02 6.111553946747375792e-06
7.291666666666666963e+00 -8.460896617891661142e-02 5.960241609374062217e-06
7.500000000000000000e+00 -8.259593524664635145e-02 5.799931536679504431e-06
7.708333333333333925e+00 -8.063150745674266262e-02 5.646911751012358262e-06
7.916666666666666963e+00 -7.882719633216020427e-02 5.509934144454760710e-06
8.125000000000000000e+00 -7.707406522695911533e-02 5.369357980270506996e-06
8.333333333333333925e+00 -7.541456097720558582e-02 5.242074143831460328e-06
8.541666666666667851e+00 -7.382296195690458973e-02 5.136660329497790115e-06
8.750000000000000000e+00 -7.233668243157111155e-02 5.043911208188697024e-06
8.958333333333333925e+00 -7.088839714102498912e-02 4.960749573508582233e-06
9.166666666666667851e+00 -6.948668227832435762e-02 4.873376999347623910e-06
9.375000000000000000e+00 -6.814268387034629060e-02 4.774925351549668445e-06
9.583333333333333925e+00 -6.685942623723850620e-02 4.701243786218369539e-06
9.791666666666667851e+00 -6.563000178749509028e-02 4.633262712541392559e-06
1.000000000000000000e+01 -6.446235435084796128e-02 4.562579767715039094e-06
1.020833333333333393e+01 -6.337941549447610734e-02 4.501090348652451816e-06
1.041666666666666785e+01 -6.235448898678325191e-02 4.438913445669146219e-06
1.062500000000000000e+01 -6.134722282573100427e-02 4.372145939390416885e-06
1.083333333333333393e+01 -6.035002393617268368e-02 4.304199711740746961e-06
1.104166666666666785e+01 -5.939896614503757666e-02 4.244785207649982397e-06
1.125000000000000000e+01 -5.844569143064531902e-02 4.192986721444160285e-06
1.145833333333333393e+01 -5.755209184157702301e-02 4.139930334855218761e-06
1.166666666666666785e+01 -5.670793728948810009e-02 4.083944749041862481e-06
1.187500000000000000e+01 -5.587881156415419603e-02 4.034688066856516545e-06
1.208333333333333393e+01 -5.507914208330667860e-02 3.988312094131199934e-06
1.229166666666666785e+01 -5.429359074089923354e-02 3.935386007255397590e-06
1.250000000000000000e+01 -5.351743360879478162e-02 3.880714599607742837e-06
1.270833333333333393e+01 -5.280508841554056726e-02 3.817680955904172460e-06
1.291666666666666785e+01 -5.211679650420863313e-02 3.769781197331910045e-06
1.312500000000000000e+01 -5.145890361243836419e-02 3.732802431241980476e-06
1.333333333333333393e+01 -5.079600867643251083e-02 3.679657796106201317e-06
1.354166666666666785e+01 -5.014654668510917790e-02 3.628181838973049239e-06
1.375000000000000000e+01 -4.951845734904731372e-02 3.578655913670581785e-06
1.395833333333333393e+01 -4.892087820281831867e-02 3.534302504305923274e-06
1.416666666666666785e+01 -4.833891938549295109e-02 3.493620938625203734e-06
1.437500000000000000e+01 -4.780213110641302887e-02 3.466983990548036836e-06
1.458333333333333393e+01 -4.727996591043477637e-02 3.447531685231879589e-06
1.479166666666666785e+01 -4.675557142509903508e-02 3.420175965805914413e-06
1.500000000000000000e+01 -4.626996332844214577e-02 3.393756078298999809e-06
1.520833333333333393e+01 -4.581265514241411596e-02 3.369939781739707850e-06
1.541666666666666785e+01 -4.535974059155754162e-02 3.348814452725735643e-06
1.562500000000000000e+01 -4.493461007752076047e-02 3.330101442717512753e-06
1.583333333333333393e+01 -4.452316222280608415e-02 3.295741800361744969e-06
1.604166666666666785e+01 -4.407974084289804917e-02 3.250862824534346825e-06
1.625000000000000000e+01 -4.367006947487285518e-02 3.214885270938202126e-06
1.645833333333333570e+01 -4.328101303529984650e-02 3.184931726324019629e-06
1.666666666666666785e+01 -4.287712115353488340e-02 3.150413446423377360e-06
1.687500000000000000e+01 -4.246623802239611611e-02 3.126554336856092184e-06
1.708333333333333570e+01 -4.207327540002422928e-02 3.102029204399193673e-06
1.729166666666666785e+01 -4.168775539811059999e-02 3.065809559810675742e-06
1.750000000000000000e+01 -4.129650697306701257e-02 3.022024004293118581e-06
1.770833333333333570e+01 -4.094162776079986188e-02 3.004803897806137841e-06
1.791666666666666785e+01 -4.059538494286975274e-02 2.990290513646048737e-06
1.812500000000000000e+01 -4.026684829679588740e-02 2.975601567298282027e-06
1.833333333333333570e+01 -3.994547681629852243e-02 2.951245803107586349e-06
1.854166666666666785e+01 -3.962797068938223033e-02 2.931926416960169383e-06
1.875000000000000000e+01 -3.931792282806804983e-02 2.903585789769494327e-06
1.895833333333333570e+01 -3.902090833887321419e-02 2.876498461039087750e-06
1.916666666666666785e+01 -3.873911639489795167e-02 2.860072845317018608e-06
1.937500000000000000e+01 -3.847017577443409553e-02 2.837383968918360329e-06
1.958333333333333570e+01 -3.821009294804179890e-02 2.821449700376164023e-06
1.979166666666666785e+01 -3.795401494091063532e-02 2.796981290266921433e-06
2.000000000000000000e+01 -3.773940592643652836e-02 2.783848455888959004e-06
2.020833333333333570e+01 -3.753297414599757187e-02 2.778878289810730915e-06
2.041666666666666785e+01 -3.731698203760983740e-02 2.768332469066414342e-06
2.062500000000000000e+01 -3.711599455252195812e-02 2.763598855669736960e-06
2.083333333333333570e+01 -3.691815454971869581e-02 2.747813622224788829e-06
2.104166666666666785e+01 -3.672168303865704780e-02 2.738451217496939494e-06
2.125000000000000000e+01 -3.654446131493061661e-02 2.739366233308064816e-06
2.145833333333333570e+01 -3.634819568853824706e-02 2.726555325115850297e-06
2.166666666666666785e+01 -3.617941129148204149e-02 2.721558080589474682e-06
2.187500000000000000e+01 -3.600341485905404759e-02 2.703013180494794458e-06
2.208333333333333570e+01 -3.584043623303520554e-02 2.676863139433949333e-06
2.229166666666666785e+01 -3.567376679512480886e-02 2.654231099693964969e-06
2.250000000000000000e+01 -3.549424947015498988e-02 2.628808483839399164e-06
2.270833333333333570e+01 -3.533055409025069593e-02 2.611308711032986677e-06
2.291666666666666785e+01 -3.515736669846133977e-02 2.601228974816881159e-06
2.312500000000000000e+01 -3.499372561809917931e-02 2.598082006988800751e-06
2.333333333333333570e+01 -3.482897900826939508e-02 2.599964997524367674e-06
2.354166666666666785e+01 -3.464968531185705358e-02 2.589746029328918094e-06
2.375000000000000000e+01 -3.447415414203676420e-02 2.569343898233891534e-06
2.395833333333333570e+01 -3.431106416688683991e-02 2.552124726294629191e-06
2.416666666666666785e+01 -3.413010596248981787e-02 2.524304315956879357e-06
2.437500000000000000e+01 -3.398102562260463949e-02 2.502937588070500011e-06
2.458333333333333570e+01 -3.385132646715445504e-02 2.494102076092060080e-06
2.479166666666666785e+01 -3.374395814951225425e-02 2.493959557328659696e-06
2.500000000000000000e+01 -3.363934602878114466e-02 2.499549239429433797e-06
2.520833333333333570e+01 -3.355308690942309519e-02 2.510663752534349638e-06
2.541666666666666785e+01 -3.345345052302635402e-02 2.516690340054310569e-06
2.562500000000000000e+01 -3.336766971271427906e-02 2.517818564286406253e-06
2.583333333333333570e+01 -3.328451008467521455e-02 2.520126085785661480e-06
2.604166666666666785e+01 -3.319974806447458654e-02 2.507693861428967773e-06
2.625000000000000000e+01 -3.310980750449102339e-02 2.502173212393243698e-06
2.645833333333333570e+01 -3.303515595408807598e-02 2.495946287357936626e-06
2.666666666666666785e+01 -3.296668757567607078e-02 2.504266927053308747e-06
2.687500000000000000e+01 -3.289715800114442756e-02 2.515566124377150354e-06
2.708333333333333570e+01 -3.282382465450930931e-02 2.532483139073078437e-06
2.729166666666666785e+01 -3.276660167705688909e-02 2.549579084888669331e-06
2.750000000000000000e+01 -3.271281480638439654e-02 2.560652926530343868e-06
2.770833333333333570e+01 -3.267948496017748783e-02 2.570530961829358091e-06
2.791666666666666785e+01 -3.261787883747217093e-02 2.578744419903907673e-06
2.812500000000000000e+01 -3.256740633524727452e-02 2.593136055914395600e-06
2.833333333333333570e+01 -3.253181660060124741e-02 2.611658359845747314e-06
2.854166666666666785e+01 -3.250564906722556990e-02 2.631753732397811806e-06
2.875000000000000000e+01 -3.248610406234321568e-02 2.657990165566442705e-06
2.895833333333333570e+01 -3.247095834478229415e-02 2.678317788466511430e-06
2.916666666666666785e+01 -3.247777888282402103e-02 2.704591957073392710e-06
2.937500000000000000e+01 -3.247912286475151955e-02 2.723075206220265283e-06
2.958333333333333570e+01 -3.249598564186438610e-02 2.746477622214320740e-06
2.979166666666666785e+01 -3.251328388959944665e-02 2.760954157967507663e-06
3.000000000000000000e+01 -3.251891953200679308e-02 2.762659422351894979e-06
3.020833333333333570e+01 -3.251328388959950910e-02 2.760954157967498769e-06
3.041666666666666785e+01 -3.249598564186427507e-02 2.746477622214301258e-06
3.062500000000000000e+01 -3.247912286475151955e-02 2.723075206220265283e-06
3.083333333333333570e+01 -3.247777888282401410e-02 2.704591957073394828e-06
3.104166666666666785e+01 -3.247095834478229415e-02 2.678317788466511006e-06
3.125000000000000000e+01 -3.248610406234320874e-02 2.657990165566456681e-06
3.145833333333333570e+01 -3.250564906722561154e-02 2.631753732397827476e-06
3.166666666666666785e+01 -3.253181660060124741e-02 2.611658359845749855e-06
3.187500000000000000e+01 -3.256740633524717043e-02 2.593136055914404493e-06
3.208333333333333570e+01 -3.261787883747217787e-02 2.578744419903919108e-06
3.229166666666667140e+01 -3.267948496017738375e-02 2.570530961829374608e-06
3.250000000000000000e+01 -3.271281480638429939e-02 2.560652926530320151e-06
3.270833333333333570e+01 -3.276660167705708337e-02 2.549579084888664673e-06
3.291666666666667140e+01 -3.282382465450930931e-02 2.532483139073073355e-06
3.312500000000000000e+01 -3.289715800114452471e-02 2.515566124377185930e-06
3.333333333333333570e+01 -3.296668757567597363e-02 2.504266927053306206e-06
3.354166666666667140e+01 -3.303515595408806904e-02 2.495946287357953566e-06
3.375000000000000000e+01 -3.310980750449102339e-02 2.502173212393229298e-06
3.395833333333333570e+01 -3.319974806447459348e-02 2.507693861428948715e-06
3.416666666666667140e+01 -3.328451008467526312e-02 2.520126085785675880e-06
3.437500000000000000e+01 -3.336766971271418192e-02 2.517818564286413453e-06
3.458333333333333570e+01 -3.345345052302642341e-02 2.516690340054312687e-06
3.479166666666667140e+01 -3.355308690942308825e-02 2.510663752534347097e-06
3.500000000000000000e+01 -3.363934602878108915e-02 2.499549239429440573e-06
3.520833333333333570e+01 -3.374395814951232364e-02 2.493959557328657155e-06
3.541666666666667140e+01 -3.385132646715446891e-02 2.494102076092052880e-06
3.562500000000000000e+01 -3.398102562260443826e-02 2.502937588070488153e-06
3.583333333333333570e+01 -3.413010596248981787e-02 2.524304315956893757e-06
3.604166666666667140e+01 -3.431106416688674970e-02 2.552124726294617332e-06
3.625000000000000000e+01 -3.447415414203673645e-02 2.569343898233875017e-06
3.645833333333333570e+01 -3.464968531185710909e-02 2.589746029328957481e-06
3.666666666666667140e+01 -3.482897900826928406e-02 2.599964997524374874e-06
3.687500000000000000e+01 -3.499372561809900584e-02 2.598082006988819386e-06
3.708333333333333570e+01 -3.515736669846135365e-02 2.601228974816870147e-06
3.729166666666667140e+01 -3.533055409025054328e-02 2.611308711032984136e-06
3.750000000000000000e+01 -3.549424947015500376e-02 2.628808483839403399e-06
3.770833333333333570e+01 -3.567376679512491988e-02 2.654231099693964969e-06
3.791666666666667140e+01 -3.584043623303515697e-02 2.676863139433942557e-06
3.812500000000000000e+01 -3.600341485905406147e-02 2.703013180494761424e-06
3.833333333333333570e+01 -3.617941129148208312e-02 2.721558080589487811e-06
3.854166666666667140e+01 -3.634819568853821237e-02 2.726555325115812604e-06
3.875000000000000000e+01 -3.654446131493060967e-02 2.739366233308069051e-06
3.895833333333333570e+01 -3.672168303865703393e-02 2.738451217496954741e-06
3.916666666666667140e+01 -3.691815454971868193e-02 2.747813622224813393e-06
3.937500000000000000e+01 -3.711599455252199975e-02 2.763598855669737807e-06
3.958333333333333570e+01 -3.731698203760988597e-02 2.768332469066414342e-06
3.979166666666667140e+01 -3.753297414599766901e-02 2.778878289810733032e-06
4.000000000000000000e+01 -3.773940592643652836e-02 2.783848455888948416e-06
4.020833333333333570e+01 -3.795401494091069083e-02 2.796981290266887552e-06
4.041666666666667140e+01 -3.821009294804174339e-02 2.821449700376159788e-06
4.062500000000000000e+01 -3.847017577443415104e-02 2.837383968918369223e-06
4.083333333333333570e+01 -3.873911639489800718e-02 2.860072845317018608e-06
4.104166666666667140e+01 -3.902090833887325583e-02 2.876498461039106384e-06
4.125000000000000000e+01 -3.931792282806793881e-02 2.903585789769451128e-06
4.145833333333333570e+01 -3.962797068938228584e-02 2.931926416960152866e-06
4.166666666666667140e+01 -3.994547681629861957e-02 2.951245803107647335e-06
4.187500000000000000e+01 -4.026684829679581801e-02 2.975601567298298120e-06
4.208333333333333570e+01 -4.059538494286973886e-02 2.990290513646064831e-06
4.229166666666667140e+01 -4.094162776079968147e-02 3.004803897806149699e-06
4.250000000000000000e+01 -4.129650697306701257e-02 3.022024004293108840e-06
4.270833333333333570e+01 -4.168775539811070407e-02 3.065809559810652872e-06
4.291666666666667140e+01 -4.207327540002413907e-02 3.102029204399156404e-06
4.312500000000000000e+01 -4.246623802239624795e-02 3.126554336856143853e-06
4.333333333333333570e+01 -4.287712115353498749e-02 3.150413446423386254e-06
4.354166666666667140e+01 -4.328101303529977018e-02 3.184931726324034029e-06
4.375000000000000000e+01 -4.367006947487270252e-02 3.214885270938254218e-06
4.395833333333333570e+01 -4.407974084289809774e-02 3.250862824534390447e-06
4.416666666666667140e+01 -4.452316222280601477e-02 3.295741800361770804e-06
4.437500000000000000e+01 -4.493461007752075353e-02 3.330101442717530964e-06
4.458333333333333570e+01 -4.535974059155761795e-02 3.348814452725692444e-06
4.479166666666667140e+01 -4.581265514241404657e-02 3.369939781739711238e-06
4.500000000000000000e+01 -4.626996332844218046e-02 3.393756078299014208e-06
4.520833333333333570e+01 -4.675557142509896569e-02 3.420175965805931777e-06
4.541666666666667140e+01 -4.727996591043477637e-02 3.447531685231887213e-06
4.562500000000000000e+01 -4.780213110641307050e-02 3.466983990548030060e-06
4.583333333333333570e+01 -4.833891938549284700e-02 3.493620938625220674e-06
4.604166666666667140e+01 -4.892087820281840194e-02 3.534302504305984260e-06
4.625000000000000000e+01 -4.951845734904729984e-02 3.578655913670591526e-06
4.645833333333333570e+01 -5.014654668510916402e-02 3.628181838973082274e-06
4.666666666666667140e+01 -5.079600867643251083e-02 3.679657796106207246e-06
4.687500000000000000e+01 -5.145890361243830868e-02 3.732802431241964383e-06
4.708333333333333570e+01 -5.211679650420868171e-02 3.769781197331906657e-06
4.729166666666667140e+01 -5.280508841554043542e-02 3.817680955904125873e-06
4.750000000000000000e+01 -5.351743360879487182e-02 3.880714599607776719e-06
4.770833333333333570e+01 -5.429359074089946946e-02 3.935386007255385732e-06
4.791666666666667140e+01 -5.507914208330649819e-02 3.988312094131164358e-06
4.812500000000000000e+01 -5.587881156415439032e-02 4.034688066856462335e-06
4.833333333333333570e+01 -5.670793728948814866e-02 4.083944749041865022e-06
4.854166666666667140e+01 -5.755209184157697444e-02 4.139930334855193350e-06
4.875000000000000000e+01 -5.844569143064516636e-02 4.192986721444158591e-06
4.895833333333333570e+01 -5.939896614503768768e-02 4.244785207649999338e-06
4.916666666666667140e+01 -6.035002393617274613e-02 4.304199711740744420e-06
4.937500000000000000e+01 -6.134722282573092100e-02 4.372145939390373686e-06
4.958333333333333570e+01 -6.235448898678330742e-02 4.438913445669157231e-06
4.979166666666667140e+01 -6.337941549447592693e-02 4.501090348652484003e-06
5.000000000000000000e+01 -6.446235435084793353e-02 4.562579767714991660e-06
5.020833333333333570e+01 -6.563000178749493763e-02 4.633262712541454392e-06
5.041666666666667140e+01 -6.685942623723833966e-02 4.701243786218369539e-06
5.062500000000000000e+01 -6.814268387034611019e-02 4.774925351549678609e-06
5.083333333333333570e+01 -6.948668227832445476e-02 4.873376999347613745e-06
5.104166666666667140e+01 -7.088839714102496137e-02 4.960749573508612726e-06
5.125000000000000000e+01 -7.233668243157109767e-02 5.043911208188691942e-06
5.145833333333333570e+01 -7.382296195690468688e-02 5.136660329497818914e-06
5.166666666666667140e+01 -7.541456097720544705e-02 5.242074143831482351e-06
5.187500000000000000e+01 -7.707406522695878226e-02 5.369357980270520549e-06
5.208333333333333570e+01 -7.882719633216025978e-02 5.509934144454786968e-06
5.229166666666667140e+01 -8.063150745674253772e-02 5.646911751012310828e-06
5.250000000000000000e+01 -8.259593524664632369e-02 5.799931536679533230e-06
5.270833333333333570e+01 -8.460896617891683347e-02 5.960241609374030876e-06
5.291666666666667140e+01 -8.671103293712642546e-02 6.111553946747348687e-06
5.312500000000000000e+01 -8.894948617565748283e-02 6.275845755135291674e-06
5.333333333333333570e+01 -9.129565710189936623e-02 6.445984842934445538e-06
5.354166666666667140e+01 -9.376622637879179767e-02 6.619744246834314859e-06
5.375000000000000000e+01 -9.637149311797499340e-02 6.790641143315704110e-06
5.395833333333333570e+01 -9.917298102093557999e-02 6.987204507785989119e-06
5.416666666666667140e+01 -1.021645046775546128e-01 7.174673253768943667e-06
5.437500000000000000e+01 -1.053518133112761601e-01 7.378831321550700998e-06
5.458333333333333570e+01 -1.087240555394260733e-01 7.586582827499344545e-06
5.479166666666667140e+01 -1.123748482148580058e-01 7.815987153280961344e-06
5.500000000000000000e+01 -1.161820659418242863e-01 8.053362310589826860e-06
5.520833333333333570e+01 -1.202760662447401596e-01 8.327547574882241871e-06
5.541666666666667140e+01 -1.246284884453504882e-01 8.618129051157629600e-06
5.562500000000000000e+01 -1.293530618413941402e-01 8.949806997670401300e-06
5.583333333333333570e+01 -1.343948610802608579e-01 9.308320454639394857e-06
5.604166666666667140e+01 -1.398634859912988304e-01 9.673428372613552130e-06
5.625000000000000000e+01 -1.457491184758620828e-01 1.002796171146208451e-05
5.645833333333333570e+01 -1.521776449145705867e-01 1.043857877274402778e-05
5.666666666666667140e+01 -1.592249031433516648e-01 1.089427177542372720e-05
5.687500000000000000e+01 -1.669190513330530978e-01 1.141077877029364001e-05
5.708333333333333570e+01 -1.753426219171752010e-01 1.197384499054833225e-05
5.729166666666667140e+01 -1.845435117436662886e-01 1.261254566084385486e-05
5.750000000000000000e+01 -1.946415244349491980e-01 1.334245506244308250e-05
5.770833333333333570e+01 -2.058699992918175958e-01 1.411326526768127489e-05
5.791666666666667140e+01 -2.183856988625488826e-01 1.499597016642326963e-05
5.812500000000000000e+01 -2.323882149620476456e-01 1.602212491686579520e-05
5.833333333333333570e+01 -2.481307037443173935e-01 1.721552277321349559e-05
5.854166666666667140e+01 -2.659365347076120267e-01 1.861649598652993602e-05
5.875000000000000000e+01 -2.861930409679519505e-01 2.026620840254270568e-05
5.895833333333333570e+01 -3.095230335092372664e-01 2.226051611750786281e-05
5.916666666666667140e+01 -3.363155357573954785e-01 2.461253187560370742e-05
5.937500000000000000e+01 -3.675685201220026954e-01 2.745766279260682737e-05
5.958333333333333570e+01 -4.041316746506397051e-01 3.092180736967217324e-05
5.979166666666667140e+01 -4.477423212179113543e-01 3.519648942836061859e-05
6.000000000000000000e+01 -5.000000000000000000e-01 4.053026065321866072e-05
