0.000000000000000000e+00 -5.000000000000000000e-01 5.542604801809981223e-05
2.083333333333333426e-01 -4.347121628266666926e-01 4.684232090018864737e-05
4.166666666666666852e-01 -3.827468108222066845e-01 4.026831498872628594e-05
6.250000000000000000e-01 -3.408342920033010648e-01 3.524404223118377693e-05
8.333333333333333703e-01 -3.068204466886424453e-01 3.133736196498744444e-05
1.041666666666666741e+00 -2.789902817077866692e-01 2.829228926028453081e-05
1.250000000000000000e+00 -2.558071690450774982e-01 2.593255617642755339e-05
1.458333333333333481e+00 -2.362469648155662849e-01 2.404624848597244620e-05
1.666666666666666741e+00 -2.193697278736883582e-01 2.246494421434913039e-05
1.875000000000000000e+00 -2.049004832303621404e-01 2.110255581880794302e-05
2.083333333333333481e+00 -1.923666915658187315e-01 1.998771101985994292e-05
2.291666666666666963e+00 -1.814883277477079004e-01 1.904278095265343464e-05
2.500000000000000000e+00 -1.717896413196101923e-01 1.820388091077813518e-05
2.708333333333333481e+00 -1.633113941353054321e-01 1.747132563231614799e-05
2.916666666666666963e+00 -1.558639784120965932e-01 1.688632606240562915e-05
3.125000000000000000e+00 -1.491351457421156157e-01 1.640819704765521372e-05
3.333333333333333481e+00 -1.429377544249119114e-01 1.586038563885747052e-05
3.541666666666666963e+00 -1.372685182552763061e-01 1.537784840901348574e-05
3.750000000000000000e+00 -1.321594968473667753e-01 1.494648082586482166e-05
3.958333333333333481e+00 -1.273132088507125947e-01 1.449413011531219849e-05
4.166666666666666963e+00 -1.226397710389072193e-01 1.402836615010253889e-05
4.375000000000000000e+00 -1.183213874332649240e-01 1.354182456443096554e-05
4.583333333333333925e+00 -1.143836457739950963e-01 1.313382207461824910e-05
4.791666666666666963e+00 -1.107022051418758424e-01 1.280704628610937983e-05
5.000000000000000000e+00 -1.073135655320696658e-01 1.252217795029463956e-05
5.208333333333333925e+00 -1.041653939962444153e-01 1.222462202987317323e-05
5.416666666666666963e+00 -1.011251336417744451e-01 1.193351259488144696e-05
5.625000000000000000e+00 -9.818353475434835054e-02 1.165107798453067535e-05
5.833333333333333925e+00 -9.555320617806117856e-02 1.143487060867761078e-05
6.041666666666666963e+00 -9.305615856148530263e-02 1.121221566576780356e-05
6.250000000000000000e+00 -9.060163989253960937e-02 1.092556204179004955e-05
6.458333333333333925e+00 -8.830594231038067787e-02 1.069991459998365084e-05
6.666666666666666963e+00 -8.618401863222857617e-02 1.046674334000138000e-05
6.875000000000000000e+00 -8.416846065137950639e-02 1.023786862873110290e-05
7.083333333333333925e+00 -8.217633392563893080e-02 1.003791327636581865e-05
7.291666666666666963e+00 -8.030562273717423150e-02 9.852766727093183823e-06
7.500000000000000000e+00 -7.850465279250026795e-02 9.676937722854617158e-06
7.708333333333333925e+00 -7.675293608718532223e-02 9.504708973371422327e-06
7.916666666666666963e+00 -7.516770503047505436e-02 9.355849181127828134e-06
8.125000000000000000e+00 -7.366721240458715125e-02 9.253805284305622540e-06
8.333333333333333925e+00 -7.221635149812007104e-02 9.159112551709565011e-06
8.541666666666667851e+00 -7.084091861369964938e-02 9.056672842549806114e-06
8.750000000000000000e+00 -6.951580366030581104e-02 8.932794251457129971e-06
8.958333333333333925e+00 -6.826066004527175934e-02 8.817726857360131933e-06
9.166666666666667851e+00 -6.698631035696162028e-02 8.677912183598260429e-06
9.375000000000000000e+00 -6.573912583718874436e-02 8.484564354142518501e-06
9.583333333333333925e+00 -6.454653693458234365e-02 8.316462106421531334e-06
9.791666666666667851e+00 -6.340968193123475150e-02 8.215324103881162249e-06
1.000000000000000000e+01 -6.234622843715839635e-02 8.120565577569444771e-06
1.020833333333333393e+01 -6.124235248048860020e-02 7.996842084420767866e-06
1.041666666666666785e+01 -6.021008954998787605e-02 7.889597581405188625e-06
1.062500000000000000e+01 -5.924212193588512809e-02 7.770374413777408960e-06
1.083333333333333393e+01 -5.833735812876984783e-02 7.681151226056054241e-06
1.104166666666666785e+01 -5.746951188108791186e-02 7.588461405777783694e-06
1.125000000000000000e+01 -5.659848227830506506e-02 7.481652584360729130e-06
1.145833333333333393e+01 -5.582091756911107538e-02 7.408495028724055254e-06
1.166666666666666785e+01 -5.510131193874709399e-02 7.329700811682927062e-06
1.187500000000000000e+01 -5.438984142073013950e-02 7.287613135294904060e-06
1.208333333333333393e+01 -5.368133566064041406e-02 7.227033382117288416e-06
1.229166666666666785e+01 -5.299326059771782005e-02 7.128417899240943641e-06
1.250000000000000000e+01 -5.237059723071318257e-02 7.056144544549016149e-06
1.270833333333333393e+01 -5.174197553410259803e-02 7.015759795616302630e-06
1.291666666666666785e+01 -5.110528832622123624e-02 6.938643768598858537e-06
1.312500000000000000e+01 -5.047871280720540865e-02 6.849715216584531473e-06
1.333333333333333393e+01 -4.985228187601922767e-02 6.736473658477484070e-06
1.354166666666666785e+01 -4.922120474780423971e-02 6.675005951458570644e-06
1.375000000000000000e+01 -4.864527436433583457e-02 6.608700196419890544e-06
1.395833333333333393e+01 -4.809844716038592927e-02 6.543650949500043752e-06
1.416666666666666785e+01 -4.750357326300026078e-02 6.430443102298087998e-06
1.437500000000000000e+01 -4.693955244913473879e-02 6.355000921540202450e-06
1.458333333333333393e+01 -4.639655823067632967e-02 6.310871868655394307e-06
1.479166666666666785e+01 -4.587899712863974244e-02 6.276825675911275154e-06
1.500000000000000000e+01 -4.536327129256106927e-02 6.215395205608412860e-06
1.520833333333333393e+01 -4.488523753538495309e-02 6.169446660427121471e-06
1.541666666666666785e+01 -4.437197682267893240e-02 6.067015122774327987e-06
1.562500000000000000e+01 -4.383070971603512944e-02 5.963529937594791851e-06
1.583333333333333393e+01 -4.332348534679270058e-02 5.885939914237975172e-06
1.604166666666666785e+01 -4.288897004513921724e-02 5.843709825587076857e-06
1.625000000000000000e+01 -4.250769129328150348e-02 5.839552124285604618e-06
1.645833333333333570e+01 -4.212071436189174234e-02 5.815127658350387653e-06
1.666666666666666785e+01 -4.184123188550098460e-02 5.827195782632599813e-06
1.687500000000000000e+01 -4.152657401903124545e-02 5.843454573070005899e-06
1.708333333333333570e+01 -4.121384829655713733e-02 5.834393853410575539e-06
1.729166666666666785e+01 -4.091856249745157159e-02 5.837695207366296122e-06
1.750000000000000000e+01 -4.060738640984846298e-02 5.812728432809618722e-06
1.770833333333333570e+01 -4.029565731040143928e-02 5.759722842220407873e-06
1.791666666666666785e+01 -3.995945835431471277e-02 5.738944992982213437e-06
1.812500000000000000e+01 -3.960478425928851132e-02 5.706235107484077715e-06
1.833333333333333570e+01 -3.927981314750435271e-02 5.637310476810567013e-06
1.854166666666666785e+01 -3.897074655083669625e-02 5.589268899773873809e-06
1.875000000000000000e+01 -3.865765606030527324e-02 5.551369380258513826e-06
1.895833333333333570e+01 -3.839491228583707949e-02 5.523819205165938467e-06
1.916666666666666785e+01 -3.811613188341729519e-02 5.484797488251663420e-06
1.937500000000000000e+01 -3.781605933252321639e-02 5.424489834974605086e-06
1.958333333333333570e+01 -3.751488467881609890e-02 5.358834494081614403e-06
1.979166666666666785e+01 -3.730464129592214739e-02 5.321297979890576964e-06
2.000000000000000000e+01 -3.708486180040286573e-02 5.284562233450241939e-06
2.020833333333333570e+01 -3.690101767583818526e-02 5.261864052620322048e-06
2.041666666666666785e+01 -3.671086323120219264e-02 5.250163083559241814e-06
2.062500000000000000e+01 -3.651342762334469638e-02 5.225665486876680957e-06
2.083333333333333570e+01 -3.636196917921184768e-02 5.293991477067557598e-06
2.104166666666666785e+01 -3.623958363915658065e-02 5.308552767456513235e-06
2.125000000000000000e+01 -3.609447666166447355e-02 5.295441676153085251e-06
2.145833333333333570e+01 -3.589602278699172144e-02 5.233735156154481462e-06
2.166666666666666785e+01 -3.569451550206764051e-02 5.194738833377766685e-06
2.187500000000000000e+01 -3.550149181411984406e-02 5.179627745488086310e-06
2.208333333333333570e+01 -3.534090531347437725e-02 5.167453955782518702e-06
2.229166666666666785e+01 -3.514812136168574824e-02 5.139411740517587211e-06
2.250000000000000000e+01 -3.495536962023221284e-02 5.101053180223369525e-06
2.270833333333333570e+01 -3.479189868468927915e-02 5.077164124368964323e-06
2.291666666666666785e+01 -3.463074384234597625e-02 5.051666943580520276e-06
2.312500000000000000e+01 -3.451424041041079721e-02 5.054655594386325512e-06
2.333333333333333570e+01 -3.441592943280001593e-02 5.062587188678310055e-06
2.354166666666666785e+01 -3.430001887492332979e-02 5.045600397139055792e-06
2.375000000000000000e+01 -3.420503035725200314e-02 5.073295057163159248e-06
2.395833333333333570e+01 -3.407201925744454685e-02 5.057983793596003378e-06
2.416666666666666785e+01 -3.393641137034919542e-02 5.046088347108681986e-06
2.437500000000000000e+01 -3.386224373160033607e-02 5.054956345977137445e-06
2.458333333333333570e+01 -3.380404617655333871e-02 5.070548494678574116e-06
2.479166666666666785e+01 -3.369834992481895997e-02 5.028680476232443345e-06
2.500000000000000000e+01 -3.360474603570904467e-02 5.000374490753043647e-06
2.520833333333333570e+01 -3.351732342131521353e-02 4.965586222808415594e-06
2.541666666666666785e+01 -3.340908104139124479e-02 4.950547935079100386e-06
2.562500000000000000e+01 -3.334038766478829990e-02 4.949014843316067931e-06
2.583333333333333570e+01 -3.327698993909922187e-02 4.956948768366737961e-06
2.604166666666666785e+01 -3.322994139039569389e-02 5.003473880199357405e-06
2.625000000000000000e+01 -3.315101372157767956e-02 5.036703550069984353e-06
2.645833333333333570e+01 -3.305392196108567632e-02 5.063827224537612007e-06
2.666666666666666785e+01 -3.302479484387866454e-02 5.144969319407583847e-06
2.687500000000000000e+01 -3.298600748679995920e-02 5.193333805532835838e-06
2.708333333333333570e+01 -3.294628876115445609e-02 5.186538696634093941e-06
2.729166666666666785e+01 -3.291834282233780523e-02 5.149870106635296102e-06
2.750000000000000000e+01 -3.289332703831798765e-02 5.119002386511722678e-06
2.770833333333333570e+01 -3.291037066804526623e-02 5.174868594674757031e-06
2.791666666666666785e+01 -3.293553235437823856e-02 5.225268235848231334e-06
2.812500000000000000e+01 -3.292776127718649581e-02 5.276052325672047735e-06
2.833333333333333570e+01 -3.290455297980103555e-02 5.347751871757682271e-06
2.854166666666666785e+01 -3.290860329948945562e-02 5.450696087965114486e-06
2.875000000000000000e+01 -3.287172958409660672e-02 5.411220470777643898e-06
2.895833333333333570e+01 -3.280546002832020192e-02 5.358761479657319558e-06
2.916666666666666785e+01 -3.266418014398569242e-02 5.226183422701167351e-06
2.937500000000000000e+01 -3.255133923283218961e-02 5.148840835221076180e-06
2.958333333333333570e+01 -3.247570419218861332e-02 5.116850919269319659e-06
2.979166666666666785e+01 -3.244575898811433157e-02 5.115303704787152650e-06
3.000000000000000000e+01 -3.248069611505269988e-02 5.109677792985692542e-06
3.020833333333333570e+01 -3.244575898811438708e-02 5.115303704787158579e-06
3.041666666666666785e+01 -3.247570419218855087e-02 5.116850919269328129e-06
3.062500000000000000e+01 -3.255133923283219655e-02 5.148840835221069404e-06
3.083333333333333570e+01 -3.266418014398571323e-02 5.226183422701151257e-06
3.104166666666666785e+01 -3.280546002832020885e-02 5.358761479657321252e-06
3.125000000000000000e+01 -3.287172958409662060e-02 5.411220470777633733e-06
3.145833333333333570e+01 -3.290860329948934460e-02 5.450696087965124651e-06
3.166666666666666785e+01 -3.290455297980107718e-02 5.347751871757678035e-06
3.187500000000000000e+01 -3.292776127718634316e-02 5.276052325672029100e-06
3.208333333333333570e+01 -3.293553235437827326e-02 5.225268235848232181e-06
3.229166666666667140e+01 -3.291037066804537725e-02 5.174868594674750255e-06
3.250000000000000000e+01 -3.289332703831798765e-02 5.119002386511717596e-06
3.270833333333333570e+01 -3.291834282233786074e-02 5.149870106635280855e-06
3.291666666666667140e+01 -3.294628876115440752e-02 5.186538696634079542e-06
3.312500000000000000e+01 -3.298600748680008410e-02 5.193333805532852779e-06
3.333333333333333570e+01 -3.302479484387869924e-02 5.144969319407583847e-06
3.354166666666667140e+01 -3.305392196108566938e-02 5.063827224537606925e-06
3.375000000000000000e+01 -3.315101372157777671e-02 5.036703550069977577e-06
3.395833333333333570e+01 -3.322994139039568695e-02 5.003473880199339618e-06
3.416666666666667140e+01 -3.327698993909924963e-02 4.956948768366742196e-06
3.437500000000000000e+01 -3.334038766478829990e-02 4.949014843316048449e-06
3.458333333333333570e+01 -3.340908104139124479e-02 4.950547935079082599e-06
3.479166666666667140e+01 -3.351732342131531067e-02 4.965586222808418982e-06
3.500000000000000000e+01 -3.360474603570903773e-02 5.000374490753043647e-06
3.520833333333333570e+01 -3.369834992481895997e-02 5.028680476232426404e-06
3.541666666666667140e+01 -3.380404617655333177e-02 5.070548494678569034e-06
3.562500000000000000e+01 -3.386224373160034995e-02 5.054956345977122198e-06
3.583333333333333570e+01 -3.393641137034924399e-02 5.046088347108675210e-06
3.604166666666667140e+01 -3.407201925744460236e-02 5.057983793595993214e-06
3.625000000000000000e+01 -3.420503035725197538e-02 5.073295057163142307e-06
3.645833333333333570e+01 -3.430001887492328122e-02 5.045600397139043933e-06
3.666666666666667140e+01 -3.441592943279996736e-02 5.062587188678315984e-06
3.687500000000000000e+01 -3.451424041041067925e-02 5.054655594386347535e-06
3.708333333333333570e+01 -3.463074384234599012e-02 5.051666943580521970e-06
3.729166666666667140e+01 -3.479189868468925140e-02 5.077164124368950770e-06
3.750000000000000000e+01 -3.495536962023217120e-02 5.101053180223366984e-06
3.770833333333333570e+01 -3.514812136168574824e-02 5.139411740517592294e-06
3.791666666666667140e+01 -3.534090531347430786e-02 5.167453955782522090e-06
3.812500000000000000e+01 -3.550149181411982324e-02 5.179627745488090546e-06
3.833333333333333570e+01 -3.569451550206767521e-02 5.194738833377774308e-06
3.854166666666667140e+01 -3.589602278699181165e-02 5.233735156154475533e-06
3.875000000000000000e+01 -3.609447666166466784e-02 5.295441676153073393e-06
3.895833333333333570e+01 -3.623958363915657371e-02 5.308552767456513235e-06
3.916666666666667140e+01 -3.636196917921172278e-02 5.293991477067571151e-06
3.937500000000000000e+01 -3.651342762334475189e-02 5.225665486876664864e-06
3.958333333333333570e+01 -3.671086323120218570e-02 5.250163083559250284e-06
3.979166666666667140e+01 -3.690101767583824077e-02 5.261864052620311884e-06
4.000000000000000000e+01 -3.708486180040278246e-02 5.284562233450263962e-06
4.020833333333333570e+01 -3.730464129592220290e-02 5.321297979890576964e-06
4.041666666666667140e+01 -3.751488467881599481e-02 5.358834494081609321e-06
4.062500000000000000e+01 -3.781605933252321639e-02 5.424489834974605086e-06
4.083333333333333570e+01 -3.811613188341730907e-02 5.484797488251649868e-06
4.104166666666667140e+01 -3.839491228583708643e-02 5.523819205165948632e-06
4.125000000000000000e+01 -3.865765606030509283e-02 5.551369380258512132e-06
4.145833333333333570e+01 -3.897074655083666850e-02 5.589268899773861103e-06
4.166666666666667140e+01 -3.927981314750440822e-02 5.637310476810557696e-06
4.187500000000000000e+01 -3.960478425928841417e-02 5.706235107484082797e-06
4.208333333333333570e+01 -3.995945835431471971e-02 5.738944992982215978e-06
4.229166666666667140e+01 -4.029565731040129356e-02 5.759722842220407873e-06
4.250000000000000000e+01 -4.060738640984852543e-02 5.812728432809616181e-06
4.270833333333333570e+01 -4.091856249745162710e-02 5.837695207366292734e-06
4.291666666666667140e+01 -4.121384829655698467e-02 5.834393853410543352e-06
4.312500000000000000e+01 -4.152657401903142587e-02 5.843454573070014370e-06
4.333333333333333570e+01 -4.184123188550109562e-02 5.827195782632587955e-06
4.354166666666667140e+01 -4.212071436189174928e-02 5.815127658350368171e-06
4.375000000000000000e+01 -4.250769129328151041e-02 5.839552124285584290e-06
4.395833333333333570e+01 -4.288897004513921030e-02 5.843709825587077704e-06
4.416666666666667140e+01 -4.332348534679270058e-02 5.885939914237975172e-06
4.437500000000000000e+01 -4.383070971603503230e-02 5.963529937594797780e-06
4.458333333333333570e+01 -4.437197682267898791e-02 6.067015122774343234e-06
4.479166666666667140e+01 -4.488523753538493921e-02 6.169446660427089284e-06
4.500000000000000000e+01 -4.536327129256102764e-02 6.215395205608421331e-06
4.520833333333333570e+01 -4.587899712863965918e-02 6.276825675911279389e-06
4.541666666666667140e+01 -4.639655823067629498e-02 6.310871868655385837e-06
4.562500000000000000e+01 -4.693955244913475960e-02 6.355000921540205838e-06
4.583333333333333570e+01 -4.750357326300010813e-02 6.430443102298072751e-06
4.604166666666667140e+01 -4.809844716038599866e-02 6.543650949500047140e-06
4.625000000000000000e+01 -4.864527436433582763e-02 6.608700196419886309e-06
4.645833333333333570e+01 -4.922120474780405930e-02 6.675005951458575727e-06
4.666666666666667140e+01 -4.985228187601904726e-02 6.736473658477492541e-06
4.687500000000000000e+01 -5.047871280720531151e-02 6.849715216584515379e-06
4.708333333333333570e+01 -5.110528832622127093e-02 6.938643768598861925e-06
4.729166666666667140e+01 -5.174197553410246619e-02 7.015759795616284842e-06
4.750000000000000000e+01 -5.237059723071325890e-02 7.056144544549022926e-06
4.770833333333333570e+01 -5.299326059771782699e-02 7.128417899240952958e-06
4.791666666666667140e+01 -5.368133566064027529e-02 7.227033382117278252e-06
4.812500000000000000e+01 -5.438984142073018807e-02 7.287613135294903213e-06
4.833333333333333570e+01 -5.510131193874714950e-02 7.329700811682918592e-06
4.854166666666667140e+01 -5.582091756911104069e-02 7.408495028724061183e-06
4.875000000000000000e+01 -5.659848227830479445e-02 7.481652584360774023e-06
4.895833333333333570e+01 -5.746951188108810615e-02 7.588461405777781153e-06
4.916666666666667140e+01 -5.833735812876988253e-02 7.681151226056050853e-06
4.937500000000000000e+01 -5.924212193588511421e-02 7.770374413777419125e-06
4.958333333333333570e+01 -6.021008954998792462e-02 7.889597581405193708e-06
4.979166666666667140e+01 -6.124235248048841285e-02 7.996842084420764478e-06
5.000000000000000000e+01 -6.234622843715839635e-02 8.120565577569446465e-06
5.020833333333333570e+01 -6.340968193123472374e-02 8.215324103881148696e-06
5.041666666666667140e+01 -6.454653693458223263e-02 8.316462106421555051e-06
5.062500000000000000e+01 -6.573912583718868885e-02 8.484564354142538830e-06
5.083333333333333570e+01 -6.698631035696164804e-02 8.677912183598260429e-06
5.104166666666667140e+01 -6.826066004527168996e-02 8.817726857360142097e-06
5.125000000000000000e+01 -6.951580366030570002e-02 8.932794251457113030e-06
5.145833333333333570e+01 -7.084091861369962162e-02 9.056672842549814585e-06
5.166666666666667140e+01 -7.221635149811989063e-02 9.159112551709568399e-06
5.187500000000000000e+01 -7.366721240458690145e-02 9.253805284305636092e-06
5.208333333333333570e+01 -7.516770503047512375e-02 9.355849181127797641e-06
5.229166666666667140e+01 -7.675293608718514182e-02 9.504708973371437574e-06
5.250000000000000000e+01 -7.850465279250011530e-02 9.676937722854647651e-06
5.270833333333333570e+01 -8.030562273717435640e-02 9.852766727093192293e-06
5.291666666666667140e+01 -8.217633392563891692e-02 1.003791327636580679e-05
5.312500000000000000e+01 -8.416846065137933985e-02 1.023786862873112493e-05
5.333333333333333570e+01 -8.618401863222849291e-02 1.046674334000136645e-05
5.354166666666667140e+01 -8.830594231038077502e-02 1.069991459998366270e-05
5.375000000000000000e+01 -9.060163989253960937e-02 1.092556204179004277e-05
5.395833333333333570e+01 -9.305615856148541365e-02 1.121221566576778153e-05
5.416666666666667140e+01 -9.555320617806112304e-02 1.143487060867762434e-05
5.437500000000000000e+01 -9.818353475434815625e-02 1.165107798453067874e-05
5.458333333333333570e+01 -1.011251336417743202e-01 1.193351259488144188e-05
5.479166666666667140e+01 -1.041653939962442210e-01 1.222462202987318170e-05
5.500000000000000000e+01 -1.073135655320698045e-01 1.252217795029460907e-05
5.520833333333333570e+01 -1.107022051418758424e-01 1.280704628610937305e-05
5.541666666666667140e+01 -1.143836457739950269e-01 1.313382207461819489e-05
5.562500000000000000e+01 -1.183213874332649240e-01 1.354182456443096046e-05
5.583333333333333570e+01 -1.226397710389073303e-01 1.402836615010255753e-05
5.604166666666667140e+01 -1.273132088507125392e-01 1.449413011531220527e-05
5.625000000000000000e+01 -1.321594968473665255e-01 1.494648082586482844e-05
5.645833333333333570e+01 -1.372685182552765282e-01 1.537784840901346202e-05
5.666666666666667140e+01 -1.429377544249116894e-01 1.586038563885742986e-05
5.687500000000000000e+01 -1.491351457421154769e-01 1.640819704765518662e-05
5.708333333333333570e+01 -1.558639784120966765e-01 1.688632606240559865e-05
5.729166666666667140e+01 -1.633113941353052934e-01 1.747132563231614460e-05
5.750000000000000000e+01 -1.717896413196102479e-01 1.820388091077812162e-05
5.770833333333333570e+01 -1.814883277477077617e-01 1.904278095265343464e-05
5.791666666666667140e+01 -1.923666915658187315e-01 1.998771101985996325e-05
5.812500000000000000e+01 -2.049004832303619461e-01 2.110255581880788543e-05
5.833333333333333570e+01 -2.193697278736882472e-01 2.246494421434914733e-05
5.854166666666667140e+01 -2.362469648155665070e-01 2.404624848597235811e-05
5.875000000000000000e+01 -2.558071690450774427e-01 2.593255617642755339e-05
5.895833333333333570e+01 -2.789902817077868358e-01 2.829228926028451725e-05
5.916666666666667140e+01 -3.068204466886419457e-01 3.133736196498753930e-05
5.937500000000000000e+01 -3.408342920033013979e-01 3.524404223118368206e-05
5.958333333333333570e+01 -3.827468108222066290e-01 4.026831498872634693e-05
5.979166666666667140e+01 -4.347121628266664151e-01 4.684232090018874224e-05
6.000000000000000000e+01 -5.000000000000000000e-01 5.542604801809981223e-05
