0.000000000000000000e+00 -5.000000000000002220e-01 1.372785856403418406e-04
2.083333333333333426e-01 -3.839522905298798361e-01 1.053415589838077072e-04
4.166666666666666852e-01 -2.982690657446965821e-01 9.394915232122132815e-05
6.250000000000000000e-01 -2.344873214276879392e-01 7.457212315311909459e-05
8.333333333333333703e-01 -1.865877835087709491e-01 5.510500883392748103e-05
1.041666666666666741e+00 -1.498218865239311359e-01 4.571162115902415628e-05
1.250000000000000000e+00 -1.221028735507917740e-01 4.484825182502659912e-05
1.458333333333333481e+00 -1.005898820067300387e-01 3.491462447309125720e-05
1.666666666666666741e+00 -8.378898134933220054e-02 2.790387659965177079e-05
1.875000000000000000e+00 -7.100373868553060130e-02 2.799577635318622505e-05
2.083333333333333481e+00 -6.060053262694542475e-02 2.809226293379891773e-05
2.291666666666666963e+00 -5.185403592345780993e-02 2.642744838195902645e-05
2.500000000000000000e+00 -4.469613392260463752e-02 2.688972071931675274e-05
2.708333333333333481e+00 -3.877269086685067312e-02 2.650027776292891626e-05
2.916666666666666963e+00 -3.361139152937992619e-02 2.480982243723289256e-05
3.125000000000000000e+00 -2.940914070623001225e-02 2.507831010408027194e-05
3.333333333333333481e+00 -2.587542851664130852e-02 2.517819985109105452e-05
3.541666666666666963e+00 -2.288295135984999215e-02 2.458089612613428788e-05
3.750000000000000000e+00 -2.040808581383364573e-02 2.444136591083680217e-05
3.958333333333333481e+00 -1.812162110287528563e-02 2.537101294644593575e-05
4.166666666666666963e+00 -1.641492585821820518e-02 2.442287587339413843e-05
4.375000000000000000e+00 -1.541303641386950612e-02 2.716610797117518679e-05
4.583333333333333925e+00 -1.371692017894404585e-02 2.469873432185296116e-05
4.791666666666666963e+00 -1.219558175658246035e-02 2.252392295393047350e-05
5.000000000000000000e+00 -1.178098841298365167e-02 2.569572571143609161e-05
5.208333333333333925e+00 -1.120995232162141399e-02 2.679444460690725093e-05
5.416666666666666963e+00 -1.024727891416976795e-02 2.699359807390242497e-05
5.625000000000000000e+00 -9.134751235357955329e-03 2.451570323274975083e-05
5.833333333333333925e+00 -7.996596923103539700e-03 2.196061685792823537e-05
6.041666666666666963e+00 -6.771734476780341509e-03 1.775777492654322207e-05
6.250000000000000000e+00 -5.701230649247874920e-03 1.375077711345762989e-05
6.458333333333333925e+00 -5.009198623294402498e-03 1.185465610802711585e-05
6.666666666666666963e+00 -4.642967089151658726e-03 1.167322315361648744e-05
6.875000000000000000e+00 -4.173424877661035225e-03 1.094506617126305692e-05
7.083333333333333925e+00 -3.989505191747513661e-03 1.216823222638335402e-05
7.291666666666666963e+00 -3.680216818784782639e-03 1.209865125327400243e-05
7.500000000000000000e+00 -3.462764072091491750e-03 1.310960949589120238e-05
7.708333333333333925e+00 -3.207372778948131692e-03 1.288128090324243491e-05
7.916666666666666963e+00 -3.236844072330239026e-03 1.529711182749511221e-05
8.125000000000000000e+00 -3.001746965362866483e-03 1.701521524563366988e-05
8.333333333333333925e+00 -2.726963386194808554e-03 2.238536628795887709e-05
8.541666666666667851e+00 -2.399283583099151747e-03 2.046004765305445972e-05
8.750000000000000000e+00 -2.302190369266322346e-03 2.103462655464091906e-05
8.958333333333333925e+00 -2.037142317380103568e-03 1.739220949079331625e-05
9.166666666666667851e+00 -1.920309239341308092e-03 1.610213804296556345e-05
9.375000000000000000e+00 -1.927133741238596905e-03 1.732821920739533936e-05
9.583333333333333925e+00 -2.073075707818704868e-03 2.126212346666165587e-05
9.791666666666667851e+00 -1.852948899623536134e-03 1.897534664208798283e-05
1.000000000000000000e+01 -1.799388297906470615e-03 1.937134617747931269e-05
1.020833333333333393e+01 -1.502582848801800250e-03 1.524326827282773449e-05
1.041666666666666785e+01 -1.268068787366861830e-03 1.211078368223312554e-05
1.062500000000000000e+01 -1.009227501545701582e-03 8.481899418770083666e-06
1.083333333333333393e+01 -9.029796685221787387e-04 7.552715235778174267e-06
1.104166666666666785e+01 -7.589429567401064902e-04 5.609032576718766332e-06
1.125000000000000000e+01 -6.603799975861083388e-04 4.364981415471218569e-06
1.145833333333333393e+01 -5.858719779961488704e-04 3.557836046078961415e-06
1.166666666666666785e+01 -5.323110420158294479e-04 3.021298872250835592e-06
1.187500000000000000e+01 -4.832983671868539000e-04 2.500878706859840194e-06
1.208333333333333393e+01 -4.584037294449707571e-04 2.408384563221585624e-06
1.229166666666666785e+01 -4.087739375136429688e-04 1.844848997316992413e-06
1.250000000000000000e+01 -3.658354634668436892e-04 1.372971499247105428e-06
1.270833333333333393e+01 -3.407199914311993599e-04 1.110906536538853794e-06
1.291666666666666785e+01 -3.075774117570074639e-04 8.587788841207797972e-07
1.312500000000000000e+01 -2.834861712728972347e-04 7.743755886927837075e-07
1.333333333333333393e+01 -2.635018113286235033e-04 7.102047429460915873e-07
1.354166666666666785e+01 -2.515340166339117851e-04 7.137419864278986930e-07
1.375000000000000000e+01 -2.456210580284537990e-04 8.296008959742241902e-07
1.395833333333333393e+01 -2.513727017143206881e-04 9.649595317158338161e-07
1.416666666666666785e+01 -2.379145590431327084e-04 8.918610775840831454e-07
1.437500000000000000e+01 -2.258737282648560780e-04 8.806425622612816120e-07
1.458333333333333393e+01 -1.941783355380217752e-04 6.965446342637445038e-07
1.479166666666666785e+01 -1.647087553988586545e-04 5.692731868671251292e-07
1.500000000000000000e+01 -1.428980826935530681e-04 5.766147374162515821e-07
1.520833333333333393e+01 -1.317389083807017722e-04 5.012959629140978782e-07
1.541666666666666785e+01 -1.239359563475507780e-04 3.830054260257307608e-07
1.562500000000000000e+01 -1.157198554451395646e-04 2.839397426837874676e-07
1.583333333333333393e+01 -1.071076806256855484e-04 2.518022290965674774e-07
1.604166666666666785e+01 -1.033523595064987443e-04 2.202232816110272670e-07
1.625000000000000000e+01 -9.923235363790456503e-05 2.013460627458161580e-07
1.645833333333333570e+01 -9.547636290461825406e-05 1.900297180910994235e-07
1.666666666666666785e+01 -9.227934137902644898e-05 1.724567232650936728e-07
1.687500000000000000e+01 -8.485106010227965736e-05 1.520586870201128252e-07
1.708333333333333570e+01 -8.047409927816517243e-05 1.532986039693421930e-07
1.729166666666666785e+01 -7.724545672551566663e-05 1.454055571656121528e-07
1.750000000000000000e+01 -7.079801299116311297e-05 1.232221326080744631e-07
1.770833333333333570e+01 -6.851639273572053762e-05 1.106128755996784775e-07
1.791666666666666785e+01 -6.431710772960410130e-05 9.920882945777902277e-08
1.812500000000000000e+01 -6.022291006987524745e-05 9.201076016856125596e-08
1.833333333333333570e+01 -5.884524609624079434e-05 9.409076767754245566e-08
1.854166666666666785e+01 -5.489304312632781722e-05 9.858365688543824237e-08
1.875000000000000000e+01 -5.336299002390741328e-05 1.194426557233807338e-07
1.895833333333333570e+01 -5.092355110370487369e-05 1.287713595006676101e-07
1.916666666666666785e+01 -4.771206459554525514e-05 1.196748130485086252e-07
1.937500000000000000e+01 -4.674696388984785078e-05 1.213282798268833495e-07
1.958333333333333570e+01 -4.512075862905200847e-05 1.010651510485939002e-07
1.979166666666666785e+01 -4.340394146573077131e-05 8.071276760881689984e-08
2.000000000000000000e+01 -4.403077203397382953e-05 7.634870604459708856e-08
2.020833333333333570e+01 -4.086697110523155924e-05 6.332270754543883269e-08
2.041666666666666785e+01 -3.962186985246304112e-05 5.928379028910149937e-08
2.062500000000000000e+01 -3.788638098170407311e-05 4.901283329633613750e-08
2.083333333333333570e+01 -3.500756049125030754e-05 4.169455705181756302e-08
2.104166666666666785e+01 -3.484110028264015023e-05 4.006447517552188592e-08
2.125000000000000000e+01 -3.344391435932289423e-05 4.032062149809883884e-08
2.145833333333333570e+01 -3.226675450158098327e-05 3.859537188554929393e-08
2.166666666666666785e+01 -3.258182788822086708e-05 3.917310270229877539e-08
2.187500000000000000e+01 -3.048194416403637755e-05 3.704967790841869268e-08
2.208333333333333570e+01 -2.998086646689365075e-05 3.622244255223089915e-08
2.229166666666666785e+01 -2.959025857773900684e-05 3.590262284821828307e-08
2.250000000000000000e+01 -2.738508152539030301e-05 3.222565442558099308e-08
2.270833333333333570e+01 -2.777520945740505153e-05 3.180510358958941502e-08
2.291666666666666785e+01 -2.657028234768360893e-05 3.341106789279443697e-08
2.312500000000000000e+01 -2.510904954940079961e-05 3.079093779890362596e-08
2.333333333333333570e+01 -2.540083018097838210e-05 3.073630304184355205e-08
2.354166666666666785e+01 -2.334657545939838102e-05 2.862900092788833455e-08
2.375000000000000000e+01 -2.314513514957874970e-05 2.659577201688637820e-08
2.395833333333333570e+01 -2.318418372870568447e-05 2.618890733996557774e-08
2.416666666666666785e+01 -2.168454479045740004e-05 2.627800343301566003e-08
2.437500000000000000e+01 -2.222283519019450167e-05 2.511656924640705665e-08
2.458333333333333570e+01 -2.109543158081854158e-05 2.265104032882148394e-08
2.479166666666666785e+01 -1.995868889126086037e-05 2.051758092996618527e-08
2.500000000000000000e+01 -2.044763900348316944e-05 1.960767037835441393e-08
2.520833333333333570e+01 -1.903562825996361817e-05 1.849071694125593814e-08
2.541666666666666785e+01 -1.915176160226383933e-05 1.730014093223251828e-08
2.562500000000000000e+01 -1.916162405994131511e-05 1.574688643413617770e-08
2.583333333333333570e+01 -1.773129614292947778e-05 1.472173569745966335e-08
2.604166666666666785e+01 -1.856650843739264301e-05 1.447807844552621520e-08
2.625000000000000000e+01 -1.787346050246643408e-05 1.423333665377684852e-08
2.645833333333333570e+01 -1.743387928528294478e-05 1.517269596788860574e-08
2.666666666666666785e+01 -1.830842115695119682e-05 1.489371212294055075e-08
2.687500000000000000e+01 -1.726630149142310543e-05 1.546407900554287846e-08
2.708333333333333570e+01 -1.753016914387387106e-05 1.593238823211136114e-08
2.729166666666666785e+01 -1.784091494017615165e-05 1.678515661101203518e-08
2.750000000000000000e+01 -1.653460107494320372e-05 1.556226463325275885e-08
2.770833333333333570e+01 -1.741217265431497008e-05 1.528285093776223663e-08
2.791666666666666785e+01 -1.681932777350427758e-05 1.454279200582186073e-08
2.812500000000000000e+01 -1.623367678327336321e-05 1.437474671690064160e-08
2.833333333333333570e+01 -1.712136047072305533e-05 1.407839172491910003e-08
2.854166666666666785e+01 -1.598965526386478042e-05 1.457825758609274402e-08
2.875000000000000000e+01 -1.623828460019470499e-05 1.355044633009624584e-08
2.895833333333333570e+01 -1.654577706137275861e-05 1.342787190830987304e-08
2.916666666666666785e+01 -1.542458802553338995e-05 1.369836185845897560e-08
2.937500000000000000e+01 -1.621324104748361809e-05 1.162792101276245015e-08
2.958333333333333570e+01 -1.573203184761760932e-05 1.111180752155465621e-08
2.979166666666666785e+01 -1.528167385069380930e-05 1.111460189656326085e-08
3.000000000000000000e+01 -1.631884261332814632e-05 1.076638165181367156e-08
3.020833333333333570e+01 -1.528167385063093235e-05 1.111460189656413104e-08
3.041666666666666785e+01 -1.573203184765331006e-05 1.111180752155860021e-08
3.062500000000000000e+01 -1.621324104752944596e-05 1.162792101276419550e-08
3.083333333333333570e+01 -1.542458802547660486e-05 1.369836185846004763e-08
3.104166666666666785e+01 -1.654577706137910119e-05 1.342787190831318176e-08
3.125000000000000000e+01 -1.623828460013732359e-05 1.355044633011198874e-08
3.145833333333333570e+01 -1.598965526389547689e-05 1.457825758610764650e-08
3.166666666666666785e+01 -1.712136047077889852e-05 1.407839172492347416e-08
3.187500000000000000e+01 -1.623367678321289523e-05 1.437474671690117927e-08
3.208333333333333570e+01 -1.681932777351951062e-05 1.454279200581642615e-08
3.229166666666667140e+01 -1.741217265438097428e-05 1.528285093774970319e-08
3.250000000000000000e+01 -1.653460107485542400e-05 1.556226463323394215e-08
3.270833333333333570e+01 -1.784091494013855694e-05 1.678515661099364530e-08
3.291666666666667140e+01 -1.753016914388833838e-05 1.593238823208518584e-08
3.312500000000000000e+01 -1.726630149145453713e-05 1.546407900553137734e-08
3.333333333333333570e+01 -1.830842115687005784e-05 1.489371212292544975e-08
3.354166666666667140e+01 -1.743387928528153532e-05 1.517269596788440367e-08
3.375000000000000000e+01 -1.787346050244915799e-05 1.423333665377309974e-08
3.395833333333333570e+01 -1.856650843742405099e-05 1.447807844552267486e-08
3.416666666666667140e+01 -1.773129614293792101e-05 1.472173569745630500e-08
3.437500000000000000e+01 -1.916162405988611228e-05 1.574688643412023297e-08
3.458333333333333570e+01 -1.915176160226153540e-05 1.730014093220609813e-08
3.479166666666667140e+01 -1.903562826001009318e-05 1.849071694124587963e-08
3.500000000000000000e+01 -2.044763900347767050e-05 1.960767037836061448e-08
3.520833333333333570e+01 -1.995868889125274918e-05 2.051758092996402798e-08
3.541666666666667140e+01 -2.109543158082492482e-05 2.265104032882537500e-08
3.562500000000000000e+01 -2.222283519021394277e-05 2.511656924640712945e-08
3.583333333333333570e+01 -2.168454479042401339e-05 2.627800343302508327e-08
3.604166666666667140e+01 -2.318418372871809859e-05 2.618890733999084976e-08
3.625000000000000000e+01 -2.314513514957686590e-05 2.659577201691940918e-08
3.645833333333333570e+01 -2.334657545937353923e-05 2.862900092790802807e-08
3.666666666666667140e+01 -2.540083018099735564e-05 3.073630304182896058e-08
3.687500000000000000e+01 -2.510904954941210241e-05 3.079093779886912922e-08
3.708333333333333570e+01 -2.657028234768463892e-05 3.341106789275612858e-08
3.729166666666667140e+01 -2.777520945739670317e-05 3.180510358957893961e-08
3.750000000000000000e+01 -2.738508152539381990e-05 3.222565442557410432e-08
3.770833333333333570e+01 -2.959025857773374507e-05 3.590262284822409980e-08
3.791666666666667140e+01 -2.998086646686748421e-05 3.622244255222698824e-08
3.812500000000000000e+01 -3.048194416406240517e-05 3.704967790842487337e-08
3.833333333333333570e+01 -3.258182788829047964e-05 3.917310270231288378e-08
3.854166666666667140e+01 -3.226675450151470463e-05 3.859537188555034610e-08
3.875000000000000000e+01 -3.344391435939104312e-05 4.032062149809547056e-08
3.895833333333333570e+01 -3.484110028264253547e-05 4.006447517552241532e-08
3.916666666666667140e+01 -3.500756049126034318e-05 4.169455705181618659e-08
3.937500000000000000e+01 -3.788638098165316305e-05 4.901283329632787892e-08
3.958333333333333570e+01 -3.962186985249626514e-05 5.928379028908908504e-08
3.979166666666667140e+01 -4.086697110525249111e-05 6.332270754544887797e-08
4.000000000000000000e+01 -4.403077203391931449e-05 7.634870604462710529e-08
4.020833333333333570e+01 -4.340394146577333979e-05 8.071276760886674243e-08
4.041666666666667140e+01 -4.512075862902783076e-05 1.010651510486609614e-07
4.062500000000000000e+01 -4.674696388989672119e-05 1.213282798269798848e-07
4.083333333333333570e+01 -4.771206459552969006e-05 1.196748130485986489e-07
4.104166666666667140e+01 -5.092355110367220532e-05 1.287713595007670041e-07
4.125000000000000000e+01 -5.336299002385776360e-05 1.194426557234623137e-07
4.145833333333333570e+01 -5.489304312632726157e-05 9.858365688547839702e-08
4.166666666666667140e+01 -5.884524609627383540e-05 9.409076767755104510e-08
4.187500000000000000e+01 -6.022291006985302131e-05 9.201076016854374620e-08
4.208333333333333570e+01 -6.431710772964619545e-05 9.920882945775432647e-08
4.229166666666667140e+01 -6.851639273566453858e-05 1.106128755996501681e-07
4.250000000000000000e+01 -7.079801299114870663e-05 1.232221326080398406e-07
4.270833333333333570e+01 -7.724545672547849205e-05 1.454055571655797537e-07
4.291666666666667140e+01 -8.047409927816149969e-05 1.532986039693125204e-07
4.312500000000000000e+01 -8.485106010229564934e-05 1.520586870200860378e-07
4.333333333333333570e+01 -9.227934137909636647e-05 1.724567232650782939e-07
4.354166666666667140e+01 -9.547636290457015614e-05 1.900297180910790683e-07
4.375000000000000000e+01 -9.923235363784108499e-05 2.013460627457912764e-07
4.395833333333333570e+01 -1.033523595064800689e-04 2.202232816110051118e-07
4.416666666666667140e+01 -1.071076806257222080e-04 2.518022290965504838e-07
4.437500000000000000e+01 -1.157198554451303082e-04 2.839397426837607331e-07
4.458333333333333570e+01 -1.239359563475354636e-04 3.830054260256961383e-07
4.479166666666667140e+01 -1.317389083807921134e-04 5.012959629140573265e-07
4.500000000000000000e+01 -1.428980826934856578e-04 5.766147374162094422e-07
4.520833333333333570e+01 -1.647087553987819201e-04 5.692731868670577901e-07
4.541666666666667140e+01 -1.941783355380413993e-04 6.965446342636411658e-07
4.562500000000000000e+01 -2.258737282649087160e-04 8.806425622611460867e-07
4.583333333333333570e+01 -2.379145590431104009e-04 8.918610775839434909e-07
4.604166666666667140e+01 -2.513727017143077861e-04 9.649595317155697536e-07
4.625000000000000000e+01 -2.456210580284453422e-04 8.296008959736836773e-07
4.645833333333333570e+01 -2.515340166339819329e-04 7.137419864274896820e-07
4.666666666666667140e+01 -2.635018113285820325e-04 7.102047429458722057e-07
4.687500000000000000e+01 -2.834861712729074804e-04 7.743755886926915927e-07
4.708333333333333570e+01 -3.075774117570611319e-04 8.587788841207327868e-07
4.729166666666667140e+01 -3.407199914311595155e-04 1.110906536538790690e-06
4.750000000000000000e+01 -3.658354634668887920e-04 1.372971499247028559e-06
4.770833333333333570e+01 -4.087739375136142917e-04 1.844848997316903051e-06
4.791666666666667140e+01 -4.584037294449293406e-04 2.408384563221481439e-06
4.812500000000000000e+01 -4.832983671868232712e-04 2.500878706859734738e-06
4.833333333333333570e+01 -5.323110420158225090e-04 3.021298872250684820e-06
4.854166666666667140e+01 -5.858719779960792646e-04 3.557836046078776338e-06
4.875000000000000000e+01 -6.603799975860358057e-04 4.364981415470936507e-06
4.895833333333333570e+01 -7.589429567401278489e-04 5.609032576718398720e-06
4.916666666666667140e+01 -9.029796685221917491e-04 7.552715235777672823e-06
4.937500000000000000e+01 -1.009227501545658214e-03 8.481899418769512766e-06
4.958333333333333570e+01 -1.268068787366808704e-03 1.211078368223228867e-05
4.979166666666667140e+01 -1.502582848801736932e-03 1.524326827282667739e-05
5.000000000000000000e+01 -1.799388297906377590e-03 1.937134617747796422e-05
5.020833333333333570e+01 -1.852948899623445712e-03 1.897534664208669873e-05
5.041666666666667140e+01 -2.073075707818649790e-03 2.126212346666021591e-05
5.062500000000000000e+01 -1.927133741238506916e-03 1.732821920739420095e-05
5.083333333333333570e+01 -1.920309239341238053e-03 1.610213804296455379e-05
5.104166666666667140e+01 -2.037142317380085787e-03 1.739220949079226932e-05
5.125000000000000000e+01 -2.302190369266282882e-03 2.103462655463973999e-05
5.145833333333333570e+01 -2.399283583099120955e-03 2.046004765305349410e-05
5.166666666666667140e+01 -2.726963386194707073e-03 2.238536628795804022e-05
5.187500000000000000e+01 -3.001746965362770640e-03 1.701521524563328364e-05
5.208333333333333570e+01 -3.236844072330220378e-03 1.529711182749471919e-05
5.229166666666667140e+01 -3.207372778948080084e-03 1.288128090324222992e-05
5.250000000000000000e+01 -3.462764072091449683e-03 1.310960949589127014e-05
5.270833333333333570e+01 -3.680216818784830778e-03 1.209865125327391773e-05
5.291666666666667140e+01 -3.989505191747504988e-03 1.216823222638327778e-05
5.312500000000000000e+01 -4.173424877660919866e-03 1.094506617126278587e-05
5.333333333333333570e+01 -4.642967089151627501e-03 1.167322315361609950e-05
5.354166666666667140e+01 -5.009198623294426785e-03 1.185465610802676518e-05
5.375000000000000000e+01 -5.701230649247827215e-03 1.375077711345756551e-05
5.395833333333333570e+01 -6.771734476780354520e-03 1.775777492654344569e-05
5.416666666666667140e+01 -7.996596923103550109e-03 2.196061685792887572e-05
5.437500000000000000e+01 -9.134751235357955329e-03 2.451570323275021501e-05
5.458333333333333570e+01 -1.024727891416979918e-02 2.699359807390301112e-05
5.479166666666667140e+01 -1.120995232162140878e-02 2.679444460690725771e-05
5.500000000000000000e+01 -1.178098841298371238e-02 2.569572571143559356e-05
5.520833333333333570e+01 -1.219558175658241005e-02 2.252392295393003982e-05
5.541666666666667140e+01 -1.371692017894399380e-02 2.469873432185260879e-05
5.562500000000000000e+01 -1.541303641386953562e-02 2.716610797117481409e-05
5.583333333333333570e+01 -1.641492585821831621e-02 2.442287587339381317e-05
5.604166666666667140e+01 -1.812162110287539318e-02 2.537101294644575957e-05
5.625000000000000000e+01 -2.040808581383369083e-02 2.444136591083677167e-05
5.645833333333333570e+01 -2.288295135985021420e-02 2.458089612613442002e-05
5.666666666666667140e+01 -2.587542851664136750e-02 2.517819985109128153e-05
5.687500000000000000e+01 -2.940914070623019613e-02 2.507831010408053283e-05
5.708333333333333570e+01 -3.361139152938008579e-02 2.480982243723303486e-05
5.729166666666667140e+01 -3.877269086685077720e-02 2.650027776292907211e-05
5.750000000000000000e+01 -4.469613392260483181e-02 2.688972071931698313e-05
5.770833333333333570e+01 -5.185403592345802504e-02 2.642744838195910438e-05
5.791666666666667140e+01 -6.060053262694563292e-02 2.809226293379908036e-05
5.812500000000000000e+01 -7.100373868553074008e-02 2.799577635318623522e-05
5.833333333333333570e+01 -8.378898134933231157e-02 2.790387659965174369e-05
5.854166666666667140e+01 -1.005898820067301774e-01 3.491462447309139950e-05
5.875000000000000000e+01 -1.221028735507917601e-01 4.484825182502677531e-05
5.895833333333333570e+01 -1.498218865239311359e-01 4.571162115902431213e-05
5.916666666666667140e+01 -1.865877835087707826e-01 5.510500883392744037e-05
5.937500000000000000e+01 -2.344873214276879114e-01 7.457212315311887775e-05
5.958333333333333570e+01 -2.982690657446965266e-01 9.394915232122117907e-05
5.979166666666667140e+01 -3.839522905298796696e-01 1.053415589838077072e-04
6.000000000000000000e+01 -4.999999999999997780e-01 1.372785856403418406e-04
