0.000000000000000000e+00 -5.000000000000001110e-01 1.298767974513499236e-04
2.083333333333333426e-01 -3.970877137389371980e-01 1.021752182279721548e-04
4.166666666666666852e-01 -3.207001593313488774e-01 8.271039540387497874e-05
6.250000000000000000e-01 -2.630528029216200880e-01 6.782827234323142386e-05
8.333333333333333703e-01 -2.194986909314761703e-01 5.762924732707445658e-05
1.041666666666666741e+00 -1.852257371544533404e-01 4.936846995973663918e-05
1.250000000000000000e+00 -1.591398213985565913e-01 4.352804906332087770e-05
1.458333333333333481e+00 -1.391153500581620017e-01 3.969839199238122058e-05
1.666666666666666741e+00 -1.232717616046054565e-01 3.623953563394615617e-05
1.875000000000000000e+00 -1.105383333746360053e-01 3.346007775671820032e-05
2.083333333333333481e+00 -1.002791104611371609e-01 3.166960951992563199e-05
2.291666666666666963e+00 -9.169904295649813908e-02 3.052895240624942981e-05
2.500000000000000000e+00 -8.497952413873935407e-02 2.993881035664056216e-05
2.708333333333333481e+00 -7.940878929680046661e-02 2.961313460743610098e-05
2.916666666666666963e+00 -7.460901247373213918e-02 2.924180011662578637e-05
3.125000000000000000e+00 -7.031225402486560028e-02 2.823400903652619081e-05
3.333333333333333481e+00 -6.674621384520931788e-02 2.773723153228540160e-05
3.541666666666666963e+00 -6.378154079746974070e-02 2.720761114891624948e-05
3.750000000000000000e+00 -6.111935815603165845e-02 2.654285282480614707e-05
3.958333333333333481e+00 -5.900971435931576248e-02 2.661381499580766488e-05
4.166666666666666963e+00 -5.695460286241693648e-02 2.607907612225172326e-05
4.375000000000000000e+00 -5.512734974912461561e-02 2.559681184331396309e-05
4.583333333333333925e+00 -5.337681564110868804e-02 2.505737866380779605e-05
4.791666666666666963e+00 -5.172258207443299061e-02 2.439258266065338790e-05
5.000000000000000000e+00 -5.068217683590310607e-02 2.445222203195216270e-05
5.208333333333333925e+00 -4.974091760815416846e-02 2.444319400670525539e-05
5.416666666666666963e+00 -4.860891182266748045e-02 2.422330422003286094e-05
5.625000000000000000e+00 -4.738773931367430692e-02 2.394570138979509202e-05
5.833333333333333925e+00 -4.661614746943408549e-02 2.402242904865425850e-05
6.041666666666666963e+00 -4.580344233925440212e-02 2.407864357458070804e-05
6.250000000000000000e+00 -4.509443737221151272e-02 2.380831410118104544e-05
6.458333333333333925e+00 -4.452061461481637145e-02 2.358753239392533520e-05
6.666666666666666963e+00 -4.373673210604732409e-02 2.326691671096142369e-05
6.875000000000000000e+00 -4.304340321290088534e-02 2.336447290104355564e-05
7.083333333333333925e+00 -4.228565615681177670e-02 2.284601488363081104e-05
7.291666666666666963e+00 -4.166749587225404561e-02 2.290751667162077993e-05
7.500000000000000000e+00 -4.116211266385207124e-02 2.307145313390625180e-05
7.708333333333333925e+00 -4.076196711654545002e-02 2.342639345178608039e-05
7.916666666666666963e+00 -4.017030699051346576e-02 2.337905750112778531e-05
8.125000000000000000e+00 -3.972713300771131550e-02 2.315667066525867998e-05
8.333333333333333925e+00 -3.906473266339870187e-02 2.260547398689717401e-05
8.541666666666667851e+00 -3.825593890678501835e-02 2.204166950884885084e-05
8.750000000000000000e+00 -3.757559472761271002e-02 2.159372952030497926e-05
8.958333333333333925e+00 -3.711818461620947779e-02 2.166434402553282118e-05
9.166666666666667851e+00 -3.669101462489980647e-02 2.161108697567010845e-05
9.375000000000000000e+00 -3.621380071573175596e-02 2.126209348477131644e-05
9.583333333333333925e+00 -3.599919463891546739e-02 2.142462168629618956e-05
9.791666666666667851e+00 -3.566026503592195640e-02 2.140955228962439458e-05
1.000000000000000000e+01 -3.535423050809766848e-02 2.137961918185057381e-05
1.020833333333333393e+01 -3.513826672237313486e-02 2.164274743698748628e-05
1.041666666666666785e+01 -3.492838860901645998e-02 2.193563568957313030e-05
1.062500000000000000e+01 -3.464205661193437563e-02 2.151723570956234967e-05
1.083333333333333393e+01 -3.471442072250784106e-02 2.190113249832436384e-05
1.104166666666666785e+01 -3.452435379886197031e-02 2.233450291848769785e-05
1.125000000000000000e+01 -3.429624199276058022e-02 2.286455973749303285e-05
1.145833333333333393e+01 -3.385552187864483697e-02 2.254854640855674880e-05
1.166666666666666785e+01 -3.348070050686961785e-02 2.241472062008840793e-05
1.187500000000000000e+01 -3.307694859128709752e-02 2.200780114079338518e-05
1.208333333333333393e+01 -3.267863787925330554e-02 2.161906011036096793e-05
1.229166666666666785e+01 -3.243282010708040120e-02 2.178351596442057366e-05
1.250000000000000000e+01 -3.228724623988770553e-02 2.237089287191603527e-05
1.270833333333333393e+01 -3.227246371552041498e-02 2.333883840319735754e-05
1.291666666666666785e+01 -3.197604300403679434e-02 2.226408795648914028e-05
1.312500000000000000e+01 -3.158937071586113976e-02 2.118754081406468625e-05
1.333333333333333393e+01 -3.089430925345029028e-02 2.148263094754705249e-05
1.354166666666666785e+01 -3.054802750385563967e-02 2.437156023216256203e-05
1.375000000000000000e+01 -3.047521565789431536e-02 2.382993501029299807e-05
1.395833333333333393e+01 -3.023516958934774346e-02 2.242738614711348508e-05
1.416666666666666785e+01 -2.984953674965254433e-02 2.081946846227983729e-05
1.437500000000000000e+01 -2.961851203764403334e-02 2.015152028034119332e-05
1.458333333333333393e+01 -2.937916661818926883e-02 1.977397087106727878e-05
1.479166666666666785e+01 -2.916404867229895059e-02 1.969723776497257111e-05
1.500000000000000000e+01 -2.891444098340721636e-02 1.953320043495090810e-05
1.520833333333333393e+01 -2.846729091048762206e-02 1.905565099655658117e-05
1.541666666666666785e+01 -2.822337761340049794e-02 1.916689338472996279e-05
1.562500000000000000e+01 -2.814557933770270304e-02 1.923847367880185828e-05
1.583333333333333393e+01 -2.806192485404879547e-02 1.935459092256955517e-05
1.604166666666666785e+01 -2.807575867663192337e-02 1.985544183196852235e-05
1.625000000000000000e+01 -2.812295268133025578e-02 1.988999324234058346e-05
1.645833333333333570e+01 -2.816803820858508611e-02 2.020792262161500341e-05
1.666666666666666785e+01 -2.793141359161147030e-02 1.997851569573296058e-05
1.687500000000000000e+01 -2.760100786587263433e-02 1.952933536699259822e-05
1.708333333333333570e+01 -2.741425424551352172e-02 1.955107124784063476e-05
1.729166666666666785e+01 -2.717676187774348967e-02 1.943548676978996184e-05
1.750000000000000000e+01 -2.699531891582775123e-02 1.985724088659955331e-05
1.770833333333333570e+01 -2.673591289587740755e-02 1.959054177172069703e-05
1.791666666666666785e+01 -2.662636141137578183e-02 1.920505447651883963e-05
1.812500000000000000e+01 -2.642255918302849685e-02 1.864045557248935112e-05
1.833333333333333570e+01 -2.617406743625306370e-02 1.836728232337109766e-05
1.854166666666666785e+01 -2.603410010572081157e-02 1.831796104468262420e-05
1.875000000000000000e+01 -2.613245793171873471e-02 1.848561981017462363e-05
1.895833333333333570e+01 -2.620376313778892408e-02 1.888133294913751998e-05
1.916666666666666785e+01 -2.652265185121216451e-02 2.021024990456045950e-05
1.937500000000000000e+01 -2.661722107899349224e-02 2.075754984882583794e-05
1.958333333333333570e+01 -2.687412102245517742e-02 2.177129046394096727e-05
1.979166666666666785e+01 -2.698553891874567665e-02 2.213607105406842411e-05
2.000000000000000000e+01 -2.691652732833137163e-02 2.216894917966841512e-05
2.020833333333333570e+01 -2.664280174794036310e-02 2.132430935639138573e-05
2.041666666666666785e+01 -2.662455871784689260e-02 2.109096825578220602e-05
2.062500000000000000e+01 -2.649866096645073221e-02 2.079027315686877316e-05
2.083333333333333570e+01 -2.644227781143144301e-02 2.080221029764497498e-05
2.104166666666666785e+01 -2.626971666299395686e-02 2.022366516962886964e-05
2.125000000000000000e+01 -2.607799529721766332e-02 1.989425832385232262e-05
2.145833333333333570e+01 -2.578553202926173529e-02 1.938264315599272228e-05
2.166666666666666785e+01 -2.545849938233420845e-02 1.880355988404170580e-05
2.187500000000000000e+01 -2.506276267730233806e-02 1.816837853494598570e-05
2.208333333333333570e+01 -2.492299498918929337e-02 1.835500411341494070e-05
2.229166666666666785e+01 -2.463289219111949174e-02 1.794946799210845557e-05
2.250000000000000000e+01 -2.458103668070706418e-02 1.822218757006389785e-05
2.270833333333333570e+01 -2.442072107745632895e-02 1.830641425144676827e-05
2.291666666666666785e+01 -2.423715844788171259e-02 1.801621038604348812e-05
2.312500000000000000e+01 -2.411659469690668328e-02 1.820240744019678130e-05
2.333333333333333570e+01 -2.413854386859592277e-02 1.855723832933153588e-05
2.354166666666666785e+01 -2.410759867393368408e-02 1.831321538748003673e-05
2.375000000000000000e+01 -2.419800524441967013e-02 1.837702747689779194e-05
2.395833333333333570e+01 -2.435753773854251736e-02 1.854678372446323794e-05
2.416666666666666785e+01 -2.445883594919592841e-02 1.878270372790376747e-05
2.437500000000000000e+01 -2.437873139875662912e-02 1.868396941357820340e-05
2.458333333333333570e+01 -2.413966635687876672e-02 1.838175569421441827e-05
2.479166666666666785e+01 -2.407977952579189868e-02 1.844650226926595901e-05
2.500000000000000000e+01 -2.406928985694580317e-02 1.841099569256882882e-05
2.520833333333333570e+01 -2.399191560263602696e-02 1.822717965895143596e-05
2.541666666666666785e+01 -2.400666765561542543e-02 1.847315450318387162e-05
2.562500000000000000e+01 -2.422378040520718062e-02 1.894027273743706418e-05
2.583333333333333570e+01 -2.449820295219792138e-02 1.955659142081589928e-05
2.604166666666666785e+01 -2.454797171791378574e-02 1.980651454944985513e-05
2.625000000000000000e+01 -2.441849698486902795e-02 1.934846292484251412e-05
2.645833333333333570e+01 -2.446873329533984925e-02 1.944363598583522028e-05
2.666666666666666785e+01 -2.427970082988486697e-02 1.919078859618543399e-05
2.687500000000000000e+01 -2.411518810354753434e-02 1.849355107699976171e-05
2.708333333333333570e+01 -2.424505692887346520e-02 1.879623339497569676e-05
2.729166666666666785e+01 -2.443381258786206378e-02 1.962851739221310054e-05
2.750000000000000000e+01 -2.481154919780846624e-02 2.059347632766525592e-05
2.770833333333333570e+01 -2.484696860867860804e-02 2.093832600095726264e-05
2.791666666666666785e+01 -2.479578147080371830e-02 2.075342658722101482e-05
2.812500000000000000e+01 -2.466565502137845617e-02 2.046794155918052287e-05
2.833333333333333570e+01 -2.431226855256565789e-02 1.961871381778550736e-05
2.854166666666666785e+01 -2.418440135882229947e-02 1.926995837557562034e-05
2.875000000000000000e+01 -2.405832814205498618e-02 1.927446471872514659e-05
2.895833333333333570e+01 -2.406592878066672603e-02 1.952094325043227959e-05
2.916666666666666785e+01 -2.402308266415278601e-02 1.960672459163849236e-05
2.937500000000000000e+01 -2.386897431992484123e-02 1.952486103635221466e-05
2.958333333333333570e+01 -2.359949357704008849e-02 1.894365402500658142e-05
2.979166666666666785e+01 -2.342900018698946402e-02 1.869107052457568921e-05
3.000000000000000000e+01 -2.336060053027053107e-02 1.836172915567974636e-05
3.020833333333333570e+01 -2.342900018698948136e-02 1.869107052457570276e-05
3.041666666666666785e+01 -2.359949357704018910e-02 1.894365402500657126e-05
3.062500000000000000e+01 -2.386897431992482388e-02 1.952486103635221805e-05
3.083333333333333570e+01 -2.402308266415274091e-02 1.960672459163851608e-05
3.104166666666666785e+01 -2.406592878066679195e-02 1.952094325043229653e-05
3.125000000000000000e+01 -2.405832814205489251e-02 1.927446471872518386e-05
3.145833333333333570e+01 -2.418440135882222314e-02 1.926995837557564405e-05
3.166666666666666785e+01 -2.431226855256569952e-02 1.961871381778551414e-05
3.187500000000000000e+01 -2.466565502137849086e-02 2.046794155918051948e-05
3.208333333333333570e+01 -2.479578147080375647e-02 2.075342658722102159e-05
3.229166666666667140e+01 -2.484696860867857335e-02 2.093832600095726942e-05
3.250000000000000000e+01 -2.481154919780845236e-02 2.059347632766524914e-05
3.270833333333333570e+01 -2.443381258786208460e-02 1.962851739221310732e-05
3.291666666666667140e+01 -2.424505692887338887e-02 1.879623339497569676e-05
3.312500000000000000e+01 -2.411518810354748577e-02 1.849355107699974816e-05
3.333333333333333570e+01 -2.427970082988484615e-02 1.919078859618540011e-05
3.354166666666667140e+01 -2.446873329533993252e-02 1.944363598583518640e-05
3.375000000000000000e+01 -2.441849698486910775e-02 1.934846292484249379e-05
3.395833333333333570e+01 -2.454797171791370247e-02 1.980651454944985513e-05
3.416666666666667140e+01 -2.449820295219790403e-02 1.955659142081589928e-05
3.437500000000000000e+01 -2.422378040520725695e-02 1.894027273743706418e-05
3.458333333333333570e+01 -2.400666765561528665e-02 1.847315450318389195e-05
3.479166666666667140e+01 -2.399191560263612411e-02 1.822717965895143935e-05
3.500000000000000000e+01 -2.406928985694574419e-02 1.841099569256883560e-05
3.520833333333333570e+01 -2.407977952579189521e-02 1.844650226926595224e-05
3.541666666666667140e+01 -2.413966635687887427e-02 1.838175569421440810e-05
3.562500000000000000e+01 -2.437873139875660483e-02 1.868396941357820340e-05
3.583333333333333570e+01 -2.445883594919594228e-02 1.878270372790378441e-05
3.604166666666667140e+01 -2.435753773854253817e-02 1.854678372446324472e-05
3.625000000000000000e+01 -2.419800524441965278e-02 1.837702747689781566e-05
3.645833333333333570e+01 -2.410759867393362510e-02 1.831321538748004689e-05
3.666666666666667140e+01 -2.413854386859592277e-02 1.855723832933154604e-05
3.687500000000000000e+01 -2.411659469690665553e-02 1.820240744019678808e-05
3.708333333333333570e+01 -2.423715844788185830e-02 1.801621038604349489e-05
3.729166666666667140e+01 -2.442072107745618670e-02 1.830641425144680892e-05
3.750000000000000000e+01 -2.458103668070703296e-02 1.822218757006392157e-05
3.770833333333333570e+01 -2.463289219111957848e-02 1.794946799210846573e-05
3.791666666666667140e+01 -2.492299498918933848e-02 1.835500411341494409e-05
3.812500000000000000e+01 -2.506276267730232418e-02 1.816837853494598232e-05
3.833333333333333570e+01 -2.545849938233428825e-02 1.880355988404168547e-05
3.854166666666667140e+01 -2.578553202926166243e-02 1.938264315599272906e-05
3.875000000000000000e+01 -2.607799529721776047e-02 1.989425832385231585e-05
3.895833333333333570e+01 -2.626971666299393604e-02 2.022366516962888320e-05
3.916666666666667140e+01 -2.644227781143135281e-02 2.080221029764501564e-05
3.937500000000000000e+01 -2.649866096645074956e-02 2.079027315686879688e-05
3.958333333333333570e+01 -2.662455871784689954e-02 2.109096825578220941e-05
3.979166666666667140e+01 -2.664280174794037698e-02 2.132430935639138573e-05
4.000000000000000000e+01 -2.691652732833135081e-02 2.216894917966841174e-05
4.020833333333333570e+01 -2.698553891874569399e-02 2.213607105406839701e-05
4.041666666666667140e+01 -2.687412102245522599e-02 2.177129046394092322e-05
4.062500000000000000e+01 -2.661722107899349918e-02 2.075754984882579728e-05
4.083333333333333570e+01 -2.652265185121214369e-02 2.021024990456042223e-05
4.104166666666667140e+01 -2.620376313778893795e-02 1.888133294913748271e-05
4.125000000000000000e+01 -2.613245793171860981e-02 1.848561981017461686e-05
4.145833333333333570e+01 -2.603410010572083239e-02 1.831796104468260387e-05
4.166666666666667140e+01 -2.617406743625320248e-02 1.836728232337108750e-05
4.187500000000000000e+01 -2.642255918302848644e-02 1.864045557248937822e-05
4.208333333333333570e+01 -2.662636141137582346e-02 1.920505447651887351e-05
4.229166666666667140e+01 -2.673591289587728959e-02 1.959054177172076818e-05
4.250000000000000000e+01 -2.699531891582785878e-02 1.985724088659959058e-05
4.270833333333333570e+01 -2.717676187774357294e-02 1.943548676978998894e-05
4.291666666666667140e+01 -2.741425424551328233e-02 1.955107124784066864e-05
4.312500000000000000e+01 -2.760100786587284943e-02 1.952933536699260500e-05
4.333333333333333570e+01 -2.793141359161148071e-02 1.997851569573297074e-05
4.354166666666667140e+01 -2.816803820858508264e-02 2.020792262161501357e-05
4.375000000000000000e+01 -2.812295268133017251e-02 1.988999324234060040e-05
4.395833333333333570e+01 -2.807575867663196154e-02 1.985544183196852574e-05
4.416666666666667140e+01 -2.806192485404882322e-02 1.935459092256955517e-05
4.437500000000000000e+01 -2.814557933770271345e-02 1.923847367880188538e-05
4.458333333333333570e+01 -2.822337761340048407e-02 1.916689338472998312e-05
4.479166666666667140e+01 -2.846729091048758736e-02 1.905565099655661505e-05
4.500000000000000000e+01 -2.891444098340727881e-02 1.953320043495093182e-05
4.520833333333333570e+01 -2.916404867229887427e-02 1.969723776497261515e-05
4.541666666666667140e+01 -2.937916661818930700e-02 1.977397087106729911e-05
4.562500000000000000e+01 -2.961851203764408191e-02 2.015152028034119670e-05
4.583333333333333570e+01 -2.984953674965247494e-02 2.081946846227985084e-05
4.604166666666667140e+01 -3.023516958934778162e-02 2.242738614711353251e-05
4.625000000000000000e+01 -3.047521565789433964e-02 2.382993501029312004e-05
4.645833333333333570e+01 -3.054802750385560151e-02 2.437156023216276532e-05
4.666666666666667140e+01 -3.089430925345020701e-02 2.148263094754714736e-05
4.687500000000000000e+01 -3.158937071586117445e-02 2.118754081406465237e-05
4.708333333333333570e+01 -3.197604300403679434e-02 2.226408795648912673e-05
4.729166666666667140e+01 -3.227246371552033866e-02 2.333883840319737787e-05
4.750000000000000000e+01 -3.228724623988778186e-02 2.237089287191601494e-05
4.770833333333333570e+01 -3.243282010708040813e-02 2.178351596442056350e-05
4.791666666666667140e+01 -3.267863787925323615e-02 2.161906011036096115e-05
4.812500000000000000e+01 -3.307694859128709752e-02 2.200780114079337502e-05
4.833333333333333570e+01 -3.348070050686965948e-02 2.241472062008838083e-05
4.854166666666667140e+01 -3.385552187864482310e-02 2.254854640855673525e-05
4.875000000000000000e+01 -3.429624199276042062e-02 2.286455973749305318e-05
4.895833333333333570e+01 -3.452435379886216460e-02 2.233450291848767074e-05
4.916666666666667140e+01 -3.471442072250786881e-02 2.190113249832433673e-05
4.937500000000000000e+01 -3.464205661193428543e-02 2.151723570956234628e-05
4.958333333333333570e+01 -3.492838860901648079e-02 2.193563568957311675e-05
4.979166666666667140e+01 -3.513826672237316262e-02 2.164274743698747951e-05
5.000000000000000000e+01 -3.535423050809772400e-02 2.137961918185058737e-05
5.020833333333333570e+01 -3.566026503592194252e-02 2.140955228962443862e-05
5.041666666666667140e+01 -3.599919463891550209e-02 2.142462168629623699e-05
5.062500000000000000e+01 -3.621380071573172821e-02 2.126209348477135709e-05
5.083333333333333570e+01 -3.669101462489986198e-02 2.161108697567013895e-05
5.104166666666667140e+01 -3.711818461620951248e-02 2.166434402553285167e-05
5.125000000000000000e+01 -3.757559472761269614e-02 2.159372952030501653e-05
5.145833333333333570e+01 -3.825593890678516407e-02 2.204166950884888472e-05
5.166666666666667140e+01 -3.906473266339860473e-02 2.260547398689724178e-05
5.187500000000000000e+01 -3.972713300771127387e-02 2.315667066525875113e-05
5.208333333333333570e+01 -4.017030699051356984e-02 2.337905750112782935e-05
5.229166666666667140e+01 -4.076196711654541532e-02 2.342639345178612105e-05
5.250000000000000000e+01 -4.116211266385211287e-02 2.307145313390627551e-05
5.270833333333333570e+01 -4.166749587225411500e-02 2.290751667162080704e-05
5.291666666666667140e+01 -4.228565615681183221e-02 2.284601488363083814e-05
5.312500000000000000e+01 -4.304340321290070492e-02 2.336447290104358952e-05
5.333333333333333570e+01 -4.373673210604730327e-02 2.326691671096143725e-05
5.354166666666667140e+01 -4.452061461481648941e-02 2.358753239392533520e-05
5.375000000000000000e+01 -4.509443737221154047e-02 2.380831410118103866e-05
5.395833333333333570e+01 -4.580344233925449232e-02 2.407864357458071482e-05
5.416666666666667140e+01 -4.661614746943405774e-02 2.402242904865428561e-05
5.437500000000000000e+01 -4.738773931367434161e-02 2.394570138979510896e-05
5.458333333333333570e+01 -4.860891182266745963e-02 2.422330422003288804e-05
5.479166666666667140e+01 -4.974091760815391172e-02 2.444319400670530283e-05
5.500000000000000000e+01 -5.068217683590321709e-02 2.445222203195218303e-05
5.520833333333333570e+01 -5.172258207443317102e-02 2.439258266065336757e-05
5.541666666666667140e+01 -5.337681564110859089e-02 2.505737866380782655e-05
5.562500000000000000e+01 -5.512734974912462255e-02 2.559681184331399358e-05
5.583333333333333570e+01 -5.695460286241710995e-02 2.607907612225171648e-05
5.604166666666667140e+01 -5.900971435931583187e-02 2.661381499580767844e-05
5.625000000000000000e+01 -6.111935815603156130e-02 2.654285282480614707e-05
5.645833333333333570e+01 -6.378154079746997662e-02 2.720761114891626981e-05
5.666666666666667140e+01 -6.674621384520920686e-02 2.773723153228545919e-05
5.687500000000000000e+01 -7.031225402486560028e-02 2.823400903652622808e-05
5.708333333333333570e+01 -7.460901247373230571e-02 2.924180011662581347e-05
5.729166666666667140e+01 -7.940878929680039722e-02 2.961313460743610776e-05
5.750000000000000000e+01 -8.497952413873947897e-02 2.993881035664057233e-05
5.770833333333333570e+01 -9.169904295649816683e-02 3.052895240624939593e-05
5.791666666666667140e+01 -1.002791104611373274e-01 3.166960951992563199e-05
5.812500000000000000e+01 -1.105383333746358943e-01 3.346007775671826809e-05
5.833333333333333570e+01 -1.232717616046055675e-01 3.623953563394615617e-05
5.854166666666667140e+01 -1.391153500581623348e-01 3.969839199238118669e-05
5.875000000000000000e+01 -1.591398213985566468e-01 4.352804906332091836e-05
5.895833333333333570e+01 -1.852257371544536180e-01 4.936846995973668661e-05
5.916666666666667140e+01 -2.194986909314760037e-01 5.762924732707459889e-05
5.937500000000000000e+01 -2.630528029216204211e-01 6.782827234323146452e-05
5.958333333333333570e+01 -3.207001593313490440e-01 8.271039540387503295e-05
5.979166666666667140e+01 -3.970877137389371425e-01 1.021752182279721819e-04
6.000000000000000000e+01 -4.999999999999998335e-01 1.298767974513499236e-04
