0.000000000000000000e+00 -4.999999999999999445e-01 5.295311162597774086e-05
2.083333333333333426e-01 -4.376371256737626725e-01 4.500024783239336355e-05
4.166666666666666852e-01 -3.874557293101940636e-01 3.884714043118405867e-05
6.250000000000000000e-01 -3.466553691281625271e-01 3.412146811331571631e-05
8.333333333333333703e-01 -3.133241017388963545e-01 3.047164989631195411e-05
1.041666666666666741e+00 -2.856219577483282146e-01 2.759017083972421520e-05
1.250000000000000000e+00 -2.621952820559731445e-01 2.526682759601924693e-05
1.458333333333333481e+00 -2.423438897647244294e-01 2.335378531271641793e-05
1.666666666666666741e+00 -2.253894545878526445e-01 2.174459490639201202e-05
1.875000000000000000e+00 -2.107072803496500280e-01 2.041796097948363550e-05
2.083333333333333481e+00 -1.979244115443028473e-01 1.931691940274212659e-05
2.291666666666666963e+00 -1.864584153811173206e-01 1.831025467729748270e-05
2.500000000000000000e+00 -1.762963747170158413e-01 1.739902325069414270e-05
2.708333333333333481e+00 -1.673195205752299186e-01 1.663149704881078524e-05
2.916666666666666963e+00 -1.593578883823023595e-01 1.602179066830440341e-05
3.125000000000000000e+00 -1.521444464826641751e-01 1.547060178529439283e-05
3.333333333333333481e+00 -1.455980930810489848e-01 1.496925456184807713e-05
3.541666666666666963e+00 -1.396003773136100801e-01 1.448706422014899307e-05
3.750000000000000000e+00 -1.340860036285533297e-01 1.402737487799562960e-05
3.958333333333333481e+00 -1.288893407701359739e-01 1.353544462393400271e-05
4.166666666666666963e+00 -1.241697113994734702e-01 1.312122577358274347e-05
4.375000000000000000e+00 -1.197217609929814852e-01 1.271387799963242854e-05
4.583333333333333925e+00 -1.155654886806878612e-01 1.232650377448845932e-05
4.791666666666666963e+00 -1.117884009333037915e-01 1.198469948603515170e-05
5.000000000000000000e+00 -1.083539729769199544e-01 1.166980678215936744e-05
5.208333333333333925e+00 -1.051693169144345408e-01 1.139943789749387718e-05
5.416666666666666963e+00 -1.021572284146302634e-01 1.113438066754884594e-05
5.625000000000000000e+00 -9.936843605534298463e-02 1.088473031557198029e-05
5.833333333333333925e+00 -9.671948395521184905e-02 1.066537508534257541e-05
6.041666666666666963e+00 -9.422660168394789149e-02 1.045608699778439135e-05
6.250000000000000000e+00 -9.182972204205758215e-02 1.025438841671500924e-05
6.458333333333333925e+00 -8.965306204976503102e-02 1.007827763896108775e-05
6.666666666666666963e+00 -8.761411208519390148e-02 9.885272765289018044e-06
6.875000000000000000e+00 -8.557911794266538641e-02 9.685251101301906059e-06
7.083333333333333925e+00 -8.366068741509723183e-02 9.506560956788049802e-06
7.291666666666666963e+00 -8.181311500331674147e-02 9.307347656879918889e-06
7.500000000000000000e+00 -8.004773801373191167e-02 9.155692312459801167e-06
7.708333333333333925e+00 -7.840521863339190711e-02 9.010633257786835595e-06
7.916666666666666963e+00 -7.680327700530541202e-02 8.844225922493802178e-06
8.125000000000000000e+00 -7.519126297292971772e-02 8.677995927839853404e-06
8.333333333333333925e+00 -7.368925791802266589e-02 8.523486847535063980e-06
8.541666666666667851e+00 -7.224804033532891689e-02 8.403946350389734170e-06
8.750000000000000000e+00 -7.085743801022900690e-02 8.314647156777469033e-06
8.958333333333333925e+00 -6.952249978563418420e-02 8.188302806836192019e-06
9.166666666666667851e+00 -6.826892725120821404e-02 8.073949307864798755e-06
9.375000000000000000e+00 -6.702445152942548834e-02 7.936550573263578568e-06
9.583333333333333925e+00 -6.591711993265267355e-02 7.869296670627329727e-06
9.791666666666667851e+00 -6.474481370324502993e-02 7.759647613483937055e-06
1.000000000000000000e+01 -6.364865948668796403e-02 7.655891869896669803e-06
1.020833333333333393e+01 -6.257250241572946681e-02 7.557831742374762984e-06
1.041666666666666785e+01 -6.151178859606040716e-02 7.436301422466371821e-06
1.062500000000000000e+01 -6.044778490561386608e-02 7.298431342058423943e-06
1.083333333333333393e+01 -5.943163533802735959e-02 7.192352467029704177e-06
1.104166666666666785e+01 -5.847719360042209769e-02 7.088025941957574686e-06
1.125000000000000000e+01 -5.757813321967347742e-02 6.998799139420385168e-06
1.145833333333333393e+01 -5.671443280138108861e-02 6.903115311475692201e-06
1.166666666666666785e+01 -5.583838457474714356e-02 6.760560173164224827e-06
1.187500000000000000e+01 -5.500561069818392379e-02 6.616278551034283117e-06
1.208333333333333393e+01 -5.421418339117571594e-02 6.534955299484014803e-06
1.229166666666666785e+01 -5.341962131254569812e-02 6.436355674714522102e-06
1.250000000000000000e+01 -5.270458005360116605e-02 6.404486788954055751e-06
1.270833333333333393e+01 -5.202248766640712313e-02 6.372334567804415850e-06
1.291666666666666785e+01 -5.132971259240669964e-02 6.311470194077351609e-06
1.312500000000000000e+01 -5.071414356414800928e-02 6.255583290942208990e-06
1.333333333333333393e+01 -5.013779347925180485e-02 6.202182665023661654e-06
1.354166666666666785e+01 -4.959106142472273493e-02 6.165604460400256498e-06
1.375000000000000000e+01 -4.908659684793761913e-02 6.137040013063632558e-06
1.395833333333333393e+01 -4.855749683045828408e-02 6.063475059306261597e-06
1.416666666666666785e+01 -4.806009474641252666e-02 6.024010111397205288e-06
1.437500000000000000e+01 -4.755220044456427708e-02 5.963492045839718393e-06
1.458333333333333393e+01 -4.705931563984917798e-02 5.922578973206107375e-06
1.479166666666666785e+01 -4.661131550552809200e-02 5.891618314343753707e-06
1.500000000000000000e+01 -4.621426349812549766e-02 5.864864679831263571e-06
1.520833333333333393e+01 -4.576375700133775148e-02 5.826531504821562632e-06
1.541666666666666785e+01 -4.536962017292513888e-02 5.798395776096215496e-06
1.562500000000000000e+01 -4.501928106105332339e-02 5.815375001410139808e-06
1.583333333333333393e+01 -4.464501436118339939e-02 5.787073091532906485e-06
1.604166666666666785e+01 -4.423499147928070668e-02 5.761291927235575371e-06
1.625000000000000000e+01 -4.383998525195850759e-02 5.728263184056095742e-06
1.645833333333333570e+01 -4.345369366482525197e-02 5.701285227063357890e-06
1.666666666666666785e+01 -4.307495848594664056e-02 5.649433900899251904e-06
1.687500000000000000e+01 -4.266197289696950501e-02 5.561720445327080067e-06
1.708333333333333570e+01 -4.224328830732973494e-02 5.482820444767870399e-06
1.729166666666666785e+01 -4.184176353963310613e-02 5.397033444015837756e-06
1.750000000000000000e+01 -4.145439458021372980e-02 5.347694432030317619e-06
1.770833333333333570e+01 -4.109381949830407527e-02 5.285536694422530486e-06
1.791666666666666785e+01 -4.075763081741275856e-02 5.238680054177491717e-06
1.812500000000000000e+01 -4.040501237903033893e-02 5.191482736122070393e-06
1.833333333333333570e+01 -4.008003008056379435e-02 5.150182679842730656e-06
1.854166666666666785e+01 -3.978792326678468050e-02 5.129575476975311388e-06
1.875000000000000000e+01 -3.945643243720679816e-02 5.097048404555832660e-06
1.895833333333333570e+01 -3.915991192712915681e-02 5.072022048151520889e-06
1.916666666666666785e+01 -3.890160495684065467e-02 5.031947587435553644e-06
1.937500000000000000e+01 -3.865001618715679932e-02 5.002754447079036874e-06
1.958333333333333570e+01 -3.835243386960363043e-02 4.942041278676441668e-06
1.979166666666666785e+01 -3.809453601036086323e-02 4.899758535144896965e-06
2.000000000000000000e+01 -3.783755680220665663e-02 4.868194032630723377e-06
2.020833333333333570e+01 -3.760791661163286059e-02 4.858136345657523024e-06
2.041666666666666785e+01 -3.739131988309226523e-02 4.846469634809194988e-06
2.062500000000000000e+01 -3.720917437461774419e-02 4.866982944761994348e-06
2.083333333333333570e+01 -3.698318656507601498e-02 4.840663993432984841e-06
2.104166666666666785e+01 -3.676044731130484466e-02 4.821963440002654706e-06
2.125000000000000000e+01 -3.653782219664661324e-02 4.759015780403838785e-06
2.145833333333333570e+01 -3.636306149682255739e-02 4.706265236210457027e-06
2.166666666666666785e+01 -3.621726740883160489e-02 4.686860978391165403e-06
2.187500000000000000e+01 -3.606584749602691209e-02 4.685988831367280622e-06
2.208333333333333570e+01 -3.589824529996092639e-02 4.687983111229200429e-06
2.229166666666666785e+01 -3.573112095654798481e-02 4.665820437735148144e-06
2.250000000000000000e+01 -3.558613100665866669e-02 4.676953287114234172e-06
2.270833333333333570e+01 -3.544051409517453427e-02 4.669899627391521059e-06
2.291666666666666785e+01 -3.535684394551646959e-02 4.677798774364199946e-06
2.312500000000000000e+01 -3.522848811684171910e-02 4.645093154777041925e-06
2.333333333333333570e+01 -3.513466770771803832e-02 4.650484880534393070e-06
2.354166666666666785e+01 -3.504270362919202630e-02 4.673340176487001435e-06
2.375000000000000000e+01 -3.495371897487674351e-02 4.647498099254543524e-06
2.395833333333333570e+01 -3.484260013874415640e-02 4.619265216611695008e-06
2.416666666666666785e+01 -3.473877103071279504e-02 4.622407621189481697e-06
2.437500000000000000e+01 -3.466579252113244358e-02 4.652294548820886348e-06
2.458333333333333570e+01 -3.456600112723456214e-02 4.697516352220206909e-06
2.479166666666666785e+01 -3.444803035996786555e-02 4.718505566485392105e-06
2.500000000000000000e+01 -3.432526287613499316e-02 4.719284611240141511e-06
2.520833333333333570e+01 -3.426948989040543014e-02 4.761348615028138760e-06
2.541666666666666785e+01 -3.415294499311588572e-02 4.757114049770723096e-06
2.562500000000000000e+01 -3.403626186511718443e-02 4.719911081930016104e-06
2.583333333333333570e+01 -3.392233339284823901e-02 4.700076648800463182e-06
2.604166666666666785e+01 -3.382047666884330228e-02 4.693342393374531251e-06
2.625000000000000000e+01 -3.374332459347506585e-02 4.713122928326018727e-06
2.645833333333333570e+01 -3.363030522115499632e-02 4.695900106685975955e-06
2.666666666666666785e+01 -3.354301672320511574e-02 4.695064933263132383e-06
2.687500000000000000e+01 -3.342727119134443481e-02 4.657353420714502456e-06
2.708333333333333570e+01 -3.329794421660705467e-02 4.616539685591234543e-06
2.729166666666666785e+01 -3.319715446337195147e-02 4.595106165452997961e-06
2.750000000000000000e+01 -3.310220105207321850e-02 4.547385342297355418e-06
2.770833333333333570e+01 -3.303902716860489253e-02 4.554853791143015571e-06
2.791666666666666785e+01 -3.300996831928633413e-02 4.564359331340452021e-06
2.812500000000000000e+01 -3.300258370226995253e-02 4.598445511151138962e-06
2.833333333333333570e+01 -3.298864766212172839e-02 4.620130908967060822e-06
2.854166666666666785e+01 -3.299160176561980601e-02 4.640265486795851633e-06
2.875000000000000000e+01 -3.298766035573125199e-02 4.637312774989899892e-06
2.895833333333333570e+01 -3.300547396580634507e-02 4.643581182214182048e-06
2.916666666666666785e+01 -3.299703405059335737e-02 4.649082681267633878e-06
2.937500000000000000e+01 -3.298509695246923390e-02 4.657014292192405454e-06
2.958333333333333570e+01 -3.300853960250926811e-02 4.700518037269359263e-06
2.979166666666666785e+01 -3.303959945076490046e-02 4.739888479894226615e-06
3.000000000000000000e+01 -3.303668961575641910e-02 4.755925562425203597e-06
3.020833333333333570e+01 -3.303959945076483107e-02 4.739888479894236779e-06
3.041666666666666785e+01 -3.300853960250926117e-02 4.700518037269355874e-06
3.062500000000000000e+01 -3.298509695246923390e-02 4.657014292192407148e-06
3.083333333333333570e+01 -3.299703405059346839e-02 4.649082681267632184e-06
3.104166666666666785e+01 -3.300547396580652548e-02 4.643581182214170190e-06
3.125000000000000000e+01 -3.298766035573109934e-02 4.637312774989893963e-06
3.145833333333333570e+01 -3.299160176561970192e-02 4.640265486795852480e-06
3.166666666666666785e+01 -3.298864766212168675e-02 4.620130908967058281e-06
3.187500000000000000e+01 -3.300258370226996640e-02 4.598445511151136421e-06
3.208333333333333570e+01 -3.300996831928629943e-02 4.564359331340450327e-06
3.229166666666667140e+01 -3.303902716860479538e-02 4.554853791143014724e-06
3.250000000000000000e+01 -3.310220105207323932e-02 4.547385342297355418e-06
3.270833333333333570e+01 -3.319715446337190290e-02 4.595106165452996267e-06
3.291666666666667140e+01 -3.329794421660710324e-02 4.616539685591237084e-06
3.312500000000000000e+01 -3.342727119134442093e-02 4.657353420714505844e-06
3.333333333333333570e+01 -3.354301672320515043e-02 4.695064933263132383e-06
3.354166666666667140e+01 -3.363030522115517673e-02 4.695900106685944615e-06
3.375000000000000000e+01 -3.374332459347530178e-02 4.713122928325983998e-06
3.395833333333333570e+01 -3.382047666884312187e-02 4.693342393374526169e-06
3.416666666666667140e+01 -3.392233339284825289e-02 4.700076648800436077e-06
3.437500000000000000e+01 -3.403626186511717749e-02 4.719911081930012716e-06
3.458333333333333570e+01 -3.415294499311592735e-02 4.757114049770740037e-06
3.479166666666667140e+01 -3.426948989040536769e-02 4.761348615028145536e-06
3.500000000000000000e+01 -3.432526287613500704e-02 4.719284611240133888e-06
3.520833333333333570e+01 -3.444803035996787943e-02 4.718505566485382787e-06
3.541666666666667140e+01 -3.456600112723456908e-02 4.697516352220203520e-06
3.562500000000000000e+01 -3.466579252113237419e-02 4.652294548820866020e-06
3.583333333333333570e+01 -3.473877103071269790e-02 4.622407621189479156e-06
3.604166666666667140e+01 -3.484260013874421191e-02 4.619265216611712795e-06
3.625000000000000000e+01 -3.495371897487665330e-02 4.647498099254524889e-06
3.645833333333333570e+01 -3.504270362919194304e-02 4.673340176486987882e-06
3.666666666666667140e+01 -3.513466770771806608e-02 4.650484880534383753e-06
3.687500000000000000e+01 -3.522848811684167747e-02 4.645093154777042772e-06
3.708333333333333570e+01 -3.535684394551641407e-02 4.677798774364205875e-06
3.729166666666667140e+01 -3.544051409517448570e-02 4.669899627391530376e-06
3.750000000000000000e+01 -3.558613100665868056e-02 4.676953287114225702e-06
3.770833333333333570e+01 -3.573112095654804032e-02 4.665820437735160849e-06
3.791666666666667140e+01 -3.589824529996087782e-02 4.687983111229200429e-06
3.812500000000000000e+01 -3.606584749602690515e-02 4.685988831367285704e-06
3.833333333333333570e+01 -3.621726740883168816e-02 4.686860978391168791e-06
3.854166666666667140e+01 -3.636306149682256433e-02 4.706265236210444322e-06
3.875000000000000000e+01 -3.653782219664677283e-02 4.759015780403840480e-06
3.895833333333333570e+01 -3.676044731130476140e-02 4.821963440002659788e-06
3.916666666666667140e+01 -3.698318656507598723e-02 4.840663993432991617e-06
3.937500000000000000e+01 -3.720917437461773725e-02 4.866982944762012983e-06
3.958333333333333570e+01 -3.739131988309225829e-02 4.846469634809200918e-06
3.979166666666667140e+01 -3.760791661163286753e-02 4.858136345657514554e-06
4.000000000000000000e+01 -3.783755680220663581e-02 4.868194032630714907e-06
4.020833333333333570e+01 -3.809453601036086323e-02 4.899758535144897812e-06
4.041666666666667140e+01 -3.835243386960361656e-02 4.942041278676453526e-06
4.062500000000000000e+01 -3.865001618715684095e-02 5.002754447079044498e-06
4.083333333333333570e+01 -3.890160495684065467e-02 5.031947587435564656e-06
4.104166666666667140e+01 -3.915991192712917068e-02 5.072022048151515806e-06
4.125000000000000000e+01 -3.945643243720665244e-02 5.097048404555824190e-06
4.145833333333333570e+01 -3.978792326678463886e-02 5.129575476975300376e-06
4.166666666666667140e+01 -4.008003008056386374e-02 5.150182679842720492e-06
4.187500000000000000e+01 -4.040501237903033199e-02 5.191482736122087334e-06
4.208333333333333570e+01 -4.075763081741276550e-02 5.238680054177492564e-06
4.229166666666667140e+01 -4.109381949830388098e-02 5.285536694422528792e-06
4.250000000000000000e+01 -4.145439458021386858e-02 5.347694432030296443e-06
4.270833333333333570e+01 -4.184176353963318246e-02 5.397033444015815733e-06
4.291666666666667140e+01 -4.224328830732956841e-02 5.482820444767866164e-06
4.312500000000000000e+01 -4.266197289696956052e-02 5.561720445327078373e-06
4.333333333333333570e+01 -4.307495848594665444e-02 5.649433900899249362e-06
4.354166666666667140e+01 -4.345369366482521034e-02 5.701285227063333326e-06
4.375000000000000000e+01 -4.383998525195844514e-02 5.728263184056115224e-06
4.395833333333333570e+01 -4.423499147928065811e-02 5.761291927235578759e-06
4.416666666666667140e+01 -4.464501436118353123e-02 5.787073091532879380e-06
4.437500000000000000e+01 -4.501928106105321237e-02 5.815375001410137267e-06
4.458333333333333570e+01 -4.536962017292524296e-02 5.798395776096225661e-06
4.479166666666667140e+01 -4.576375700133775148e-02 5.826531504821564326e-06
4.500000000000000000e+01 -4.621426349812550460e-02 5.864864679831267806e-06
4.520833333333333570e+01 -4.661131550552805036e-02 5.891618314343749472e-06
4.541666666666667140e+01 -4.705931563984919186e-02 5.922578973206095516e-06
4.562500000000000000e+01 -4.755220044456416606e-02 5.963492045839716699e-06
4.583333333333333570e+01 -4.806009474641248502e-02 6.024010111397205288e-06
4.604166666666667140e+01 -4.855749683045845755e-02 6.063475059306260750e-06
4.625000000000000000e+01 -4.908659684793752198e-02 6.137040013063623241e-06
4.645833333333333570e+01 -4.959106142472269330e-02 6.165604460400245487e-06
4.666666666666667140e+01 -5.013779347925171465e-02 6.202182665023661654e-06
4.687500000000000000e+01 -5.071414356414805091e-02 6.255583290942225083e-06
4.708333333333333570e+01 -5.132971259240663719e-02 6.311470194077357538e-06
4.729166666666667140e+01 -5.202248766640700517e-02 6.372334567804446343e-06
4.750000000000000000e+01 -5.270458005360129788e-02 6.404486788954021023e-06
4.770833333333333570e+01 -5.341962131254576751e-02 6.436355674714494150e-06
4.791666666666667140e+01 -5.421418339117570206e-02 6.534955299484025815e-06
4.812500000000000000e+01 -5.500561069818391685e-02 6.616278551034303446e-06
4.833333333333333570e+01 -5.583838457474725459e-02 6.760560173164210427e-06
4.854166666666667140e+01 -5.671443280138101922e-02 6.903115311475686272e-06
4.875000000000000000e+01 -5.757813321967338027e-02 6.998799139420398721e-06
4.895833333333333570e+01 -5.847719360042227116e-02 7.088025941957546734e-06
4.916666666666667140e+01 -5.943163533802743592e-02 7.192352467029717729e-06
4.937500000000000000e+01 -6.044778490561383832e-02 7.298431342058434108e-06
4.958333333333333570e+01 -6.151178859606051819e-02 7.436301422466355728e-06
4.979166666666667140e+01 -6.257250241572932803e-02 7.557831742374772302e-06
5.000000000000000000e+01 -6.364865948668800566e-02 7.655891869896647780e-06
5.020833333333333570e+01 -6.474481370324508545e-02 7.759647613483981101e-06
5.041666666666667140e+01 -6.591711993265253478e-02 7.869296670627300928e-06
5.062500000000000000e+01 -6.702445152942544671e-02 7.936550573263575180e-06
5.083333333333333570e+01 -6.826892725120822791e-02 8.073949307864790285e-06
5.104166666666667140e+01 -6.952249978563428134e-02 8.188302806836188631e-06
5.125000000000000000e+01 -7.085743801022900690e-02 8.314647156777477504e-06
5.145833333333333570e+01 -7.224804033532905567e-02 8.403946350389707065e-06
5.166666666666667140e+01 -7.368925791802258263e-02 8.523486847535074144e-06
5.187500000000000000e+01 -7.519126297292955119e-02 8.677995927839880509e-06
5.208333333333333570e+01 -7.680327700530542590e-02 8.844225922493785237e-06
5.229166666666667140e+01 -7.840521863339178221e-02 9.010633257786842371e-06
5.250000000000000000e+01 -8.004773801373188391e-02 9.155692312459780838e-06
5.270833333333333570e+01 -8.181311500331678310e-02 9.307347656879917194e-06
5.291666666666667140e+01 -8.366068741509717632e-02 9.506560956788039638e-06
5.312500000000000000e+01 -8.557911794266528926e-02 9.685251101301921306e-06
5.333333333333333570e+01 -8.761411208519384597e-02 9.885272765289018044e-06
5.354166666666667140e+01 -8.965306204976508653e-02 1.007827763896107928e-05
5.375000000000000000e+01 -9.182972204205773481e-02 1.025438841671496689e-05
5.395833333333333570e+01 -9.422660168394782210e-02 1.045608699778438288e-05
5.416666666666667140e+01 -9.671948395521180741e-02 1.066537508534260252e-05
5.437500000000000000e+01 -9.936843605534309565e-02 1.088473031557194471e-05
5.458333333333333570e+01 -1.021572284146301801e-01 1.113438066754888659e-05
5.479166666666667140e+01 -1.051693169144342910e-01 1.139943789749386363e-05
5.500000000000000000e+01 -1.083539729769202598e-01 1.166980678215931831e-05
5.520833333333333570e+01 -1.117884009333039164e-01 1.198469948603519744e-05
5.541666666666667140e+01 -1.155654886806875281e-01 1.232650377448851861e-05
5.562500000000000000e+01 -1.197217609929815130e-01 1.271387799963243701e-05
5.583333333333333570e+01 -1.241697113994736368e-01 1.312122577358280445e-05
5.604166666666667140e+01 -1.288893407701359184e-01 1.353544462393405014e-05
5.625000000000000000e+01 -1.340860036285530243e-01 1.402737487799570584e-05
5.645833333333333570e+01 -1.396003773136102466e-01 1.448706422014903373e-05
5.666666666666667140e+01 -1.455980930810487073e-01 1.496925456184815336e-05
5.687500000000000000e+01 -1.521444464826641474e-01 1.547060178529439283e-05
5.708333333333333570e+01 -1.593578883823025261e-01 1.602179066830434581e-05
5.729166666666667140e+01 -1.673195205752299186e-01 1.663149704881074459e-05
5.750000000000000000e+01 -1.762963747170158413e-01 1.739902325069419013e-05
5.770833333333333570e+01 -1.864584153811172929e-01 1.831025467729745221e-05
5.791666666666667140e+01 -1.979244115443029028e-01 1.931691940274216725e-05
5.812500000000000000e+01 -2.107072803496499447e-01 2.041796097948360162e-05
5.833333333333333570e+01 -2.253894545878527000e-01 2.174459490639200186e-05
5.854166666666667140e+01 -2.423438897647245405e-01 2.335378531271645858e-05
5.875000000000000000e+01 -2.621952820559730890e-01 2.526682759601923337e-05
5.895833333333333570e+01 -2.856219577483284366e-01 2.759017083972414405e-05
5.916666666666667140e+01 -3.133241017388960215e-01 3.047164989631195750e-05
5.937500000000000000e+01 -3.466553691281626381e-01 3.412146811331582473e-05
5.958333333333333570e+01 -3.874557293101938971e-01 3.884714043118409933e-05
5.979166666666667140e+01 -4.376371256737623394e-01 4.500024783239338388e-05
6.000000000000000000e+01 -5.000000000000000000e-01 5.295311162597774086e-05
