0.000000000000000000e+00 -5.000000000000007772e-01 1.962871917722810381e-04
2.083333333333333426e-01 -3.907974884360875256e-01 1.529744736052131011e-04
4.166666666666666852e-01 -3.099726775532664069e-01 1.328714780616167780e-04
6.250000000000000000e-01 -2.489007788023718248e-01 9.953121281417674207e-05
8.333333333333333703e-01 -2.034874901137355696e-01 7.503581269011996868e-05
1.041666666666666741e+00 -1.692419038861737723e-01 6.726177786782030544e-05
1.250000000000000000e+00 -1.419499272395385592e-01 5.673266857494345953e-05
1.458333333333333481e+00 -1.205612307103468284e-01 4.685868627739332997e-05
1.666666666666666741e+00 -1.033580885182517478e-01 4.208237770406188938e-05
1.875000000000000000e+00 -8.983607208016636259e-02 4.119583476732861994e-05
2.083333333333333481e+00 -7.955757262748430758e-02 4.763979980337556955e-05
2.291666666666666963e+00 -7.073597824742466900e-02 5.119324054185303346e-05
2.500000000000000000e+00 -6.347351156292672936e-02 4.873218919154660494e-05
2.708333333333333481e+00 -5.783774848531991752e-02 5.200984926136890778e-05
2.916666666666666963e+00 -5.285451784798456121e-02 4.919014326506630905e-05
3.125000000000000000e+00 -4.894831903330314898e-02 4.174438292494972973e-05
3.333333333333333481e+00 -4.613781513424407982e-02 3.941240348608360971e-05
3.541666666666666963e+00 -4.339416015361995116e-02 3.708186261449039644e-05
3.750000000000000000e+00 -4.104314488619165147e-02 3.446222560435854170e-05
3.958333333333333481e+00 -3.952844487289296216e-02 3.838928887574485259e-05
4.166666666666666963e+00 -3.789522489780497438e-02 3.669466290824417173e-05
4.375000000000000000e+00 -3.667159439528303727e-02 3.837634291507048458e-05
4.583333333333333925e+00 -3.519931633585379749e-02 3.581126726013916317e-05
4.791666666666666963e+00 -3.422989704305681030e-02 3.596712057358933748e-05
5.000000000000000000e+00 -3.313446406566010471e-02 3.333339177341672810e-05
5.208333333333333925e+00 -3.218341936092658506e-02 3.069589624766505548e-05
5.416666666666666963e+00 -3.088796390149716256e-02 2.907934118535679589e-05
5.625000000000000000e+00 -2.951860811684868524e-02 2.766119076155397163e-05
5.833333333333333925e+00 -2.819489011567696130e-02 2.670520346654557583e-05
6.041666666666666963e+00 -2.692290158645464088e-02 2.610240537324438008e-05
6.250000000000000000e+00 -2.588215444137756741e-02 2.475398331751078206e-05
6.458333333333333925e+00 -2.502486234438500157e-02 2.386723665737667581e-05
6.666666666666666963e+00 -2.466714397201195952e-02 2.319858533715719298e-05
6.875000000000000000e+00 -2.444340330225856089e-02 2.302090328914048684e-05
7.083333333333333925e+00 -2.480347491092685722e-02 2.442740769031138948e-05
7.291666666666666963e+00 -2.508129997012038814e-02 2.598134901894102089e-05
7.500000000000000000e+00 -2.496186929193431464e-02 2.625618494201778947e-05
7.708333333333333925e+00 -2.493989115438468435e-02 2.693533241716346933e-05
7.916666666666666963e+00 -2.484979092010992235e-02 2.760912305327439733e-05
8.125000000000000000e+00 -2.467916963124023449e-02 2.787987295985745859e-05
8.333333333333333925e+00 -2.469390813518074212e-02 2.829762241768916318e-05
8.541666666666667851e+00 -2.457110325402093315e-02 2.872283088165745278e-05
8.750000000000000000e+00 -2.415310838805337368e-02 2.776710399312052523e-05
8.958333333333333925e+00 -2.374133985550748796e-02 2.722055214619517984e-05
9.166666666666667851e+00 -2.330759180669458169e-02 2.675162068136266539e-05
9.375000000000000000e+00 -2.313350446503133553e-02 2.661334531853452360e-05
9.583333333333333925e+00 -2.301485029327633020e-02 2.688111446967245510e-05
9.791666666666667851e+00 -2.317535841335120403e-02 2.801052862723558054e-05
1.000000000000000000e+01 -2.330456947438035165e-02 2.890255758710990892e-05
1.020833333333333393e+01 -2.311063421505263685e-02 2.846092112515237189e-05
1.041666666666666785e+01 -2.316324772749964178e-02 2.824303048956255566e-05
1.062500000000000000e+01 -2.327106452839070722e-02 2.923445999500227856e-05
1.083333333333333393e+01 -2.298702286781002802e-02 2.928181448572175305e-05
1.104166666666666785e+01 -2.243087501912487819e-02 2.805854926576215711e-05
1.125000000000000000e+01 -2.219732170108426952e-02 2.751343246452759385e-05
1.145833333333333393e+01 -2.208643254772466730e-02 2.750803529049716323e-05
1.166666666666666785e+01 -2.193277641568219458e-02 2.697857170908064188e-05
1.187500000000000000e+01 -2.180608800512195966e-02 2.661912382428686024e-05
1.208333333333333393e+01 -2.162204255085124066e-02 2.664576970437007814e-05
1.229166666666666785e+01 -2.164182633466642941e-02 2.762729624832288864e-05
1.250000000000000000e+01 -2.149485566640098322e-02 2.741101940511316931e-05
1.270833333333333393e+01 -2.123014447726409570e-02 2.729244065716210198e-05
1.291666666666666785e+01 -2.079280824231500430e-02 2.625733063118393997e-05
1.312500000000000000e+01 -2.088039600956187458e-02 2.741265526107923014e-05
1.333333333333333393e+01 -2.081050187277127400e-02 2.852390137400496095e-05
1.354166666666666785e+01 -2.055248363159138669e-02 2.785682106209093513e-05
1.375000000000000000e+01 -2.018887894116925402e-02 2.711082866125398474e-05
1.395833333333333393e+01 -2.000836534417933799e-02 2.697818780449112041e-05
1.416666666666666785e+01 -1.933103716979680392e-02 2.573535355263932372e-05
1.437500000000000000e+01 -1.878131768598893803e-02 2.438606020914949469e-05
1.458333333333333393e+01 -1.826358766084594520e-02 2.269816145098440933e-05
1.479166666666666785e+01 -1.801377967134663166e-02 2.293996476437851895e-05
1.500000000000000000e+01 -1.807212830432517597e-02 2.403081433795228037e-05
1.520833333333333393e+01 -1.769098635157818900e-02 2.349004628049518366e-05
1.541666666666666785e+01 -1.736963483147107787e-02 2.295389511397268785e-05
1.562500000000000000e+01 -1.716272587177414266e-02 2.362660953059500394e-05
1.583333333333333393e+01 -1.689533355305347997e-02 2.356289583599049448e-05
1.604166666666666785e+01 -1.713050282401752666e-02 2.434466950085753355e-05
1.625000000000000000e+01 -1.733761954427927646e-02 2.607203279111904671e-05
1.645833333333333570e+01 -1.728920290742631816e-02 2.650181623226788741e-05
1.666666666666666785e+01 -1.748988317664011347e-02 2.803614093069375809e-05
1.687500000000000000e+01 -1.706814536948242020e-02 2.644146212556449299e-05
1.708333333333333570e+01 -1.661790909253962195e-02 2.505829567557431878e-05
1.729166666666666785e+01 -1.599468682882414228e-02 2.331408590473332959e-05
1.750000000000000000e+01 -1.547742352772888894e-02 2.202183598158509540e-05
1.770833333333333570e+01 -1.499830578155360999e-02 2.070067114069489375e-05
1.791666666666666785e+01 -1.462160943729970582e-02 2.053974453583790397e-05
1.812500000000000000e+01 -1.443831037832759775e-02 2.210584710042666864e-05
1.833333333333333570e+01 -1.406045592297754804e-02 2.254130953922752200e-05
1.854166666666666785e+01 -1.413983133596165287e-02 2.269693200245313653e-05
1.875000000000000000e+01 -1.422557781913197025e-02 2.416475415293187684e-05
1.895833333333333570e+01 -1.455175542565539590e-02 2.465303742020433814e-05
1.916666666666666785e+01 -1.468606584860061501e-02 2.458051662232299390e-05
1.937500000000000000e+01 -1.472413454426013332e-02 2.468976673742155333e-05
1.958333333333333570e+01 -1.446939400322527422e-02 2.261434500540132012e-05
1.979166666666666785e+01 -1.443100017373597117e-02 2.146505196975361310e-05
2.000000000000000000e+01 -1.442282684346752990e-02 2.072025563444139168e-05
2.020833333333333570e+01 -1.458179155327481158e-02 2.111209527894583582e-05
2.041666666666666785e+01 -1.472739564852052277e-02 2.210063081028811779e-05
2.062500000000000000e+01 -1.495307838401083861e-02 2.289706723868413122e-05
2.083333333333333570e+01 -1.518918942407347129e-02 2.385310765375462766e-05
2.104166666666666785e+01 -1.527597511040840877e-02 2.415991738008252691e-05
2.125000000000000000e+01 -1.544291364083140439e-02 2.577252444607515649e-05
2.145833333333333570e+01 -1.555548696245423641e-02 2.554603606664728398e-05
2.166666666666666785e+01 -1.556705444718957561e-02 2.517757557273601746e-05
2.187500000000000000e+01 -1.536567619229074234e-02 2.411868795503974578e-05
2.208333333333333570e+01 -1.519454936423346621e-02 2.439087200525373264e-05
2.229166666666666785e+01 -1.486113298272496649e-02 2.298594074821799793e-05
2.250000000000000000e+01 -1.478567013872007785e-02 2.207377978779267709e-05
2.270833333333333570e+01 -1.473917603315852767e-02 2.175608047481542682e-05
2.291666666666666785e+01 -1.469235161903691481e-02 2.156997580352604531e-05
2.312500000000000000e+01 -1.497878099383650324e-02 2.311578885900122498e-05
2.333333333333333570e+01 -1.529361974367522518e-02 2.382931449657485154e-05
2.354166666666666785e+01 -1.559503105615423456e-02 2.413607952699038108e-05
2.375000000000000000e+01 -1.590256836113364269e-02 2.481934865556645467e-05
2.395833333333333570e+01 -1.642572219950531182e-02 2.628199802302805905e-05
2.416666666666666785e+01 -1.659513727151152446e-02 2.716586180934615788e-05
2.437500000000000000e+01 -1.674141081194632091e-02 2.801951837755673787e-05
2.458333333333333570e+01 -1.650741968339969681e-02 2.722854064221548275e-05
2.479166666666666785e+01 -1.596572376106836222e-02 2.577197057297921613e-05
2.500000000000000000e+01 -1.551324284172760776e-02 2.469823035854338045e-05
2.520833333333333570e+01 -1.488507576722750830e-02 2.229390295968747434e-05
2.541666666666666785e+01 -1.442841669638206606e-02 2.091935213186730931e-05
2.562500000000000000e+01 -1.424662246856152337e-02 2.039771806399346668e-05
2.583333333333333570e+01 -1.400084834225681293e-02 1.983756844608574823e-05
2.604166666666666785e+01 -1.372980357901542464e-02 1.954683607022307244e-05
2.625000000000000000e+01 -1.352340242407539840e-02 1.874615975325433285e-05
2.645833333333333570e+01 -1.355890619170546825e-02 1.883825840740298367e-05
2.666666666666666785e+01 -1.348122938507948301e-02 1.888018296476921912e-05
2.687500000000000000e+01 -1.349451485133450548e-02 1.991990069016966094e-05
2.708333333333333570e+01 -1.360007491859504224e-02 2.000211010345673648e-05
2.729166666666666785e+01 -1.356625491704155535e-02 1.917994388346562333e-05
2.750000000000000000e+01 -1.373413783168740861e-02 1.979342613280025515e-05
2.770833333333333570e+01 -1.406299372984550627e-02 2.082415300211293491e-05
2.791666666666666785e+01 -1.428796920453767605e-02 2.144965810665245686e-05
2.812500000000000000e+01 -1.461683565765959335e-02 2.287380497628815776e-05
2.833333333333333570e+01 -1.473977905402071124e-02 2.317664002303374343e-05
2.854166666666666785e+01 -1.490828026944460323e-02 2.314390560247511203e-05
2.875000000000000000e+01 -1.465226378681308214e-02 2.148255660271727413e-05
2.895833333333333570e+01 -1.465910459697208901e-02 2.146303604185722353e-05
2.916666666666666785e+01 -1.449623516813762850e-02 2.083800879726352195e-05
2.937500000000000000e+01 -1.423502724339497164e-02 1.946121786349812506e-05
2.958333333333333570e+01 -1.445639892666634313e-02 2.067761323387559751e-05
2.979166666666666785e+01 -1.436949117508407904e-02 2.000497121478539677e-05
3.000000000000000000e+01 -1.425269907738832380e-02 1.922477451323461491e-05
3.020833333333333570e+01 -1.436949117508407384e-02 2.000497121478542049e-05
3.041666666666666785e+01 -1.445639892666629803e-02 2.067761323387566527e-05
3.062500000000000000e+01 -1.423502724339501327e-02 1.946121786349816571e-05
3.083333333333333570e+01 -1.449623516813761982e-02 2.083800879726357616e-05
3.104166666666666785e+01 -1.465910459697204390e-02 2.146303604185728791e-05
3.125000000000000000e+01 -1.465226378681313071e-02 2.148255660271729107e-05
3.145833333333333570e+01 -1.490828026944459803e-02 2.314390560247507814e-05
3.166666666666666785e+01 -1.473977905402073380e-02 2.317664002303371294e-05
3.187500000000000000e+01 -1.461683565765956733e-02 2.287380497628814760e-05
3.208333333333333570e+01 -1.428796920453759625e-02 2.144965810665246025e-05
3.229166666666667140e+01 -1.406299372984546638e-02 2.082415300211292136e-05
3.250000000000000000e+01 -1.373413783168741034e-02 1.979342613280021788e-05
3.270833333333333570e+01 -1.356625491704154841e-02 1.917994388346556912e-05
3.291666666666667140e+01 -1.360007491859503703e-02 2.000211010345666533e-05
3.312500000000000000e+01 -1.349451485133450375e-02 1.991990069016961350e-05
3.333333333333333570e+01 -1.348122938507943618e-02 1.888018296476920557e-05
3.354166666666667140e+01 -1.355890619170548907e-02 1.883825840740299044e-05
3.375000000000000000e+01 -1.352340242407540707e-02 1.874615975325433285e-05
3.395833333333333570e+01 -1.372980357901537607e-02 1.954683607022308261e-05
3.416666666666667140e+01 -1.400084834225678171e-02 1.983756844608576856e-05
3.437500000000000000e+01 -1.424662246856147479e-02 2.039771806399342602e-05
3.458333333333333570e+01 -1.442841669638214239e-02 2.091935213186718056e-05
3.479166666666667140e+01 -1.488507576722747534e-02 2.229390295968737947e-05
3.500000000000000000e+01 -1.551324284172757653e-02 2.469823035854328897e-05
3.520833333333333570e+01 -1.596572376106833446e-02 2.577197057297912804e-05
3.541666666666667140e+01 -1.650741968339956844e-02 2.722854064221543531e-05
3.562500000000000000e+01 -1.674141081194634520e-02 2.801951837755661251e-05
3.583333333333333570e+01 -1.659513727151159732e-02 2.716586180934604268e-05
3.604166666666667140e+01 -1.642572219950524937e-02 2.628199802302801162e-05
3.625000000000000000e+01 -1.590256836113365657e-02 2.481934865556643434e-05
3.645833333333333570e+01 -1.559503105615425711e-02 2.413607952699039802e-05
3.666666666666667140e+01 -1.529361974367521478e-02 2.382931449657493285e-05
3.687500000000000000e+01 -1.497878099383645120e-02 2.311578885900138084e-05
3.708333333333333570e+01 -1.469235161903690787e-02 2.156997580352615373e-05
3.729166666666667140e+01 -1.473917603315851380e-02 2.175608047481548781e-05
3.750000000000000000e+01 -1.478567013872009867e-02 2.207377978779264999e-05
3.770833333333333570e+01 -1.486113298272508099e-02 2.298594074821792000e-05
3.791666666666667140e+01 -1.519454936423349223e-02 2.439087200525366148e-05
3.812500000000000000e+01 -1.536567619229074061e-02 2.411868795503978305e-05
3.833333333333333570e+01 -1.556705444718964326e-02 2.517757557273610556e-05
3.854166666666667140e+01 -1.555548696245407335e-02 2.554603606664746694e-05
3.875000000000000000e+01 -1.544291364083140439e-02 2.577252444607526152e-05
3.895833333333333570e+01 -1.527597511040843827e-02 2.415991738008256757e-05
3.916666666666667140e+01 -1.518918942407338282e-02 2.385310765375465137e-05
3.937500000000000000e+01 -1.495307838401088024e-02 2.289706723868407024e-05
3.958333333333333570e+01 -1.472739564852059216e-02 2.210063081028798565e-05
3.979166666666667140e+01 -1.458179155327480117e-02 2.111209527894573757e-05
4.000000000000000000e+01 -1.442282684346746918e-02 2.072025563444130359e-05
4.020833333333333570e+01 -1.443100017373603883e-02 2.146505196975350468e-05
4.041666666666667140e+01 -1.446939400322513197e-02 2.261434500540125914e-05
4.062500000000000000e+01 -1.472413454426014200e-02 2.468976673742147201e-05
4.083333333333333570e+01 -1.468606584860060807e-02 2.458051662232293630e-05
4.104166666666667140e+01 -1.455175542565541671e-02 2.465303742020428731e-05
4.125000000000000000e+01 -1.422557781913184188e-02 2.416475415293182602e-05
4.145833333333333570e+01 -1.413983133596182634e-02 2.269693200245304844e-05
4.166666666666667140e+01 -1.406045592297760008e-02 2.254130953922743391e-05
4.187500000000000000e+01 -1.443831037832756306e-02 2.210584710042661104e-05
4.208333333333333570e+01 -1.462160943729963469e-02 2.053974453583787686e-05
4.229166666666667140e+01 -1.499830578155343652e-02 2.070067114069485987e-05
4.250000000000000000e+01 -1.547742352772888894e-02 2.202183598158501408e-05
4.270833333333333570e+01 -1.599468682882421861e-02 2.331408590473317712e-05
4.291666666666667140e+01 -1.661790909253951093e-02 2.505829567557417648e-05
4.312500000000000000e+01 -1.706814536948251387e-02 2.644146212556430325e-05
4.333333333333333570e+01 -1.748988317664011694e-02 2.803614093069355819e-05
4.354166666666667140e+01 -1.728920290742619326e-02 2.650181623226775866e-05
4.375000000000000000e+01 -1.733761954427921401e-02 2.607203279111897556e-05
4.395833333333333570e+01 -1.713050282401753360e-02 2.434466950085749289e-05
4.416666666666667140e+01 -1.689533355305349385e-02 2.356289583599043350e-05
4.437500000000000000e+01 -1.716272587177406286e-02 2.362660953059494295e-05
4.458333333333333570e+01 -1.736963483147128950e-02 2.295389511397262687e-05
4.479166666666667140e+01 -1.769098635157819940e-02 2.349004628049521077e-05
4.500000000000000000e+01 -1.807212830432513781e-02 2.403081433795236168e-05
4.520833333333333570e+01 -1.801377967134657615e-02 2.293996476437861382e-05
4.541666666666667140e+01 -1.826358766084591745e-02 2.269816145098448387e-05
4.562500000000000000e+01 -1.878131768598893456e-02 2.438606020914952180e-05
4.583333333333333570e+01 -1.933103716979681780e-02 2.573535355263931017e-05
4.604166666666667140e+01 -2.000836534417940044e-02 2.697818780449105943e-05
4.625000000000000000e+01 -2.018887894116935464e-02 2.711082866125395086e-05
4.645833333333333570e+01 -2.055248363159136935e-02 2.785682106209092158e-05
4.666666666666667140e+01 -2.081050187277127053e-02 2.852390137400496095e-05
4.687500000000000000e+01 -2.088039600956195785e-02 2.741265526107929790e-05
4.708333333333333570e+01 -2.079280824231507369e-02 2.625733063118406533e-05
4.729166666666667140e+01 -2.123014447726386672e-02 2.729244065716231882e-05
4.750000000000000000e+01 -2.149485566640111506e-02 2.741101940511325063e-05
4.770833333333333570e+01 -2.164182633466643635e-02 2.762729624832293608e-05
4.791666666666667140e+01 -2.162204255085122678e-02 2.664576970437014251e-05
4.812500000000000000e+01 -2.180608800512190415e-02 2.661912382428689413e-05
4.833333333333333570e+01 -2.193277641568230560e-02 2.697857170908062155e-05
4.854166666666667140e+01 -2.208643254772462566e-02 2.750803529049715646e-05
4.875000000000000000e+01 -2.219732170108421054e-02 2.751343246452760062e-05
4.895833333333333570e+01 -2.243087501912502391e-02 2.805854926576211307e-05
4.916666666666667140e+01 -2.298702286781000720e-02 2.928181448572171917e-05
4.937500000000000000e+01 -2.327106452839065170e-02 2.923445999500226501e-05
4.958333333333333570e+01 -2.316324772749973199e-02 2.824303048956252178e-05
4.979166666666667140e+01 -2.311063421505255705e-02 2.846092112515237189e-05
5.000000000000000000e+01 -2.330456947438038287e-02 2.890255758710985471e-05
5.020833333333333570e+01 -2.317535841335119362e-02 2.801052862723556360e-05
5.041666666666667140e+01 -2.301485029327628856e-02 2.688111446967245171e-05
5.062500000000000000e+01 -2.313350446503120716e-02 2.661334531853456426e-05
5.083333333333333570e+01 -2.330759180669471353e-02 2.675162068136265522e-05
5.104166666666667140e+01 -2.374133985550742898e-02 2.722055214619520017e-05
5.125000000000000000e+01 -2.415310838805343613e-02 2.776710399312043713e-05
5.145833333333333570e+01 -2.457110325402112744e-02 2.872283088165730031e-05
5.166666666666667140e+01 -2.469390813518054784e-02 2.829762241768915302e-05
5.187500000000000000e+01 -2.467916963124024490e-02 2.787987295985749247e-05
5.208333333333333570e+01 -2.484979092010997787e-02 2.760912305327442104e-05
5.229166666666667140e+01 -2.493989115438464271e-02 2.693533241716351676e-05
5.250000000000000000e+01 -2.496186929193430076e-02 2.625618494201783690e-05
5.270833333333333570e+01 -2.508129997012051998e-02 2.598134901894103444e-05
5.291666666666667140e+01 -2.480347491092689885e-02 2.442740769031140303e-05
5.312500000000000000e+01 -2.444340330225844640e-02 2.302090328914051394e-05
5.333333333333333570e+01 -2.466714397201196993e-02 2.319858533715722686e-05
5.354166666666667140e+01 -2.502486234438511953e-02 2.386723665737672663e-05
5.375000000000000000e+01 -2.588215444137752230e-02 2.475398331751084305e-05
5.395833333333333570e+01 -2.692290158645478659e-02 2.610240537324446479e-05
5.416666666666667140e+01 -2.819489011567697517e-02 2.670520346654567747e-05
5.437500000000000000e+01 -2.951860811684876157e-02 2.766119076155408682e-05
5.458333333333333570e+01 -3.088796390149718338e-02 2.907934118535693480e-05
5.479166666666667140e+01 -3.218341936092643935e-02 3.069589624766520455e-05
5.500000000000000000e+01 -3.313446406566026431e-02 3.333339177341685007e-05
5.520833333333333570e+01 -3.422989704305690745e-02 3.596712057358947978e-05
5.541666666666667140e+01 -3.519931633585365871e-02 3.581126726013936646e-05
5.562500000000000000e+01 -3.667159439528303727e-02 3.837634291507068787e-05
5.583333333333333570e+01 -3.789522489780515480e-02 3.669466290824434791e-05
5.604166666666667140e+01 -3.952844487289302461e-02 3.838928887574506943e-05
5.625000000000000000e+01 -4.104314488619151269e-02 3.446222560435873144e-05
5.645833333333333570e+01 -4.339416015362022871e-02 3.708186261449051164e-05
5.666666666666667140e+01 -4.613781513424395492e-02 3.941240348608380622e-05
5.687500000000000000e+01 -4.894831903330327388e-02 4.174438292494987880e-05
5.708333333333333570e+01 -5.285451784798465835e-02 4.919014326506656654e-05
5.729166666666667140e+01 -5.783774848531984814e-02 5.200984926136913817e-05
5.750000000000000000e+01 -6.347351156292677099e-02 4.873218919154679468e-05
5.770833333333333570e+01 -7.073597824742462736e-02 5.119324054185330451e-05
5.791666666666667140e+01 -7.955757262748441860e-02 4.763979980337585416e-05
5.812500000000000000e+01 -8.983607208016622381e-02 4.119583476732888421e-05
5.833333333333333570e+01 -1.033580885182517894e-01 4.208237770406218076e-05
5.854166666666667140e+01 -1.205612307103469255e-01 4.685868627739358746e-05
5.875000000000000000e+01 -1.419499272395386424e-01 5.673266857494372380e-05
5.895833333333333570e+01 -1.692419038861739666e-01 6.726177786782065781e-05
5.916666666666667140e+01 -2.034874901137354031e-01 7.503581269012025328e-05
5.937500000000000000e+01 -2.489007788023721579e-01 9.953121281417691825e-05
5.958333333333333570e+01 -3.099726775532666845e-01 1.328714780616169135e-04
5.979166666666667140e+01 -3.907974884360876922e-01 1.529744736052132095e-04
6.000000000000000000e+01 -4.999999999999992228e-01 1.962871917722810381e-04
