0.000000000000000000e+00 -4.999999999999997224e-01 6.228223702793635208e-05
2.083333333333333426e-01 -4.312788963654862195e-01 5.239219724384144069e-05
4.166666666666666852e-01 -3.770219447080196962e-01 4.464421316369452872e-05
6.250000000000000000e-01 -3.338457663831236877e-01 3.870204189583430524e-05
8.333333333333333703e-01 -2.991552248073546805e-01 3.422909378202390867e-05
1.041666666666666741e+00 -2.708307367244236485e-01 3.078678536400912297e-05
1.250000000000000000e+00 -2.474034669065292014e-01 2.811764964919613466e-05
1.458333333333333481e+00 -2.278636055637198177e-01 2.600908299934042719e-05
1.666666666666666741e+00 -2.112269783455435757e-01 2.429654401305910056e-05
1.875000000000000000e+00 -1.970070833433659740e-01 2.287024510778921813e-05
2.083333333333333481e+00 -1.848142791446314437e-01 2.164234104175940865e-05
2.291666666666666963e+00 -1.743270551694934833e-01 2.067942756918859115e-05
2.500000000000000000e+00 -1.652108889168683037e-01 1.987488706632054136e-05
2.708333333333333481e+00 -1.572570045086436052e-01 1.914977942775887549e-05
2.916666666666666963e+00 -1.501656635019607555e-01 1.850339257220984257e-05
3.125000000000000000e+00 -1.436575613784706051e-01 1.790337040571882062e-05
3.333333333333333481e+00 -1.378067613129161928e-01 1.734888536646334787e-05
3.541666666666666963e+00 -1.322814214057115856e-01 1.685635034696343154e-05
3.750000000000000000e+00 -1.271168288510395317e-01 1.639991673280676883e-05
3.958333333333333481e+00 -1.223480177471998054e-01 1.594132183583367424e-05
4.166666666666666963e+00 -1.180061636451835289e-01 1.554427954280655164e-05
4.375000000000000000e+00 -1.140489941056107293e-01 1.519631366085232996e-05
4.583333333333333925e+00 -1.104857578142195984e-01 1.489253462907553699e-05
4.791666666666666963e+00 -1.071666809921738572e-01 1.465948434958290677e-05
5.000000000000000000e+00 -1.041275615068251448e-01 1.438117955320519998e-05
5.208333333333333925e+00 -1.013107406212107875e-01 1.419963272951391521e-05
5.416666666666666963e+00 -9.860928041196367899e-02 1.402640601734140530e-05
5.625000000000000000e+00 -9.607232848830690730e-02 1.383861511296296775e-05
5.833333333333333925e+00 -9.366402656733288645e-02 1.348056841391571104e-05
6.041666666666666963e+00 -9.132796725623044953e-02 1.311154539543588420e-05
6.250000000000000000e+00 -8.908148686172336073e-02 1.288457378182712590e-05
6.458333333333333925e+00 -8.699023507630943008e-02 1.260998460265813382e-05
6.666666666666666963e+00 -8.487629672157007144e-02 1.233083264977645130e-05
6.875000000000000000e+00 -8.293573783395408183e-02 1.194951826910293377e-05
7.083333333333333925e+00 -8.102466718701797910e-02 1.154561255635459029e-05
7.291666666666666963e+00 -7.922070745989884255e-02 1.126521228613857633e-05
7.500000000000000000e+00 -7.750207839866521398e-02 1.105596469193342399e-05
7.708333333333333925e+00 -7.587966799346942959e-02 1.085795684026590247e-05
7.916666666666666963e+00 -7.436496620730076446e-02 1.072146582852720166e-05
8.125000000000000000e+00 -7.292946293632598942e-02 1.063217655371805228e-05
8.333333333333333925e+00 -7.157757366965999957e-02 1.055360413781210060e-05
8.541666666666667851e+00 -7.023589873333516143e-02 1.046786588209796940e-05
8.750000000000000000e+00 -6.888557252573446199e-02 1.029460441689947488e-05
8.958333333333333925e+00 -6.754627503177104697e-02 1.010526611952813612e-05
9.166666666666667851e+00 -6.632777850592945501e-02 1.002783360070128808e-05
9.375000000000000000e+00 -6.520332845558557411e-02 9.972267413775553173e-06
9.583333333333333925e+00 -6.414949048220797145e-02 9.844296317592917141e-06
9.791666666666667851e+00 -6.310500542927406642e-02 9.693595479224662828e-06
1.000000000000000000e+01 -6.207935630716239495e-02 9.519145002610048830e-06
1.020833333333333393e+01 -6.108732906738527368e-02 9.340902150036073620e-06
1.041666666666666785e+01 -6.011376814748502218e-02 9.201780730269137852e-06
1.062500000000000000e+01 -5.914465210133688922e-02 9.013245336657363293e-06
1.083333333333333393e+01 -5.817693714367631885e-02 8.856687106892688734e-06
1.104166666666666785e+01 -5.725312746890039162e-02 8.699702359374325553e-06
1.125000000000000000e+01 -5.640766718784590711e-02 8.601000456044200155e-06
1.145833333333333393e+01 -5.563269540464359925e-02 8.569884485745633194e-06
1.166666666666666785e+01 -5.492199628338685635e-02 8.551290428983441020e-06
1.187500000000000000e+01 -5.420207127463680385e-02 8.501684150658038461e-06
1.208333333333333393e+01 -5.348037776817224365e-02 8.406390670870186519e-06
1.229166666666666785e+01 -5.274161970939051508e-02 8.270995867325912473e-06
1.250000000000000000e+01 -5.208142174131784319e-02 8.132904000450430726e-06
1.270833333333333393e+01 -5.151597582112644319e-02 8.062961952522119339e-06
1.291666666666666785e+01 -5.093315558498419382e-02 8.020624904569220162e-06
1.312500000000000000e+01 -5.031006667447610742e-02 7.947365436832084411e-06
1.333333333333333393e+01 -4.962941345535547277e-02 7.822992242931960620e-06
1.354166666666666785e+01 -4.905097357104118427e-02 7.779657907952846116e-06
1.375000000000000000e+01 -4.852525429964617276e-02 7.755771074738211478e-06
1.395833333333333393e+01 -4.796887835066390715e-02 7.684715486804375459e-06
1.416666666666666785e+01 -4.734435144246729177e-02 7.566522144101592459e-06
1.437500000000000000e+01 -4.675038681818355357e-02 7.476079050395738354e-06
1.458333333333333393e+01 -4.616547584700134155e-02 7.356587844003180987e-06
1.479166666666666785e+01 -4.569886011704245299e-02 7.282493741193423576e-06
1.500000000000000000e+01 -4.528892681213764204e-02 7.259100486838335561e-06
1.520833333333333393e+01 -4.483719779996045429e-02 7.180811120305687867e-06
1.541666666666666785e+01 -4.443399262449838211e-02 7.152624048961427202e-06
1.562500000000000000e+01 -4.406736346650158564e-02 7.141406800908266686e-06
1.583333333333333393e+01 -4.362411309776839663e-02 7.024637560602732054e-06
1.604166666666666785e+01 -4.316895446228080635e-02 7.331807906606989243e-06
1.625000000000000000e+01 -4.280024865547804591e-02 7.344998594052723316e-06
1.645833333333333570e+01 -4.243540811066966872e-02 7.138388609265789404e-06
1.666666666666666785e+01 -4.209415707365510295e-02 7.353958269915396496e-06
1.687500000000000000e+01 -4.175181231170124740e-02 7.250757159965003695e-06
1.708333333333333570e+01 -4.143921968046519744e-02 7.062763006467164307e-06
1.729166666666666785e+01 -4.110238476938823937e-02 6.891783768786006141e-06
1.750000000000000000e+01 -4.073731944045087816e-02 6.819349157302559739e-06
1.770833333333333570e+01 -4.037499942446860779e-02 6.752813804478873945e-06
1.791666666666666785e+01 -3.998305801587682257e-02 6.757856278850359381e-06
1.812500000000000000e+01 -3.960343691027197466e-02 6.665949649338285472e-06
1.833333333333333570e+01 -3.927280924687921726e-02 6.549283247521638489e-06
1.854166666666666785e+01 -3.895615523445018075e-02 6.462835774283214515e-06
1.875000000000000000e+01 -3.864585180436480583e-02 6.414839010910534825e-06
1.895833333333333570e+01 -3.832926681012233106e-02 6.388652006492196545e-06
1.916666666666666785e+01 -3.805806948898228514e-02 6.310380149716707249e-06
1.937500000000000000e+01 -3.786984293634243492e-02 6.281982023870358396e-06
1.958333333333333570e+01 -3.768348921620550546e-02 6.283690282302105079e-06
1.979166666666666785e+01 -3.754538810607356558e-02 6.329468196329439448e-06
2.000000000000000000e+01 -3.738278073700809778e-02 6.361677708346497075e-06
2.020833333333333570e+01 -3.721877839058231052e-02 6.400951044424373746e-06
2.041666666666666785e+01 -3.698539793424231170e-02 6.365769890050504277e-06
2.062500000000000000e+01 -3.678030615051010310e-02 6.294305029277468889e-06
2.083333333333333570e+01 -3.657108608262015642e-02 6.217541967849813395e-06
2.104166666666666785e+01 -3.638466431402924417e-02 6.196184021319105708e-06
2.125000000000000000e+01 -3.614371832128538548e-02 6.187132275766081898e-06
2.145833333333333570e+01 -3.594109101635087344e-02 6.175853923579868022e-06
2.166666666666666785e+01 -3.576499797308690942e-02 6.213878239187496107e-06
2.187500000000000000e+01 -3.563237713168929122e-02 6.214045561200600826e-06
2.208333333333333570e+01 -3.549893034340069475e-02 6.228771730789581374e-06
2.229166666666666785e+01 -3.533081062807627570e-02 6.105087266358507090e-06
2.250000000000000000e+01 -3.512106756652816353e-02 6.069585054291445060e-06
2.270833333333333570e+01 -3.498240539196284526e-02 6.045892618527450073e-06
2.291666666666666785e+01 -3.487919702212935458e-02 6.079666955650950838e-06
2.312500000000000000e+01 -3.474894855457135584e-02 6.065669889294668938e-06
2.333333333333333570e+01 -3.462816737175951343e-02 6.020378233249350529e-06
2.354166666666666785e+01 -3.452927746948664112e-02 6.016635306104893259e-06
2.375000000000000000e+01 -3.446731666081764844e-02 6.115902007095503329e-06
2.395833333333333570e+01 -3.447568401979631686e-02 6.252736051156189368e-06
2.416666666666666785e+01 -3.450282223768007250e-02 6.387428451280745690e-06
2.437500000000000000e+01 -3.451871988565070881e-02 6.467785872097660076e-06
2.458333333333333570e+01 -3.444837046223263310e-02 6.442073826910359925e-06
2.479166666666666785e+01 -3.429188929771265215e-02 6.428034745335088195e-06
2.500000000000000000e+01 -3.415275699527385578e-02 6.345740127138365004e-06
2.520833333333333570e+01 -3.403392194315983665e-02 6.335248058138567368e-06
2.541666666666666785e+01 -3.395966474697103415e-02 6.304230660693945689e-06
2.562500000000000000e+01 -3.385063076501002716e-02 6.244769579550677919e-06
2.583333333333333570e+01 -3.370484449906212959e-02 6.188934978265769912e-06
2.604166666666666785e+01 -3.356018619305483480e-02 6.148074684140843493e-06
2.625000000000000000e+01 -3.346207982364031441e-02 6.135039020134181251e-06
2.645833333333333570e+01 -3.337289692793282692e-02 6.045601763310108841e-06
2.666666666666666785e+01 -3.331285420338998826e-02 6.005815024036988688e-06
2.687500000000000000e+01 -3.323411008332121525e-02 5.939546585605801727e-06
2.708333333333333570e+01 -3.319829126640169714e-02 5.891918715910231443e-06
2.729166666666666785e+01 -3.310262090968631860e-02 5.843167639930653995e-06
2.750000000000000000e+01 -3.297901113408679974e-02 5.823198394757953347e-06
2.770833333333333570e+01 -3.291511340966453425e-02 5.842530131340624663e-06
2.791666666666666785e+01 -3.280857364980679924e-02 5.799665287160324386e-06
2.812500000000000000e+01 -3.271440671707491477e-02 5.771059485534061890e-06
2.833333333333333570e+01 -3.264039011438056581e-02 5.760961632198340529e-06
2.854166666666666785e+01 -3.258465973110335340e-02 5.805303870700812177e-06
2.875000000000000000e+01 -3.255514751651052141e-02 5.828597858307523827e-06
2.895833333333333570e+01 -3.256293107901613720e-02 5.856579103579614559e-06
2.916666666666666785e+01 -3.261028758236660802e-02 5.951969509084466309e-06
2.937500000000000000e+01 -3.267149798837706842e-02 5.973801235652144870e-06
2.958333333333333570e+01 -3.269123074148876790e-02 6.031869568970451095e-06
2.979166666666666785e+01 -3.271138090850460312e-02 6.120344525886541238e-06
3.000000000000000000e+01 -3.272688731659590539e-02 6.145510585963961222e-06
3.020833333333333570e+01 -3.271138090850461699e-02 6.120344525886533615e-06
3.041666666666666785e+01 -3.269123074148867769e-02 6.031869568970446860e-06
3.062500000000000000e+01 -3.267149798837692964e-02 5.973801235652149953e-06
3.083333333333333570e+01 -3.261028758236669128e-02 5.951969509084455298e-06
3.104166666666666785e+01 -3.256293107901613026e-02 5.856579103579627265e-06
3.125000000000000000e+01 -3.255514751651056998e-02 5.828597858307536533e-06
3.145833333333333570e+01 -3.258465973110336034e-02 5.805303870700814718e-06
3.166666666666666785e+01 -3.264039011438057275e-02 5.760961632198342223e-06
3.187500000000000000e+01 -3.271440671707482456e-02 5.771059485534060196e-06
3.208333333333333570e+01 -3.280857364980674373e-02 5.799665287160322692e-06
3.229166666666667140e+01 -3.291511340966451343e-02 5.842530131340626357e-06
3.250000000000000000e+01 -3.297901113408678586e-02 5.823198394757966899e-06
3.270833333333333570e+01 -3.310262090968632553e-02 5.843167639930648066e-06
3.291666666666667140e+01 -3.319829126640168326e-02 5.891918715910228055e-06
3.312500000000000000e+01 -3.323411008332131933e-02 5.939546585605783092e-06
3.333333333333333570e+01 -3.331285420338996744e-02 6.005815024036992923e-06
3.354166666666667140e+01 -3.337289692793285467e-02 6.045601763310103759e-06
3.375000000000000000e+01 -3.346207982364038380e-02 6.135039020134182945e-06
3.395833333333333570e+01 -3.356018619305479317e-02 6.148074684140849422e-06
3.416666666666667140e+01 -3.370484449906220592e-02 6.188934978265759747e-06
3.437500000000000000e+01 -3.385063076501018675e-02 6.244769579550683001e-06
3.458333333333333570e+01 -3.395966474697110354e-02 6.304230660693940606e-06
3.479166666666667140e+01 -3.403392194315996155e-02 6.335248058138565674e-06
3.500000000000000000e+01 -3.415275699527388353e-02 6.345740127138359922e-06
3.520833333333333570e+01 -3.429188929771273542e-02 6.428034745335089889e-06
3.541666666666667140e+01 -3.444837046223252208e-02 6.442073826910358231e-06
3.562500000000000000e+01 -3.451871988565052146e-02 6.467785872097648217e-06
3.583333333333333570e+01 -3.450282223768013495e-02 6.387428451280745690e-06
3.604166666666667140e+01 -3.447568401979632380e-02 6.252736051156182592e-06
3.625000000000000000e+01 -3.446731666081770395e-02 6.115902007095514340e-06
3.645833333333333570e+01 -3.452927746948671051e-02 6.016635306104878013e-06
3.666666666666667140e+01 -3.462816737175943016e-02 6.020378233249335282e-06
3.687500000000000000e+01 -3.474894855457115461e-02 6.065669889294690961e-06
3.708333333333333570e+01 -3.487919702212941009e-02 6.079666955650956768e-06
3.729166666666667140e+01 -3.498240539196283139e-02 6.045892618527454308e-06
3.750000000000000000e+01 -3.512106756652825373e-02 6.069585054291446754e-06
3.770833333333333570e+01 -3.533081062807627570e-02 6.105087266358498620e-06
3.791666666666667140e+01 -3.549893034340059761e-02 6.228771730789566975e-06
3.812500000000000000e+01 -3.563237713168933979e-02 6.214045561200599979e-06
3.833333333333333570e+01 -3.576499797308684697e-02 6.213878239187507119e-06
3.854166666666667140e+01 -3.594109101635074854e-02 6.175853923579879880e-06
3.875000000000000000e+01 -3.614371832128551038e-02 6.187132275766075122e-06
3.895833333333333570e+01 -3.638466431402923029e-02 6.196184021319109943e-06
3.916666666666667140e+01 -3.657108608262013560e-02 6.217541967849807466e-06
3.937500000000000000e+01 -3.678030615051010310e-02 6.294305029277484982e-06
3.958333333333333570e+01 -3.698539793424247824e-02 6.365769890050480560e-06
3.979166666666667140e+01 -3.721877839058240073e-02 6.400951044424376287e-06
4.000000000000000000e+01 -3.738278073700807003e-02 6.361677708346512322e-06
4.020833333333333570e+01 -3.754538810607361415e-02 6.329468196329433519e-06
4.041666666666667140e+01 -3.768348921620533198e-02 6.283690282302099149e-06
4.062500000000000000e+01 -3.786984293634238635e-02 6.281982023870362631e-06
4.083333333333333570e+01 -3.805806948898229208e-02 6.310380149716695390e-06
4.104166666666667140e+01 -3.832926681012238657e-02 6.388652006492193157e-06
4.125000000000000000e+01 -3.864585180436461848e-02 6.414839010910547530e-06
4.145833333333333570e+01 -3.895615523445018075e-02 6.462835774283210280e-06
4.166666666666667140e+01 -3.927280924687931440e-02 6.549283247521657124e-06
4.187500000000000000e+01 -3.960343691027191915e-02 6.665949649338282084e-06
4.208333333333333570e+01 -3.998305801587692665e-02 6.757856278850366157e-06
4.229166666666667140e+01 -4.037499942446849677e-02 6.752813804478860393e-06
4.250000000000000000e+01 -4.073731944045087816e-02 6.819349157302563127e-06
4.270833333333333570e+01 -4.110238476938823243e-02 6.891783768786011223e-06
4.291666666666667140e+01 -4.143921968046505866e-02 7.062763006467173624e-06
4.312500000000000000e+01 -4.175181231170148333e-02 7.250757159965025717e-06
4.333333333333333570e+01 -4.209415707365517234e-02 7.353958269915411743e-06
4.354166666666667140e+01 -4.243540811066967566e-02 7.138388609265770770e-06
4.375000000000000000e+01 -4.280024865547793489e-02 7.344998594052719081e-06
4.395833333333333570e+01 -4.316895446228084798e-02 7.331807906606975690e-06
4.416666666666667140e+01 -4.362411309776847990e-02 7.024637560602732054e-06
4.437500000000000000e+01 -4.406736346650158564e-02 7.141406800908271769e-06
4.458333333333333570e+01 -4.443399262449847231e-02 7.152624048961442449e-06
4.479166666666667140e+01 -4.483719779996036409e-02 7.180811120305680244e-06
4.500000000000000000e+01 -4.528892681213764204e-02 7.259100486838345725e-06
4.520833333333333570e+01 -4.569886011704236972e-02 7.282493741193428658e-06
4.541666666666667140e+01 -4.616547584700129991e-02 7.356587844003194539e-06
4.562500000000000000e+01 -4.675038681818341479e-02 7.476079050395726495e-06
4.583333333333333570e+01 -4.734435144246711136e-02 7.566522144101617023e-06
4.604166666666667140e+01 -4.796887835066399042e-02 7.684715486804368683e-06
4.625000000000000000e+01 -4.852525429964623521e-02 7.755771074738194537e-06
4.645833333333333570e+01 -4.905097357104121203e-02 7.779657907952830870e-06
4.666666666666667140e+01 -4.962941345535535481e-02 7.822992242931960620e-06
4.687500000000000000e+01 -5.031006667447610048e-02 7.947365436832091188e-06
4.708333333333333570e+01 -5.093315558498426321e-02 8.020624904569206609e-06
4.729166666666667140e+01 -5.151597582112625584e-02 8.062961952522117645e-06
4.750000000000000000e+01 -5.208142174131791952e-02 8.132904000450435808e-06
4.770833333333333570e+01 -5.274161970939043875e-02 8.270995867325920943e-06
4.791666666666667140e+01 -5.348037776817216038e-02 8.406390670870206847e-06
4.812500000000000000e+01 -5.420207127463693569e-02 8.501684150658050319e-06
4.833333333333333570e+01 -5.492199628338689799e-02 8.551290428983437632e-06
4.854166666666667140e+01 -5.563269540464352292e-02 8.569884485745633194e-06
4.875000000000000000e+01 -5.640766718784571976e-02 8.601000456044181520e-06
4.895833333333333570e+01 -5.725312746890046794e-02 8.699702359374350964e-06
4.916666666666667140e+01 -5.817693714367633273e-02 8.856687106892690428e-06
4.937500000000000000e+01 -5.914465210133691697e-02 9.013245336657344658e-06
4.958333333333333570e+01 -6.011376814748524422e-02 9.201780730269115829e-06
4.979166666666667140e+01 -6.108732906738516960e-02 9.340902150036070232e-06
5.000000000000000000e+01 -6.207935630716240882e-02 9.519145002610069159e-06
5.020833333333333570e+01 -6.310500542927403866e-02 9.693595479224652664e-06
5.041666666666667140e+01 -6.414949048220776329e-02 9.844296317592928999e-06
5.062500000000000000e+01 -6.520332845558549084e-02 9.972267413775556561e-06
5.083333333333333570e+01 -6.632777850592946889e-02 1.002783360070129316e-05
5.104166666666667140e+01 -6.754627503177096370e-02 1.010526611952816662e-05
5.125000000000000000e+01 -6.888557252573451750e-02 1.029460441689949690e-05
5.145833333333333570e+01 -7.023589873333530020e-02 1.046786588209795246e-05
5.166666666666667140e+01 -7.157757366965983303e-02 1.055360413781207519e-05
5.187500000000000000e+01 -7.292946293632571186e-02 1.063217655371808277e-05
5.208333333333333570e+01 -7.436496620730077833e-02 1.072146582852719997e-05
5.229166666666667140e+01 -7.587966799346926305e-02 1.085795684026596176e-05
5.250000000000000000e+01 -7.750207839866513071e-02 1.105596469193341044e-05
5.270833333333333570e+01 -7.922070745989907847e-02 1.126521228613856108e-05
5.291666666666667140e+01 -8.102466718701786808e-02 1.154561255635459368e-05
5.312500000000000000e+01 -8.293573783395405408e-02 1.194951826910291344e-05
5.333333333333333570e+01 -8.487629672157001592e-02 1.233083264977644113e-05
5.354166666666667140e+01 -8.699023507630948560e-02 1.260998460265812027e-05
5.375000000000000000e+01 -8.908148686172333297e-02 1.288457378182714962e-05
5.395833333333333570e+01 -9.132796725623040790e-02 1.311154539543594349e-05
5.416666666666667140e+01 -9.366402656733285870e-02 1.348056841391570427e-05
5.437500000000000000e+01 -9.607232848830693506e-02 1.383861511296298977e-05
5.458333333333333570e+01 -9.860928041196365124e-02 1.402640601734140361e-05
5.479166666666667140e+01 -1.013107406212105654e-01 1.419963272951391183e-05
5.500000000000000000e+01 -1.041275615068252280e-01 1.438117955320522708e-05
5.520833333333333570e+01 -1.071666809921739544e-01 1.465948434958288474e-05
5.541666666666667140e+01 -1.104857578142193486e-01 1.489253462907548278e-05
5.562500000000000000e+01 -1.140489941056105766e-01 1.519631366085234521e-05
5.583333333333333570e+01 -1.180061636451837648e-01 1.554427954280650082e-05
5.604166666666667140e+01 -1.223480177471998331e-01 1.594132183583366747e-05
5.625000000000000000e+01 -1.271168288510392819e-01 1.639991673280670107e-05
5.645833333333333570e+01 -1.322814214057118631e-01 1.685635034696345526e-05
5.666666666666667140e+01 -1.378067613129159708e-01 1.734888536646340208e-05
5.687500000000000000e+01 -1.436575613784705219e-01 1.790337040571881384e-05
5.708333333333333570e+01 -1.501656635019609221e-01 1.850339257220979513e-05
5.729166666666667140e+01 -1.572570045086433277e-01 1.914977942775888904e-05
5.750000000000000000e+01 -1.652108889168683592e-01 1.987488706632056508e-05
5.770833333333333570e+01 -1.743270551694933723e-01 2.067942756918854711e-05
5.791666666666667140e+01 -1.848142791446313882e-01 2.164234104175944930e-05
5.812500000000000000e+01 -1.970070833433658075e-01 2.287024510778926895e-05
5.833333333333333570e+01 -2.112269783455435479e-01 2.429654401305908362e-05
5.854166666666667140e+01 -2.278636055637199842e-01 2.600908299934042041e-05
5.875000000000000000e+01 -2.474034669065292569e-01 2.811764964919607706e-05
5.895833333333333570e+01 -2.708307367244238151e-01 3.078678536400919073e-05
5.916666666666667140e+01 -2.991552248073542919e-01 3.422909378202390867e-05
5.937500000000000000e+01 -3.338457663831237987e-01 3.870204189583435945e-05
5.958333333333333570e+01 -3.770219447080195296e-01 4.464421316369467780e-05
5.979166666666667140e+01 -4.312788963654859420e-01 5.239219724384144069e-05
6.000000000000000000e+01 -5.000000000000002220e-01 6.228223702793635208e-05
