5.235987755982988295e-02 1.180000000000000160e+00 -3.932740242186039681e-01
1.570796326794896558e-01 1.179999999999999938e+00 -8.055158147163030691e-01
2.617993877991494078e-01 1.179999999999999938e+00 -1.112289754037721901e+00
3.665191429188092154e-01 1.180000000000000604e+00 -1.053298714234890188e+00
4.712388980384689674e-01 1.180000000000000382e+00 -1.121427222782624744e+00
5.759586531581286639e-01 1.180000000000000160e+00 -1.054160627896511215e+00
6.806784082777885825e-01 1.179999999999999938e+00 -1.047504018821663774e+00
7.853981633974481680e-01 1.179999999999999716e+00 -9.683485859664766604e-01
8.901179185171080865e-01 1.180000000000000382e+00 -9.305989678342148075e-01
9.948376736367677831e-01 1.179999999999999716e+00 -9.042841483171857320e-01
1.099557428756427591e+00 1.180000000000000382e+00 -8.477682572660598659e-01
1.204277183876087287e+00 1.180000000000000382e+00 -8.033088498714353598e-01
1.308996938995747206e+00 1.179999999999999938e+00 -7.746618007839292108e-01
1.413716694115406902e+00 1.179999999999999494e+00 -7.415026773557233941e-01
1.518436449235066821e+00 1.179999999999999050e+00 -6.910327910913842686e-01
1.623156204354726295e+00 1.179999999999999494e+00 -7.167995574737753284e-01
1.727875959474386214e+00 1.179999999999999272e+00 -6.519979864964167149e-01
1.832595714594045910e+00 1.179999999999999494e+00 -5.727455866834960663e-01
1.937315469713705829e+00 1.179999999999999272e+00 -6.106159892657467836e-01
2.042035224833365525e+00 1.179999999999999272e+00 -6.761570139468386920e-01
2.146754979953025000e+00 1.179999999999999050e+00 -5.351231858682017339e-01
2.251474735072684918e+00 1.179999999999999050e+00 -5.302105834166899179e-01
2.356194490192344837e+00 1.179999999999998606e+00 -5.001181032884520761e-01
2.460914245312004756e+00 1.179999999999999272e+00 -4.801353878186129798e-01
2.565634000431664230e+00 1.180000000000001492e+00 -4.506429070773450007e-01
2.670353755551324149e+00 1.179999999999999716e+00 -4.619902227680636742e-01
2.775073510670984067e+00 1.179999999999999494e+00 -4.620387067993401153e-01
2.879793265790643986e+00 1.179999999999999938e+00 -4.299809080660716987e-01
2.984513020910303460e+00 1.180000000000000382e+00 -4.204153533212617866e-01
3.089232776029963379e+00 1.179999999999998606e+00 -4.177034278058777694e-01
3.193952531149622853e+00 1.180000000000001048e+00 -3.887141461668233156e-01
3.298672286269282772e+00 1.179999999999999272e+00 -3.741347452088477077e-01
3.403392041388942246e+00 1.179999999999998161e+00 -3.733969671792221057e-01
3.508111796508602165e+00 1.179999999999999716e+00 -3.399763575630547763e-01
3.612831551628262083e+00 1.179999999999998828e+00 -3.169964110205469865e-01
3.717551306747922002e+00 1.180000000000002824e+00 -3.380567519506896268e-01
3.822271061867581476e+00 1.180000000000000382e+00 -3.473668225810020438e-01
3.926990816987241395e+00 1.180000000000000826e+00 -3.617256659554008991e-01
4.031710572106900869e+00 1.179999999999994609e+00 -3.436508889219371810e-01
4.136430327226561232e+00 1.179999999999995941e+00 -2.763271388808972162e-01
4.241150082346220707e+00 1.179999999999993721e+00 -3.014224696059573105e-01
4.345869837465881069e+00 1.179999999999996829e+00 -3.174997501374958730e-01
4.450589592585540544e+00 1.179999999999993721e+00 -3.049272918580099301e-01
4.555309347705200018e+00 1.179999999999997051e+00 -2.853432168541170100e-01
4.660029102824860381e+00 1.180000000000001492e+00 -2.795783385495704820e-01
4.764748857944519855e+00 1.179999999999999494e+00 -2.653822757465675863e-01
4.869468613064179330e+00 1.179999999999995053e+00 -2.629442720945016632e-01
4.974188368183839692e+00 1.179999999999995941e+00 -2.344969580427518352e-01
5.078908123303498279e+00 1.180000000000000604e+00 -2.340712362026877713e-01
5.183627878423158641e+00 1.179999999999997273e+00 -2.375287194539605906e-01
5.288347633542818116e+00 1.179999999999997273e+00 -2.239849534641233930e-01
5.393067388662477590e+00 1.180000000000005045e+00 -2.539163633934613529e-01
5.497787143782137953e+00 1.179999999999999272e+00 -2.627739877536976465e-01
5.602506898901797427e+00 1.180000000000001270e+00 -1.968434617478020954e-01
5.707226654021456902e+00 1.179999999999989502e+00 -2.333785811728272819e-01
5.811946409141117265e+00 1.179999999999995053e+00 -2.107404060755726505e-01
5.916666164260776739e+00 1.180000000000001492e+00 -1.934957821293474822e-01
6.021385919380437102e+00 1.179999999999990168e+00 -2.639711704238827394e-01
6.126105674500096576e+00 1.179999999999996385e+00 -2.017113871225983956e-01
6.230825429619756051e+00 1.180000000000014815e+00 -2.020724286219488519e-01
6.335545184739416413e+00 1.179999999999982618e+00 -1.853949530317757777e-01
6.440264939859075888e+00 1.180000000000000604e+00 -1.517724680797236658e-01
6.544984694978735362e+00 1.180000000000008598e+00 -2.048907833807973589e-01
6.649704450098395725e+00 1.179999999999998606e+00 -1.973560916608994020e-01
6.754424205218055199e+00 1.180000000000006155e+00 -1.957323162917008474e-01
6.859143960337715562e+00 1.180000000000007931e+00 -1.797971400951015042e-01
6.963863715457375037e+00 1.179999999999995275e+00 -1.681292517265307040e-01
7.068583470577034511e+00 1.180000000000007043e+00 -1.751295052031220933e-01
7.173303225696694874e+00 1.179999999999994831e+00 -1.794510187221414199e-01
7.278022980816354348e+00 1.180000000000010596e+00 -1.760206470278120605e-01
7.382742735936013823e+00 1.180000000000013927e+00 -1.974663993824306019e-01
7.487462491055674185e+00 1.179999999999992832e+00 -1.986549580264211912e-01
7.592182246175332772e+00 1.179999999999997939e+00 -1.468957265743959795e-01
7.696902001294993134e+00 1.180000000000013483e+00 -1.731792562372698185e-01
7.801621756414652609e+00 1.179999999999999272e+00 -2.014019718131248027e-01
7.906341511534312083e+00 1.179999999999997717e+00 -1.512955099193042940e-01
8.011061266653973334e+00 1.180000000000007487e+00 -1.762647225541815743e-01
8.115781021773631920e+00 1.180000000000007043e+00 -1.450270365843540077e-01
8.220500776893292283e+00 1.180000000000007265e+00 -1.073073385310614469e-01
8.325220532012952646e+00 1.180000000000015481e+00 -1.363200201156811175e-01
8.429940287132611232e+00 1.180000000000019922e+00 -1.409651550473665083e-01
8.534660042252271595e+00 1.180000000000000826e+00 -1.307018674520836754e-01
8.639379797371930181e+00 1.179999999999971738e+00 -1.168527415136892955e-01
8.744099552491592320e+00 1.179999999999967297e+00 -1.469094539187807413e-01
8.848819307611250906e+00 1.180000000000020366e+00 -1.393474661313085505e-01
8.953539062730909492e+00 1.179999999999976845e+00 -1.231975929100759259e-01
9.058258817850569855e+00 1.179999999999972848e+00 -6.970564965322978424e-02
9.162978572970228441e+00 1.180000000000007265e+00 -1.055285290437861789e-01
9.267698328089890580e+00 1.179999999999994831e+00 -1.277160816783791120e-01
9.372418083209549167e+00 1.180000000000012150e+00 -8.289278152641443853e-02
9.477137838329209529e+00 1.179999999999991278e+00 -1.141124582227952544e-01
9.581857593448868116e+00 1.179999999999991722e+00 -7.648183125289342854e-02
9.686577348568528478e+00 1.180000000000026583e+00 -1.061934989672437268e-01
9.791297103688188841e+00 1.180000000000011040e+00 -5.990173038841994924e-02
9.896016858807849204e+00 1.180000000000026805e+00 -9.503848141608095546e-02
1.000073661392750779e+01 1.180000000000057225e+00 -1.671736346956915753e-01
1.010545636904716815e+01 1.179999999999991944e+00 -1.189786945684527808e-01
1.021017612416682674e+01 1.179999999999996163e+00 -8.750115238441225074e-02
1.031489587928648710e+01 1.180000000000000160e+00 -9.928391597875219077e-02
1.041961563440614746e+01 1.180000000000023475e+00 -8.305623942475293120e-02
1.052433538952580783e+01 1.180000000000021032e+00 -7.117190891727354085e-02
1.062905514464546641e+01 1.180000000000029692e+00 -9.425453028777397435e-02
1.073377489976512678e+01 1.180000000000044125e+00 -9.881549232658848325e-02
1.083849465488478536e+01 1.180000000000015925e+00 -8.847401439594548833e-02
1.094321441000444750e+01 1.180000000000027249e+00 -7.311129540187621956e-02
1.104793416512410609e+01 1.180000000000057003e+00 -8.825982485415373446e-02
1.115265392024376645e+01 1.180000000000035243e+00 -8.912307696284926806e-02
1.125737367536342504e+01 1.180000000000035909e+00 -1.108352760223123568e-01
1.136209343048308362e+01 1.180000000000062110e+00 -8.191833614628585281e-02
1.146681318560274576e+01 1.180000000000039906e+00 -7.530183801026701929e-02
1.157153294072240435e+01 1.180000000000054339e+00 -6.752814870766421507e-02
1.167625269584206471e+01 1.180000000000036131e+00 -6.393511466439782964e-02
1.178097245096172330e+01 1.180000000000035909e+00 -4.474897251648712881e-02
1.188569220608138366e+01 1.180000000000047899e+00 -4.121684700257333134e-02
1.199041196120104225e+01 1.180000000000035465e+00 -3.052626186789630935e-02
1.209513171632070438e+01 1.180000000000023697e+00 -9.440962503204275436e-02
1.219985147144036297e+01 1.180000000000007265e+00 -3.950787990368453961e-02
1.230457122656002333e+01 1.180000000000033911e+00 -2.850827156336066537e-02
1.240929098167968192e+01 1.180000000000019700e+00 -7.230705198965203806e-02
1.251401073679934228e+01 1.180000000000029470e+00 -5.360028929704441225e-03
1.261873049191900265e+01 1.179999999999933991e+00 -7.147387780553593473e-02
1.272345024703866301e+01 1.180000000000035021e+00 -2.523763888957830659e-02
1.282817000215832159e+01 1.180000000000078542e+00 -5.194808977152476359e-02
1.293288975727798196e+01 1.179999999999997051e+00 -5.172782977834167184e-02
1.303760951239764054e+01 1.180000000000025695e+00 2.544967133522035851e-03
1.314232926751730268e+01 1.180000000000028360e+00 -2.358008401275668575e-02
1.324704902263696127e+01 1.180000000000066551e+00 -1.702602985669976476e-02
1.335176877775662163e+01 1.180000000000022142e+00 9.907945239875814991e-03
1.345648853287628022e+01 1.180000000000053673e+00 -3.346361097326955303e-02
1.356120828799594058e+01 1.180000000000032134e+00 5.994581970441004160e-03
1.366592804311559917e+01 1.180000000000016147e+00 4.593689550777924069e-02
1.377064779823526131e+01 1.180000000000060112e+00 1.775577664920646725e-02
1.387536755335491989e+01 1.180000000000035687e+00 1.870665109906255452e-02
1.398008730847457848e+01 1.180000000000018590e+00 -1.866786840607304043e-02
1.408480706359423884e+01 1.180000000000051896e+00 -8.124736899659978917e-03
1.418952681871389743e+01 1.180000000000026139e+00 -4.545060125932920414e-03
1.429424657383355957e+01 1.180000000000020144e+00 2.609908302851771111e-02
1.439896632895321815e+01 1.180000000000020144e+00 -4.198470034503998249e-02
1.450368608407287851e+01 1.180000000000006599e+00 1.239235709174124622e-02
1.460840583919253710e+01 1.180000000000028804e+00 -2.193535820385683621e-02
1.471312559431219746e+01 1.180000000000036353e+00 -1.183906605900553188e-02
1.481784534943185783e+01 1.180000000000051674e+00 2.786274956749856813e-02
1.492256510455151819e+01 1.180000000000036131e+00 5.668906471539614245e-03
1.502728485967117678e+01 1.180000000000023253e+00 3.185209805938349348e-02
1.513200461479083714e+01 1.180000000000027249e+00 1.248309451835361017e-02
1.523672436991049572e+01 1.180000000000041460e+00 3.848571421829483086e-02
1.534144412503015609e+01 1.180000000000053895e+00 1.653686818229793687e-02
1.544616388014981645e+01 1.180000000000035909e+00 5.547333625958472680e-02
1.555088363526947681e+01 1.180000000000035465e+00 6.512775901129863598e-02
1.565560339038913540e+01 1.180000000000016591e+00 3.183315074634940345e-02
1.576032314550879576e+01 1.180000000000022364e+00 8.399994143812605785e-02
1.586504290062845435e+01 1.180000000000023475e+00 1.876447889593535479e-02
1.596976265574811649e+01 1.180000000000024585e+00 4.813491989733620358e-02
1.607448241086777685e+01 1.180000000000050120e+00 5.152376179587392357e-02
1.617920216598743366e+01 1.180000000000023697e+00 6.146972516245696738e-02
1.628392192110709402e+01 1.180000000000026583e+00 2.630674882509609347e-02
1.638864167622675438e+01 1.180000000000049232e+00 2.743818201090419961e-02
1.649336143134641475e+01 1.180000000000014149e+00 1.145196345873955579e-03
1.659808118646607511e+01 1.180000000000026583e+00 3.863435955340932537e-02
1.670280094158573192e+01 1.180000000000039684e+00 7.491173274985385433e-02
1.680752069670539228e+01 1.180000000000006821e+00 3.527670777236480149e-02
1.691224045182505265e+01 1.180000000000051896e+00 5.997715293543137705e-02
1.701696020694471301e+01 1.180000000000019700e+00 6.591447519140913869e-02
1.712167996206437337e+01 1.180000000000017701e+00 4.252561593127524020e-02
1.722639971718403373e+01 1.179999999999998384e+00 9.098733708800921249e-02
1.733111947230369054e+01 1.180000000000068994e+00 9.108852065524075670e-02
1.743583922742335091e+01 1.180000000000020810e+00 6.760010393297832820e-02
1.754055898254301127e+01 1.179999999999942428e+00 1.078743113769320416e-01
1.764527873766267163e+01 1.180000000000029248e+00 5.049987510995990192e-02
1.774999849278232844e+01 1.180000000000002824e+00 1.084136604816166027e-01
1.785471824790198880e+01 1.180000000000031912e+00 7.091396481757783476e-02
1.795943800302165272e+01 1.179999999999997717e+00 8.042169546090605081e-02
1.806415775814131308e+01 1.180000000000007487e+00 1.266047318310796754e-01
1.816887751326096989e+01 1.180000000000025029e+00 7.307835447257815531e-02
1.827359726838063025e+01 1.180000000000022142e+00 8.213190929812341778e-02
1.837831702350029062e+01 1.180000000000025029e+00 8.521087269423688326e-02
1.848303677861995098e+01 1.180000000000017479e+00 1.010954589097501355e-01
1.858775653373960779e+01 1.180000000000029026e+00 1.040107980514726194e-01
1.869247628885926815e+01 1.180000000000021920e+00 1.103351074219247607e-01
1.879719604397892851e+01 1.180000000000037463e+00 1.156006061757004488e-01
