5.235987755982988295e-02 1.205000000000000293e+00 -4.879173986418033349e-01
1.570796326794896558e-01 1.205000000000000515e+00 -9.422915131490640084e-01
2.617993877991494078e-01 1.205000000000000515e+00 -1.120712239641985519e+00
3.665191429188092154e-01 1.205000000000000515e+00 -1.208377495234665755e+00
4.712388980384689674e-01 1.205000000000001181e+00 -1.201392869377701178e+00
5.759586531581286639e-01 1.205000000000000515e+00 -1.149630259171232183e+00
6.806784082777885825e-01 1.205000000000000293e+00 -1.159370912144395138e+00
7.853981633974481680e-01 1.205000000000000071e+00 -1.074339148047189774e+00
8.901179185171080865e-01 1.205000000000000515e+00 -1.032860365992913865e+00
9.948376736367677831e-01 1.204999999999999627e+00 -8.944048620859039733e-01
1.099557428756427591e+00 1.205000000000000515e+00 -8.860105469567425285e-01
1.204277183876087287e+00 1.205000000000000071e+00 -8.729732007621000545e-01
1.308996938995747206e+00 1.204999999999999183e+00 -8.133286325621540414e-01
1.413716694115406902e+00 1.205000000000000293e+00 -7.850264331531302542e-01
1.518436449235066821e+00 1.205000000000000071e+00 -7.264680931093419058e-01
1.623156204354726295e+00 1.204999999999999849e+00 -6.662907031725038287e-01
1.727875959474386214e+00 1.204999999999999849e+00 -6.593224150840475417e-01
1.832595714594045910e+00 1.205000000000000071e+00 -6.416085683700456510e-01
1.937315469713705829e+00 1.204999999999999183e+00 -6.123130347111693794e-01
2.042035224833365525e+00 1.204999999999999849e+00 -5.611706774293350186e-01
2.146754979953025000e+00 1.204999999999999849e+00 -5.716679499053354263e-01
2.251474735072684918e+00 1.204999999999999183e+00 -5.269035124381389323e-01
2.356194490192344837e+00 1.204999999999999627e+00 -4.761632241325362003e-01
2.460914245312004756e+00 1.205000000000000959e+00 -4.741927467556013021e-01
2.565634000431664230e+00 1.204999999999999405e+00 -4.670747348393908815e-01
2.670353755551324149e+00 1.205000000000000737e+00 -4.464761081998669390e-01
2.775073510670984067e+00 1.205000000000000293e+00 -4.129773858297882683e-01
2.879793265790643986e+00 1.204999999999998073e+00 -4.660551127487191359e-01
2.984513020910303460e+00 1.204999999999998961e+00 -4.087131137235773259e-01
3.089232776029963379e+00 1.205000000000000293e+00 -4.084790408280283280e-01
3.193952531149622853e+00 1.205000000000001625e+00 -3.955914207544846128e-01
3.298672286269282772e+00 1.205000000000000293e+00 -3.724081283624758321e-01
3.403392041388942246e+00 1.205000000000001181e+00 -3.548937053592267077e-01
3.508111796508602165e+00 1.204999999999999405e+00 -3.627293297868789956e-01
3.612831551628262083e+00 1.204999999999996518e+00 -3.362876755535078033e-01
3.717551306747922002e+00 1.204999999999990967e+00 -3.463392969269740718e-01
3.822271061867581476e+00 1.205000000000007843e+00 -3.525564113251924425e-01
3.926990816987241395e+00 1.204999999999998739e+00 -3.316736214064133215e-01
4.031710572106900869e+00 1.204999999999993188e+00 -3.414023472409652982e-01
4.136430327226561232e+00 1.204999999999994076e+00 -3.339583319033918585e-01
4.241150082346220707e+00 1.204999999999996740e+00 -3.167069084187721373e-01
4.345869837465881069e+00 1.204999999999994964e+00 -2.983985494106056180e-01
4.450589592585540544e+00 1.204999999999992966e+00 -3.209452687682938787e-01
4.555309347705200018e+00 1.204999999999996074e+00 -2.843700303986693712e-01
4.660029102824860381e+00 1.204999999999997184e+00 -2.800321913075123348e-01
4.764748857944519855e+00 1.204999999999992966e+00 -2.561942917142561171e-01
4.869468613064179330e+00 1.204999999999991189e+00 -2.394042302823056190e-01
4.974188368183839692e+00 1.204999999999994298e+00 -2.788184824835244768e-01
5.078908123303498279e+00 1.204999999999995852e+00 -2.097146837051182544e-01
5.183627878423158641e+00 1.204999999999991189e+00 -2.855051508205272981e-01
5.288347633542818116e+00 1.204999999999994964e+00 -2.365715067876292821e-01
5.393067388662477590e+00 1.204999999999994964e+00 -2.519711668311055419e-01
5.497787143782137953e+00 1.204999999999992522e+00 -1.991440026891302395e-01
5.602506898901797427e+00 1.204999999999997629e+00 -2.237826456786713436e-01
5.707226654021456902e+00 1.205000000000001181e+00 -2.476089713894005229e-01
5.811946409141117265e+00 1.204999999999985860e+00 -2.490564031412763057e-01
5.916666164260776739e+00 1.204999999999989635e+00 -2.276850212792433936e-01
6.021385919380437102e+00 1.205000000000001625e+00 -2.302498436095250511e-01
6.126105674500096576e+00 1.204999999999998073e+00 -2.439856017307091562e-01
6.230825429619756051e+00 1.204999999999991411e+00 -2.045104048688131115e-01
6.335545184739416413e+00 1.204999999999999405e+00 -1.852258433533169324e-01
6.440264939859075888e+00 1.204999999999995852e+00 -2.138982667712321373e-01
6.544984694978735362e+00 1.204999999999996518e+00 -1.866699470403316852e-01
6.649704450098395725e+00 1.205000000000000737e+00 -2.082733276467800820e-01
6.754424205218055199e+00 1.205000000000002736e+00 -2.075170636885586006e-01
6.859143960337715562e+00 1.204999999999991855e+00 -1.694476232264401361e-01
6.963863715457375037e+00 1.205000000000001181e+00 -2.288522003085002865e-01
7.068583470577034511e+00 1.205000000000004068e+00 -2.126244444711726800e-01
7.173303225696694874e+00 1.205000000000004956e+00 -1.673783420846195469e-01
7.278022980816354348e+00 1.204999999999998961e+00 -1.331462768294757737e-01
7.382742735936013823e+00 1.204999999999994742e+00 -1.925465083562354351e-01
7.487462491055674185e+00 1.204999999999981197e+00 -1.918159108980068694e-01
7.592182246175332772e+00 1.204999999999997851e+00 -1.869128537544790802e-01
7.696902001294993134e+00 1.204999999999999405e+00 -1.551742158394819882e-01
7.801621756414652609e+00 1.204999999999986304e+00 -1.726263335045690184e-01
7.906341511534312083e+00 1.204999999999980087e+00 -2.073056055503990081e-01
8.011061266653973334e+00 1.204999999999994298e+00 -2.011303124110490614e-01
8.115781021773631920e+00 1.204999999999977867e+00 -1.440666182017338315e-01
8.220500776893292283e+00 1.204999999999992299e+00 -1.656549656654693337e-01
8.325220532012952646e+00 1.205000000000005844e+00 -1.595352208249174453e-01
8.429940287132611232e+00 1.205000000000007176e+00 -1.814075311566334392e-01
8.534660042252271595e+00 1.204999999999976534e+00 -1.567051836422450606e-01
8.639379797371930181e+00 1.204999999999943228e+00 -1.543022793429447148e-01
8.744099552491592320e+00 1.204999999999947891e+00 -8.693321398827436042e-02
8.848819307611250906e+00 1.205000000000010063e+00 -1.416476571411919849e-01
8.953539062730909492e+00 1.204999999999969429e+00 -1.765650899909445570e-01
9.058258817850569855e+00 1.204999999999957883e+00 -1.533525957575072596e-01
9.162978572970228441e+00 1.204999999999984306e+00 -8.454118889160788797e-02
9.267698328089890580e+00 1.204999999999980309e+00 -1.220138255222522616e-01
9.372418083209549167e+00 1.204999999999996962e+00 -1.138472096119045318e-01
9.477137838329209529e+00 1.204999999999981863e+00 -8.397601203664173397e-02
9.581857593448868116e+00 1.204999999999986304e+00 -1.238580552500980758e-01
9.686577348568528478e+00 1.205000000000006066e+00 -5.786014759423352416e-02
9.791297103688188841e+00 1.205000000000002292e+00 -1.056124734355634587e-01
9.896016858807849204e+00 1.205000000000016946e+00 -1.226422541558616075e-01
1.000073661392750779e+01 1.205000000000042926e+00 -8.068101070336375358e-02
1.010545636904716815e+01 1.204999999999982307e+00 -9.829911046898054394e-02
1.021017612416682674e+01 1.204999999999983196e+00 -7.554054101597706961e-02
1.031489587928648710e+01 1.205000000000008731e+00 -1.102202902463975676e-01
1.041961563440614746e+01 1.205000000000007176e+00 -7.638171972391383235e-02
1.052433538952580783e+01 1.205000000000020721e+00 -5.651906267968342945e-02
1.062905514464546641e+01 1.205000000000020499e+00 -8.626184520755231233e-02
1.073377489976512678e+01 1.205000000000021387e+00 -8.836162853397411254e-02
1.083849465488478536e+01 1.205000000000028493e+00 -1.136997943095430230e-01
1.094321441000444750e+01 1.205000000000021387e+00 -6.549999698617092747e-02
1.104793416512410609e+01 1.205000000000036930e+00 -7.219225680596252914e-02
1.115265392024376645e+01 1.205000000000027160e+00 -8.572238898954864794e-02
1.125737367536342504e+01 1.205000000000020055e+00 -1.009841250127276879e-01
1.136209343048308362e+01 1.205000000000054028e+00 -4.517033632256861608e-02
1.146681318560274576e+01 1.205000000000027160e+00 -3.597367593081735038e-02
1.157153294072240435e+01 1.205000000000028271e+00 -4.944847896346438176e-02
1.167625269584206471e+01 1.205000000000042482e+00 -4.516727650034901842e-02
1.178097245096172330e+01 1.205000000000036264e+00 -9.308164493573833909e-02
1.188569220608138366e+01 1.205000000000027605e+00 -5.491580127454476212e-02
1.199041196120104225e+01 1.205000000000029381e+00 -6.051799077388331227e-02
1.209513171632070438e+01 1.205000000000020277e+00 -1.859098765302213963e-02
1.219985147144036297e+01 1.205000000000009397e+00 -8.897823436975116351e-02
1.230457122656002333e+01 1.205000000000009175e+00 -1.763090307453829553e-02
1.240929098167968192e+01 1.205000000000007176e+00 -3.142809887875408492e-02
1.251401073679934228e+01 1.204999999999989191e+00 -2.186503517242321948e-02
1.261873049191900265e+01 1.204999999999946336e+00 -8.469653993116388335e-02
1.272345024703866301e+01 1.204999999999984750e+00 -1.945338972401700062e-02
1.282817000215832159e+01 1.205000000000025384e+00 -1.423285820980524363e-02
1.293288975727798196e+01 1.205000000000012950e+00 -5.905433807640747546e-02
1.303760951239764054e+01 1.205000000000008287e+00 -2.025247598675505856e-02
1.314232926751730268e+01 1.205000000000028049e+00 -3.582191923325517280e-02
1.324704902263696127e+01 1.205000000000028049e+00 -4.091598320231604191e-02
1.335176877775662163e+01 1.205000000000020721e+00 -1.439862116257195623e-02
1.345648853287628022e+01 1.205000000000044702e+00 -1.989082403315478587e-02
1.356120828799594058e+01 1.205000000000021165e+00 -2.285460229742675153e-02
1.366592804311559917e+01 1.205000000000013838e+00 -1.065795922206369539e-02
1.377064779823526131e+01 1.204999999999984084e+00 3.542838544637660902e-03
1.387536755335491989e+01 1.205000000000047589e+00 1.942983461910507970e-02
1.398008730847457848e+01 1.205000000000017835e+00 -1.296144115718433909e-03
1.408480706359423884e+01 1.205000000000028271e+00 4.275142118432562199e-02
1.418952681871389743e+01 1.205000000000009841e+00 -3.934659780708749111e-02
1.429424657383355957e+01 1.205000000000004956e+00 2.379122430539304389e-02
1.439896632895321815e+01 1.205000000000012728e+00 2.879160761052190765e-02
1.450368608407287851e+01 1.205000000000003624e+00 3.815619596900532429e-02
1.460840583919253710e+01 1.205000000000015614e+00 3.546238126555323333e-02
1.471312559431219746e+01 1.205000000000001625e+00 -1.159670775547638755e-02
1.481784534943185783e+01 1.205000000000018279e+00 1.083423623476953424e-02
1.492256510455151819e+01 1.205000000000034266e+00 3.155395776098224303e-02
1.502728485967117678e+01 1.205000000000024496e+00 4.755963573342292250e-02
1.513200461479083714e+01 1.205000000000027383e+00 -3.299453885322378710e-03
1.523672436991049572e+01 1.205000000000039595e+00 1.278685257147849086e-02
1.534144412503015609e+01 1.205000000000018723e+00 3.332602971163645122e-02
1.544616388014981645e+01 1.205000000000010729e+00 5.520839147628109345e-02
1.555088363526947681e+01 1.205000000000008953e+00 9.279541678704816832e-03
1.565560339038913540e+01 1.205000000000011839e+00 6.747054773487803914e-03
1.576032314550879576e+01 1.205000000000018279e+00 1.600886727239014817e-02
1.586504290062845435e+01 1.205000000000015836e+00 2.090702966825830345e-02
1.596976265574811649e+01 1.205000000000010063e+00 8.113504077084421340e-02
1.607448241086777685e+01 1.205000000000031157e+00 3.069567675588302791e-03
1.617920216598743366e+01 1.205000000000021387e+00 4.507311320614704186e-02
1.628392192110709402e+01 1.205000000000059801e+00 2.564598419697006193e-02
1.638864167622675438e+01 1.204999999999974758e+00 4.071406204970173803e-02
1.649336143134641475e+01 1.205000000000008509e+00 5.393379139728082805e-02
1.659808118646607511e+01 1.205000000000018057e+00 6.518705493130028117e-02
1.670280094158573192e+01 1.205000000000042037e+00 6.251949628907027545e-02
1.680752069670539228e+01 1.205000000000009619e+00 5.752159693320280098e-02
1.691224045182505265e+01 1.205000000000018057e+00 8.153111924112721454e-02
1.701696020694471301e+01 1.205000000000025606e+00 7.694325627772258258e-02
1.712167996206437337e+01 1.205000000000001625e+00 6.299164254745193148e-02
1.722639971718403373e+01 1.205000000000011617e+00 9.744682583778541130e-02
1.733111947230369054e+01 1.205000000000023386e+00 5.784878044140029374e-02
1.743583922742335091e+01 1.204999999999979865e+00 6.257043765816305836e-02
1.754055898254301127e+01 1.204999999999949445e+00 1.193175044411525221e-01
1.764527873766267163e+01 1.204999999999980753e+00 6.488921589546237101e-02
1.774999849278232844e+01 1.204999999999997184e+00 7.332041904590980153e-02
1.785471824790198880e+01 1.204999999999994076e+00 6.151330854947545390e-02
1.795943800302165272e+01 1.204999999999994298e+00 1.222907248262572466e-01
1.806415775814131308e+01 1.205000000000007843e+00 6.275114810109982955e-02
1.816887751326096989e+01 1.205000000000019833e+00 9.820063222682406945e-02
1.827359726838063025e+01 1.205000000000022942e+00 9.353773662511244424e-02
1.837831702350029062e+01 1.205000000000029603e+00 1.249993715856021481e-01
1.848303677861995098e+01 1.205000000000027605e+00 8.566648521736297539e-02
1.858775653373960779e+01 1.205000000000009841e+00 8.927333175919827113e-02
1.869247628885926815e+01 1.205000000000006954e+00 7.839279089120765320e-02
1.879719604397892851e+01 1.205000000000033600e+00 8.601322087343987732e-02
