5.235987755982988295e-02 1.324999999999703970e+00 -1.481500659712021140e+01
1.570796326794896558e-01 1.324999999999992406e+00 -5.147978243250920016e+00
2.617993877991494078e-01 1.325000000000012168e+00 -3.322310747605016878e+00
3.665191429188092154e-01 1.325000000000011502e+00 -2.590428044812499220e+00
4.712388980384689674e-01 1.325000000000002620e+00 -2.188755183127601978e+00
5.759586531581286639e-01 1.324999999999994627e+00 -1.911358068273283584e+00
6.806784082777885825e-01 1.324999999999991740e+00 -1.692685182492008611e+00
7.853981633974481680e-01 1.324999999999993516e+00 -1.517019910948302464e+00
8.901179185171080865e-01 1.324999999999997513e+00 -1.382049223454056452e+00
9.948376736367677831e-01 1.325000000000002176e+00 -1.284844468347873914e+00
1.099557428756427591e+00 1.325000000000004619e+00 -1.215276156648880779e+00
1.204277183876087287e+00 1.325000000000002398e+00 -1.154926683474684079e+00
1.308996938995747206e+00 1.324999999999998845e+00 -1.087830500076296447e+00
1.413716694115406902e+00 1.324999999999996625e+00 -1.014660161670132288e+00
1.518436449235066821e+00 1.324999999999996625e+00 -9.502363520452337120e-01
1.623156204354726295e+00 1.324999999999998623e+00 -9.044504171162301986e-01
1.727875959474386214e+00 1.324999999999999734e+00 -8.734990716181774140e-01
1.832595714594045910e+00 1.324999999999999289e+00 -8.447271708198420548e-01
1.937315469713705829e+00 1.324999999999998623e+00 -8.091259436304945041e-01
2.042035224833365525e+00 1.324999999999998179e+00 -7.671491791179008146e-01
2.146754979953025000e+00 1.324999999999998623e+00 -7.267517920920538721e-01
2.251474735072684918e+00 1.324999999999999067e+00 -6.933664980944587164e-01
2.356194490192344837e+00 1.324999999999999734e+00 -6.666371606626668722e-01
2.460914245312004756e+00 1.324999999999999512e+00 -6.425998874505660652e-01
2.565634000431664230e+00 1.324999999999999734e+00 -6.188463949145348586e-01
2.670353755551324149e+00 1.325000000000000400e+00 -5.962432087962268312e-01
2.775073510670984067e+00 1.325000000000000844e+00 -5.777384768971480788e-01
2.879793265790643986e+00 1.324999999999999067e+00 -5.628944217180529286e-01
2.984513020910303460e+00 1.324999999999997957e+00 -5.466066927802732955e-01
3.089232776029963379e+00 1.324999999999997291e+00 -5.255407033950527662e-01
3.193952531149622853e+00 1.324999999999999512e+00 -5.031322836677696309e-01
3.298672286269282772e+00 1.324999999999999956e+00 -4.854116325366790718e-01
3.403392041388942246e+00 1.325000000000000178e+00 -4.741653284829752124e-01
3.508111796508602165e+00 1.325000000000002620e+00 -4.665963511504527261e-01
3.612831551628262083e+00 1.325000000000000400e+00 -4.587687364113182120e-01
3.717551306747922002e+00 1.324999999999999956e+00 -4.483183142110913622e-01
3.822271061867581476e+00 1.324999999999997069e+00 -4.342251899992985997e-01
3.926990816987241395e+00 1.324999999999997069e+00 -4.180808260421073896e-01
4.031710572106900869e+00 1.324999999999997069e+00 -4.058270282256328798e-01
4.136430327226561232e+00 1.324999999999998623e+00 -4.048185385647933288e-01
4.241150082346220707e+00 1.325000000000000844e+00 -4.138538950548902307e-01
4.345869837465881069e+00 1.325000000000000622e+00 -4.191760418990879700e-01
4.450589592585540544e+00 1.324999999999999067e+00 -4.066721955801266830e-01
4.555309347705200018e+00 1.325000000000000400e+00 -3.779755210642745666e-01
4.660029102824860381e+00 1.324999999999997735e+00 -3.482549470286224746e-01
4.764748857944519855e+00 1.324999999999998179e+00 -3.303934430498740582e-01
4.869468613064179330e+00 1.324999999999996625e+00 -3.261925604231121767e-01
4.974188368183839692e+00 1.324999999999996403e+00 -3.295627931121822840e-01
5.078908123303498279e+00 1.324999999999996181e+00 -3.330965194874737634e-01
5.183627878423158641e+00 1.324999999999992406e+00 -3.315711413781174954e-01
5.288347633542818116e+00 1.324999999999995515e+00 -3.231166796477085157e-01
5.393067388662477590e+00 1.324999999999995293e+00 -3.110342093086435611e-01
5.497787143782137953e+00 1.324999999999996625e+00 -3.019318123815084576e-01
5.602506898901797427e+00 1.324999999999998845e+00 -2.980308125719979273e-01
5.707226654021456902e+00 1.324999999999996625e+00 -2.928266700055850436e-01
5.811946409141117265e+00 1.324999999999995737e+00 -2.809039742840599985e-01
5.916666164260776739e+00 1.324999999999994404e+00 -2.671330849151187792e-01
6.021385919380437102e+00 1.324999999999997513e+00 -2.617887316571234635e-01
6.126105674500096576e+00 1.325000000000000622e+00 -2.675357820672621401e-01
6.230825429619756051e+00 1.324999999999998179e+00 -2.751885337643598106e-01
6.335545184739416413e+00 1.324999999999994404e+00 -2.710138976232592256e-01
6.440264939859075888e+00 1.324999999999995071e+00 -2.505150193142196002e-01
6.544984694978735362e+00 1.324999999999993738e+00 -2.237928133313209500e-01
6.649704450098395725e+00 1.324999999999998401e+00 -2.079894024707549249e-01
6.754424205218055199e+00 1.325000000000002842e+00 -2.144614483674249783e-01
6.859143960337715562e+00 1.325000000000000844e+00 -2.382039949045520189e-01
6.963863715457375037e+00 1.324999999999999734e+00 -2.571897405854164376e-01
7.068583470577034511e+00 1.324999999999994627e+00 -2.496991449013616915e-01
7.173303225696694874e+00 1.324999999999993072e+00 -2.167419575639346618e-01
7.278022980816354348e+00 1.324999999999995515e+00 -1.807465731542263754e-01
7.382742735936013823e+00 1.325000000000000178e+00 -1.635975848021455903e-01
7.487462491055674185e+00 1.325000000000000400e+00 -1.693893572417914939e-01
7.592182246175332772e+00 1.325000000000003508e+00 -1.869949607967260619e-01
7.696902001294993134e+00 1.324999999999998623e+00 -2.020926135576033289e-01
7.801621756414652609e+00 1.324999999999993516e+00 -2.075412881218152705e-01
7.906341511534312083e+00 1.324999999999993738e+00 -2.049697114890944860e-01
8.011061266653973334e+00 1.324999999999997291e+00 -2.017178948998026300e-01
8.115781021773631920e+00 1.324999999999994627e+00 -2.050854285888874529e-01
8.220500776893292283e+00 1.324999999999992406e+00 -2.150999307830616658e-01
8.325220532012952646e+00 1.324999999999996403e+00 -2.202663611610304883e-01
8.429940287132611232e+00 1.325000000000002176e+00 -2.071125946293825848e-01
8.534660042252271595e+00 1.324999999999995959e+00 -1.768745574568360013e-01
8.639379797371930181e+00 1.324999999999983080e+00 -1.473171861245603509e-01
8.744099552491592320e+00 1.324999999999990852e+00 -1.344295972425566532e-01
8.848819307611250906e+00 1.324999999999994849e+00 -1.370110286777421749e-01
8.953539062730909492e+00 1.324999999999983524e+00 -1.409726435023372915e-01
9.058258817850569855e+00 1.324999999999982636e+00 -1.357256783119726862e-01
9.162978572970228441e+00 1.324999999999989964e+00 -1.247038430377749307e-01
9.267698328089890580e+00 1.325000000000001510e+00 -1.186112187419183783e-01
9.372418083209549167e+00 1.325000000000005063e+00 -1.220539435853869037e-01
9.477137838329209529e+00 1.325000000000000400e+00 -1.313901667936825390e-01
9.581857593448868116e+00 1.325000000000005063e+00 -1.413939715640530892e-01
9.686577348568528478e+00 1.325000000000007283e+00 -1.472627148043184064e-01
9.791297103688188841e+00 1.325000000000005063e+00 -1.441884123002559193e-01
9.896016858807849204e+00 1.325000000000016609e+00 -1.317711062593769356e-01
1.000073661392750779e+01 1.325000000000011502e+00 -1.172463695045156129e-01
1.010545636904716815e+01 1.325000000000013722e+00 -1.098465376813990702e-01
1.021017612416682674e+01 1.325000000000014833e+00 -1.117119921800266980e-01
1.031489587928648710e+01 1.325000000000025047e+00 -1.156250190822252222e-01
1.041961563440614746e+01 1.325000000000025935e+00 -1.126558267214630149e-01
1.052433538952580783e+01 1.325000000000041700e+00 -1.021967642136463184e-01
1.062905514464546641e+01 1.325000000000047473e+00 -9.184879995153849563e-02
1.073377489976512678e+01 1.325000000000048583e+00 -8.812498868116769302e-02
1.083849465488478536e+01 1.325000000000045475e+00 -9.069923718540984225e-02
1.094321441000444750e+01 1.325000000000051026e+00 -9.428568716345253620e-02
1.104793416512410609e+01 1.325000000000055689e+00 -9.357189642819996322e-02
1.115265392024376645e+01 1.325000000000055689e+00 -8.669309904281696788e-02
1.125737367536342504e+01 1.325000000000041700e+00 -7.728203932339638982e-02
1.136209343048308362e+01 1.325000000000049916e+00 -6.791149103834293044e-02
1.146681318560274576e+01 1.325000000000047473e+00 -6.971978876877038545e-02
1.157153294072240435e+01 1.325000000000053912e+00 -7.704293970646780565e-02
1.167625269584206471e+01 1.325000000000055023e+00 -8.419118781580436917e-02
1.178097245096172330e+01 1.325000000000051470e+00 -8.429923299780561763e-02
1.188569220608138366e+01 1.325000000000045697e+00 -7.299421376178294452e-02
1.199041196120104225e+01 1.325000000000046363e+00 -5.237867541272400729e-02
1.209513171632070438e+01 1.325000000000043920e+00 -3.317778387268788265e-02
1.219985147144036297e+01 1.325000000000040368e+00 -2.814627764976052049e-02
1.230457122656002333e+01 1.325000000000043698e+00 -4.197057879474286324e-02
1.240929098167968192e+01 1.325000000000046363e+00 -6.594551056763187091e-02
1.251401073679934228e+01 1.325000000000032374e+00 -8.438876912550874465e-02
1.261873049191900265e+01 1.325000000000024380e+00 -8.753113030435955011e-02
1.272345024703866301e+01 1.325000000000020828e+00 -7.659594622232468453e-02
1.282817000215832159e+01 1.325000000000035705e+00 -5.848111654077925436e-02
1.293288975727798196e+01 1.325000000000041922e+00 -3.981992910809672992e-02
1.303760951239764054e+01 1.325000000000032596e+00 -2.771040273800551290e-02
1.314232926751730268e+01 1.325000000000041034e+00 -2.707999726359844317e-02
1.324704902263696127e+01 1.325000000000035039e+00 -3.674759272754002382e-02
1.335176877775662163e+01 1.325000000000031486e+00 -4.725385602550069564e-02
1.345648853287628022e+01 1.325000000000039035e+00 -4.819064991730925840e-02
1.356120828799594058e+01 1.325000000000035705e+00 -3.556804686739489796e-02
1.366592804311559917e+01 1.325000000000039257e+00 -1.571689237055906574e-02
1.377064779823526131e+01 1.325000000000029710e+00 3.235719281153848215e-04
1.387536755335491989e+01 1.325000000000041478e+00 3.219533427191834107e-03
1.398008730847457848e+01 1.325000000000045475e+00 -8.741171713353423911e-03
1.408480706359423884e+01 1.325000000000042144e+00 -2.700966923407399634e-02
1.418952681871389743e+01 1.325000000000032596e+00 -3.565908154347496861e-02
1.429424657383355957e+01 1.325000000000032374e+00 -2.450796088411522078e-02
1.439896632895321815e+01 1.325000000000039257e+00 -4.354246336095712877e-04
1.450368608407287851e+01 1.325000000000034817e+00 1.836789331627741717e-02
1.460840583919253710e+01 1.325000000000028377e+00 1.840464125532825790e-02
1.471312559431219746e+01 1.325000000000040368e+00 2.436291756882980053e-03
1.481784534943185783e+01 1.325000000000031930e+00 -1.339006122825381340e-02
1.492256510455151819e+01 1.325000000000037925e+00 -1.250226843762725082e-02
1.502728485967117678e+01 1.325000000000019273e+00 7.801667913184928693e-03
1.513200461479083714e+01 1.325000000000024158e+00 3.642212774571973455e-02
1.523672436991049572e+01 1.325000000000035483e+00 5.639529579182500640e-02
1.534144412503015609e+01 1.325000000000027267e+00 5.713036433325058283e-02
1.544616388014981645e+01 1.325000000000042366e+00 4.156266156435961534e-02
1.555088363526947681e+01 1.325000000000025713e+00 2.595409281038030258e-02
1.565560339038913540e+01 1.325000000000035705e+00 2.603205003453190614e-02
1.576032314550879576e+01 1.325000000000037703e+00 4.422380555322291684e-02
1.586504290062845435e+01 1.325000000000026823e+00 6.718152379108488503e-02
1.596976265574811649e+01 1.325000000000029488e+00 7.761673317423145591e-02
1.607448241086777685e+01 1.325000000000040590e+00 6.935402448497285377e-02
1.617920216598743366e+01 1.325000000000050138e+00 5.213658028493028951e-02
1.628392192110709402e+01 1.325000000000042810e+00 4.094974732927525451e-02
1.638864167622675438e+01 1.325000000000019718e+00 4.374084439329450902e-02
1.649336143134641475e+01 1.325000000000032818e+00 5.868265096462721431e-02
1.659808118646607511e+01 1.325000000000029932e+00 7.690622080546560824e-02
1.670280094158573192e+01 1.325000000000026379e+00 8.830265190130504038e-02
1.680752069670539228e+01 1.325000000000023714e+00 8.733294553149661965e-02
1.691224045182505265e+01 1.325000000000026601e+00 7.778435638866909585e-02
1.701696020694471301e+01 1.325000000000034817e+00 6.908695450006163696e-02
1.712167996206437337e+01 1.325000000000027045e+00 6.968678697694485891e-02
1.722639971718403373e+01 1.325000000000034373e+00 8.046781772415911860e-02
1.733111947230369054e+01 1.325000000000027045e+00 9.684863775265739605e-02
1.743583922742335091e+01 1.325000000000007061e+00 1.125037455186728153e-01
1.754055898254301127e+01 1.325000000000011724e+00 1.217546095761079528e-01
1.764527873766267163e+01 1.325000000000011724e+00 1.188653674651867220e-01
1.774999849278232844e+01 1.325000000000030820e+00 1.029693149480195302e-01
1.785471824790198880e+01 1.325000000000029488e+00 8.247004690341697142e-02
1.795943800302165272e+01 1.325000000000017497e+00 7.076440300884456747e-02
1.806415775814131308e+01 1.325000000000021050e+00 7.516990790207600526e-02
1.816887751326096989e+01 1.325000000000025269e+00 9.141820366912511986e-02
1.827359726838063025e+01 1.325000000000017497e+00 1.085790846911507401e-01
1.837831702350029062e+01 1.325000000000031264e+00 1.178277807126839605e-01
1.848303677861995098e+01 1.325000000000022826e+00 1.176569643917879660e-01
1.858775653373960779e+01 1.325000000000029043e+00 1.117857363362055878e-01
1.869247628885926815e+01 1.325000000000035261e+00 1.058386350766262751e-01
1.879719604397892851e+01 1.325000000000035483e+00 1.043935111493787815e-01
