5.235987755982988295e-02 1.449999999999770139e+00 -2.118589786724439250e+01
1.570796326794896558e-01 1.449999999999975531e+00 -7.183246638621746172e+00
2.617993877991494078e-01 1.449999999999995293e+00 -4.446036273835931141e+00
3.665191429188092154e-01 1.449999999999998401e+00 -3.310268433505574315e+00
4.712388980384689674e-01 1.449999999999999956e+00 -2.703772023664098079e+00
5.759586531581286639e-01 1.450000000000001066e+00 -2.334346725818393420e+00
6.806784082777885825e-01 1.450000000000000844e+00 -2.087363683584055885e+00
7.853981633974481680e-01 1.449999999999999734e+00 -1.906413952702629144e+00
8.901179185171080865e-01 1.449999999999999512e+00 -1.760542173841338487e+00
9.948376736367677831e-01 1.449999999999998623e+00 -1.633370854595837196e+00
1.099557428756427591e+00 1.449999999999998623e+00 -1.517475472042360440e+00
1.204277183876087287e+00 1.449999999999998401e+00 -1.410255058043715204e+00
1.308996938995747206e+00 1.449999999999998623e+00 -1.311508492750455446e+00
1.413716694115406902e+00 1.449999999999998623e+00 -1.222667809957580731e+00
1.518436449235066821e+00 1.449999999999999289e+00 -1.145969867012002430e+00
1.623156204354726295e+00 1.449999999999999734e+00 -1.082800386028906825e+00
1.727875959474386214e+00 1.449999999999999512e+00 -1.032428889210032397e+00
1.832595714594045910e+00 1.449999999999999512e+00 -9.920962196064022631e-01
1.937315469713705829e+00 1.449999999999998623e+00 -9.579871234365406885e-01
2.042035224833365525e+00 1.449999999999998401e+00 -9.261627907307889984e-01
2.146754979953025000e+00 1.449999999999997957e+00 -8.932669727783255631e-01
2.251474735072684918e+00 1.449999999999997069e+00 -8.573670005229070412e-01
2.356194490192344837e+00 1.449999999999996847e+00 -8.187354414651015766e-01
2.460914245312004756e+00 1.449999999999997069e+00 -7.796844114869201370e-01
2.565634000431664230e+00 1.449999999999998401e+00 -7.434368213588440355e-01
2.670353755551324149e+00 1.449999999999999289e+00 -7.126886788798043604e-01
2.775073510670984067e+00 1.449999999999999289e+00 -6.885392659407045812e-01
2.879793265790643986e+00 1.449999999999999512e+00 -6.701493707075183437e-01
2.984513020910303460e+00 1.449999999999999512e+00 -6.551666915438119076e-01
3.089232776029963379e+00 1.449999999999998845e+00 -6.407235221561307092e-01
3.193952531149622853e+00 1.449999999999999734e+00 -6.245590461231218526e-01
3.298672286269282772e+00 1.449999999999998845e+00 -6.056271308760177163e-01
3.403392041388942246e+00 1.449999999999996625e+00 -5.842343550117461426e-01
3.508111796508602165e+00 1.449999999999997069e+00 -5.619880907439829265e-01
3.612831551628262083e+00 1.449999999999997069e+00 -5.413854434325884313e-01
3.717551306747922002e+00 1.449999999999997291e+00 -5.247175378094786069e-01
3.822271061867581476e+00 1.449999999999995959e+00 -5.128774365244188616e-01
3.926990816987241395e+00 1.449999999999995515e+00 -5.051323971222045905e-01
4.031710572106900869e+00 1.449999999999993738e+00 -4.999251033555367485e-01
4.136430327226561232e+00 1.449999999999994627e+00 -4.955558676792088946e-01
4.241150082346220707e+00 1.449999999999996181e+00 -4.902072993647843546e-01
4.345869837465881069e+00 1.449999999999994404e+00 -4.821141891872890994e-01
4.450589592585540544e+00 1.449999999999992628e+00 -4.704642685824929060e-01
4.555309347705200018e+00 1.449999999999993738e+00 -4.559963282324783762e-01
4.660029102824860381e+00 1.449999999999992628e+00 -4.403147746864846113e-01
4.764748857944519855e+00 1.449999999999994182e+00 -4.247941305291229597e-01
4.869468613064179330e+00 1.449999999999991962e+00 -4.103366001249986184e-01
4.974188368183839692e+00 1.449999999999991962e+00 -3.977896279973753835e-01
5.078908123303498279e+00 1.449999999999990186e+00 -3.878484597191675931e-01
5.183627878423158641e+00 1.449999999999992184e+00 -3.804006171083047505e-01
5.288347633542818116e+00 1.449999999999993516e+00 -3.744738248058236962e-01
5.393067388662477590e+00 1.449999999999991740e+00 -3.690695549206317594e-01
5.497787143782137953e+00 1.449999999999990186e+00 -3.638366150547893696e-01
5.602506898901797427e+00 1.449999999999990852e+00 -3.587574529816084379e-01
5.707226654021456902e+00 1.449999999999990852e+00 -3.535369535638475114e-01
5.811946409141117265e+00 1.449999999999988409e+00 -3.477344750604771662e-01
5.916666164260776739e+00 1.449999999999988853e+00 -3.413640642373172440e-01
6.021385919380437102e+00 1.449999999999987521e+00 -3.349445408970570526e-01
6.126105674500096576e+00 1.449999999999987299e+00 -3.288556993792948191e-01
6.230825429619756051e+00 1.449999999999988187e+00 -3.228057301499465126e-01
6.335545184739416413e+00 1.449999999999986855e+00 -3.161733419081045326e-01
6.440264939859075888e+00 1.449999999999991074e+00 -3.086009947817638377e-01
6.544984694978735362e+00 1.449999999999989964e+00 -3.000560125874152106e-01
6.649704450098395725e+00 1.449999999999991962e+00 -2.907038187167421128e-01
6.754424205218055199e+00 1.449999999999993738e+00 -2.809127654768248661e-01
6.859143960337715562e+00 1.449999999999993960e+00 -2.712423401628161201e-01
6.963863715457375037e+00 1.449999999999986189e+00 -2.622702221997448291e-01
7.068583470577034511e+00 1.449999999999990186e+00 -2.543665105558803319e-01
7.173303225696694874e+00 1.449999999999989519e+00 -2.476726459371070277e-01
7.278022980816354348e+00 1.449999999999986633e+00 -2.422941691161906164e-01
7.382742735936013823e+00 1.449999999999989964e+00 -2.383984634480125209e-01
7.487462491055674185e+00 1.449999999999981304e+00 -2.361872651826457670e-01
7.592182246175332772e+00 1.449999999999986411e+00 -2.356846185878191946e-01
7.696902001294993134e+00 1.449999999999991296e+00 -2.365672490544206141e-01
7.801621756414652609e+00 1.449999999999985745e+00 -2.381246332729896054e-01
7.906341511534312083e+00 1.449999999999991296e+00 -2.391965259069381844e-01
8.011061266653973334e+00 1.449999999999987965e+00 -2.383799131860939724e-01
8.115781021773631920e+00 1.449999999999987743e+00 -2.346181001538774069e-01
8.220500776893292283e+00 1.449999999999989297e+00 -2.275253383907411830e-01
8.325220532012952646e+00 1.449999999999987521e+00 -2.173060276049696427e-01
8.429940287132611232e+00 1.449999999999987965e+00 -2.045940678381583666e-01
8.534660042252271595e+00 1.449999999999982414e+00 -1.905554604459940293e-01
8.639379797371930181e+00 1.449999999999971756e+00 -1.767960762145701636e-01
8.744099552491592320e+00 1.449999999999973976e+00 -1.648993823471087694e-01
8.848819307611250906e+00 1.449999999999986411e+00 -1.561779252722530487e-01
8.953539062730909492e+00 1.449999999999975531e+00 -1.517389017179944233e-01
9.058258817850569855e+00 1.449999999999979972e+00 -1.522641129667157145e-01
9.162978572970228441e+00 1.449999999999985523e+00 -1.574073308637711222e-01
9.267698328089890580e+00 1.449999999999987743e+00 -1.652668591467261194e-01
9.372418083209549167e+00 1.449999999999987521e+00 -1.727768341810484998e-01
9.477137838329209529e+00 1.449999999999990630e+00 -1.769792045518201462e-01
9.581857593448868116e+00 1.449999999999991740e+00 -1.760851099729805469e-01
9.686577348568528478e+00 1.450000000000003064e+00 -1.696424454588516539e-01
9.791297103688188841e+00 1.450000000000001732e+00 -1.585731937575189932e-01
9.896016858807849204e+00 1.450000000000009504e+00 -1.454454591466110003e-01
1.000073661392750779e+01 1.450000000000024825e+00 -1.339798320589196123e-01
1.010545636904716815e+01 1.450000000000012168e+00 -1.275132196520623040e-01
1.021017612416682674e+01 1.450000000000008393e+00 -1.276195325267028835e-01
1.031489587928648710e+01 1.450000000000023270e+00 -1.337897705145589811e-01
1.041961563440614746e+01 1.450000000000025491e+00 -1.437469610904678063e-01
1.052433538952580783e+01 1.450000000000030598e+00 -1.541239360176351880e-01
1.062905514464546641e+01 1.450000000000023714e+00 -1.613379537903760763e-01
1.073377489976512678e+01 1.450000000000031708e+00 -1.625117068327686098e-01
1.083849465488478536e+01 1.450000000000032818e+00 -1.561635461921788703e-01
1.094321441000444750e+01 1.450000000000029265e+00 -1.426154448660383878e-01
1.104793416512410609e+01 1.450000000000035705e+00 -1.240232764559401346e-01
1.115265392024376645e+01 1.450000000000046363e+00 -1.039596458242701971e-01
1.125737367536342504e+01 1.450000000000046585e+00 -8.653626892252219704e-02
1.136209343048308362e+01 1.450000000000043476e+00 -7.156183284691053359e-02
1.146681318560274576e+01 1.450000000000040146e+00 -6.803529996898305399e-02
1.157153294072240435e+01 1.450000000000042144e+00 -7.188843806039990625e-02
1.167625269584206471e+01 1.450000000000038147e+00 -8.064550738869868951e-02
1.178097245096172330e+01 1.450000000000042366e+00 -9.065906923323119315e-02
1.188569220608138366e+01 1.450000000000030820e+00 -9.807791333537352330e-02
1.199041196120104225e+01 1.450000000000032596e+00 -9.980247315943557851e-02
1.209513171632070438e+01 1.450000000000032596e+00 -9.443194072837890474e-02
1.219985147144036297e+01 1.450000000000035705e+00 -8.277038959218607772e-02
1.230457122656002333e+01 1.450000000000029043e+00 -6.746293527412738911e-02
1.240929098167968192e+01 1.450000000000032374e+00 -5.207884232690673798e-02
1.251401073679934228e+01 1.450000000000023714e+00 -4.021241508911366225e-02
1.261873049191900265e+01 1.450000000000019496e+00 -3.469178661317684487e-02
1.272345024703866301e+01 1.450000000000022826e+00 -3.667894000449578584e-02
1.282817000215832159e+01 1.450000000000034373e+00 -4.506336420335443904e-02
1.293288975727798196e+01 1.450000000000023714e+00 -5.679547122059780406e-02
1.303760951239764054e+01 1.450000000000017275e+00 -6.807022650064276093e-02
1.314232926751730268e+01 1.450000000000021938e+00 -7.563660255194371018e-02
1.324704902263696127e+01 1.450000000000026157e+00 -7.749645720054409992e-02
1.335176877775662163e+01 1.450000000000015721e+00 -7.298918299034617974e-02
1.345648853287628022e+01 1.450000000000019940e+00 -6.293645288564775342e-02
1.356120828799594058e+01 1.450000000000020162e+00 -4.964503099844286282e-02
1.366592804311559917e+01 1.450000000000025935e+00 -3.606552317035571775e-02
1.377064779823526131e+01 1.450000000000023714e+00 -2.454614463679405389e-02
1.387536755335491989e+01 1.450000000000023048e+00 -1.613440590239356709e-02
1.398008730847457848e+01 1.450000000000021494e+00 -1.061373828179945633e-02
1.408480706359423884e+01 1.450000000000016609e+00 -6.901226992461317877e-03
1.418952681871389743e+01 1.450000000000012834e+00 -3.493275437438825293e-03
1.429424657383355957e+01 1.450000000000027267e+00 8.890045501850352139e-04
1.439896632895321815e+01 1.450000000000024603e+00 6.608464214103548784e-03
1.450368608407287851e+01 1.450000000000023936e+00 1.300202472415534771e-02
1.460840583919253710e+01 1.450000000000023270e+00 1.887858060604585830e-02
1.471312559431219746e+01 1.450000000000016831e+00 2.318477344455160960e-02
1.481784534943185783e+01 1.450000000000013722e+00 2.530891907070653701e-02
1.492256510455151819e+01 1.450000000000019496e+00 2.517322130677968062e-02
1.502728485967117678e+01 1.450000000000020606e+00 2.335336977718860396e-02
1.513200461479083714e+01 1.450000000000026157e+00 2.093028485704806485e-02
1.523672436991049572e+01 1.450000000000020828e+00 1.915296803543142801e-02
1.534144412503015609e+01 1.450000000000015943e+00 1.907906559079464159e-02
1.544616388014981645e+01 1.450000000000017497e+00 2.124511946888496539e-02
1.555088363526947681e+01 1.450000000000024603e+00 2.553325187677124575e-02
1.565560339038913540e+01 1.450000000000024825e+00 3.130674425087498491e-02
1.576032314550879576e+01 1.450000000000024825e+00 3.751823098071938034e-02
1.586504290062845435e+01 1.450000000000025935e+00 4.301741383185309076e-02
1.596976265574811649e+01 1.450000000000014833e+00 4.718860150480175264e-02
1.607448241086777685e+01 1.450000000000014833e+00 5.040313019262043781e-02
1.617920216598743366e+01 1.450000000000022160e+00 5.388505938394771988e-02
1.628392192110709402e+01 1.450000000000020606e+00 5.903811296939309727e-02
1.638864167622675438e+01 1.450000000000016387e+00 6.683576645182398579e-02
1.649336143134641475e+01 1.450000000000025713e+00 7.741802644751416551e-02
1.659808118646607511e+01 1.450000000000021050e+00 8.975693996789502194e-02
1.670280094158573192e+01 1.450000000000019496e+00 1.016768503542060387e-01
1.680752069670539228e+01 1.450000000000008837e+00 1.105350367078123952e-01
1.691224045182505265e+01 1.450000000000016831e+00 1.143425956837162971e-01
1.701696020694471301e+01 1.450000000000020384e+00 1.124664871083211892e-01
1.712167996206437337e+01 1.450000000000009504e+00 1.055746092160028127e-01
1.722639971718403373e+01 1.450000000000020162e+00 9.548420751579556054e-02
1.733111947230369054e+01 1.450000000000025269e+00 8.508435456994689616e-02
1.743583922742335091e+01 1.450000000000013500e+00 7.771773198946618777e-02
1.754055898254301127e+01 1.450000000000008171e+00 7.601586262430259922e-02
1.764527873766267163e+01 1.450000000000014611e+00 8.085420537198828583e-02
1.774999849278232844e+01 1.450000000000015499e+00 9.109534178057643317e-02
1.785471824790198880e+01 1.450000000000016165e+00 1.041908060511502754e-01
1.795943800302165272e+01 1.450000000000020384e+00 1.170280033396231545e-01
1.806415775814131308e+01 1.450000000000012834e+00 1.266325882601151420e-01
1.816887751326096989e+01 1.450000000000019940e+00 1.308975961872675953e-01
1.827359726838063025e+01 1.450000000000016165e+00 1.292785389815236385e-01
1.837831702350029062e+01 1.450000000000022160e+00 1.230254106290828986e-01
1.848303677861995098e+01 1.450000000000022160e+00 1.147327663562798250e-01
1.858775653373960779e+01 1.450000000000021716e+00 1.075595557916386724e-01
1.869247628885926815e+01 1.450000000000027045e+00 1.044455030192175116e-01
1.879719604397892851e+01 1.450000000000025491e+00 1.073130757514313416e-01
