5.235987755982988295e-02 1.999999999996972422e+00 -6.039720050384623562e+01
1.570796326794896558e-01 1.999999999999617417e+00 -2.014990296413822080e+01
2.617993877991494078e-01 1.999999999999877209e+00 -1.211109854720040602e+01
3.665191429188092154e-01 1.999999999999946931e+00 -8.673366441774831515e+00
4.712388980384689674e-01 1.999999999999965139e+00 -6.769152154483450090e+00
5.759586531581286639e-01 1.999999999999973577e+00 -5.561964416861013838e+00
6.806784082777885825e-01 1.999999999999983347e+00 -4.730083452095264818e+00
7.853981633974481680e-01 1.999999999999986677e+00 -4.123401052772581288e+00
8.901179185171080865e-01 1.999999999999986233e+00 -3.662415522932726653e+00
9.948376736367677831e-01 1.999999999999990008e+00 -3.301086704200615785e+00
1.099557428756427591e+00 1.999999999999993339e+00 -3.010848412759466797e+00
1.204277183876087287e+00 1.999999999999992673e+00 -2.772993253244457890e+00
1.308996938995747206e+00 1.999999999999995115e+00 -2.574734730047334441e+00
1.413716694115406902e+00 1.999999999999997113e+00 -2.407009424518332441e+00
1.518436449235066821e+00 1.999999999999995559e+00 -2.263195185914459895e+00
1.623156204354726295e+00 1.999999999999995559e+00 -2.138328031116613293e+00
1.727875959474386214e+00 1.999999999999995781e+00 -2.028620324172039524e+00
1.832595714594045910e+00 1.999999999999995781e+00 -1.931139775454987717e+00
1.937315469713705829e+00 1.999999999999995115e+00 -1.843572224483142286e+00
2.042035224833365525e+00 1.999999999999994671e+00 -1.764087330762907246e+00
2.146754979953025000e+00 1.999999999999995115e+00 -1.691228686573835294e+00
2.251474735072684918e+00 1.999999999999993783e+00 -1.623825881188396103e+00
2.356194490192344837e+00 1.999999999999994671e+00 -1.560945706788465781e+00
2.460914245312004756e+00 1.999999999999994449e+00 -1.501848130200898357e+00
2.565634000431664230e+00 1.999999999999994449e+00 -1.445960935146500592e+00
2.670353755551324149e+00 1.999999999999993783e+00 -1.392861430502823072e+00
2.775073510670984067e+00 1.999999999999994005e+00 -1.342260842457534853e+00
2.879793265790643986e+00 1.999999999999994227e+00 -1.294004847447449702e+00
2.984513020910303460e+00 1.999999999999994005e+00 -1.248041437095905870e+00
3.089232776029963379e+00 1.999999999999993561e+00 -1.204406896210601818e+00
3.193952531149622853e+00 1.999999999999994227e+00 -1.163195793947482848e+00
3.298672286269282772e+00 1.999999999999992895e+00 -1.124512603094637964e+00
3.403392041388942246e+00 1.999999999999993783e+00 -1.088440671976162122e+00
3.508111796508602165e+00 1.999999999999994449e+00 -1.055011167167979380e+00
3.612831551628262083e+00 1.999999999999993339e+00 -1.024180001700699449e+00
3.717551306747922002e+00 1.999999999999994449e+00 -9.958212829206183336e-01
3.822271061867581476e+00 1.999999999999993561e+00 -9.697385874750836798e-01
3.926990816987241395e+00 1.999999999999994227e+00 -9.456916688155536654e-01
4.031710572106900869e+00 1.999999999999991562e+00 -9.234140481291372993e-01
4.136430327226561232e+00 1.999999999999994227e+00 -9.026517330933350181e-01
4.241150082346220707e+00 1.999999999999995781e+00 -8.831752086397139934e-01
4.345869837465881069e+00 1.999999999999993783e+00 -8.647900369692056444e-01
4.450589592585540544e+00 1.999999999999994227e+00 -8.473382303175736041e-01
4.555309347705200018e+00 1.999999999999992673e+00 -8.306806374303672413e-01
4.660029102824860381e+00 1.999999999999994005e+00 -8.146858436581521090e-01
4.764748857944519855e+00 1.999999999999992895e+00 -7.992114172539235284e-01
4.869468613064179330e+00 1.999999999999993561e+00 -7.841090391699978568e-01
4.974188368183839692e+00 1.999999999999992450e+00 -7.692258813913328552e-01
5.078908123303498279e+00 1.999999999999990896e+00 -7.544175235995220774e-01
5.183627878423158641e+00 1.999999999999988676e+00 -7.395683760167921506e-01
5.288347633542818116e+00 1.999999999999992450e+00 -7.246220312339337610e-01
5.393067388662477590e+00 1.999999999999992006e+00 -7.095726308145833272e-01
5.497787143782137953e+00 1.999999999999991784e+00 -6.944787865268375882e-01
5.602506898901797427e+00 1.999999999999991340e+00 -6.794526163409759789e-01
5.707226654021456902e+00 1.999999999999991784e+00 -6.646303744630648325e-01
5.811946409141117265e+00 1.999999999999992673e+00 -6.501579128366996585e-01
5.916666164260776739e+00 1.999999999999988898e+00 -6.361598746638774671e-01
6.021385919380437102e+00 1.999999999999987343e+00 -6.227322529988601474e-01
6.126105674500096576e+00 1.999999999999987566e+00 -6.099192199845333562e-01
6.230825429619756051e+00 1.999999999999987343e+00 -5.977045918789025691e-01
6.335545184739416413e+00 1.999999999999986899e+00 -5.860368475368105123e-01
6.440264939859075888e+00 1.999999999999991118e+00 -5.748199210750124521e-01
6.544984694978735362e+00 1.999999999999987788e+00 -5.639351701476975620e-01
6.649704450098395725e+00 1.999999999999987566e+00 -5.532619396046465354e-01
6.754424205218055199e+00 1.999999999999988676e+00 -5.426859784186284230e-01
6.859143960337715562e+00 1.999999999999992006e+00 -5.321146419511446624e-01
6.963863715457375037e+00 1.999999999999989564e+00 -5.214834725478381117e-01
7.068583470577034511e+00 1.999999999999990230e+00 -5.107711157892884657e-01
7.173303225696694874e+00 1.999999999999986899e+00 -4.999938538947281685e-01
7.278022980816354348e+00 1.999999999999988676e+00 -4.892080352043359781e-01
7.382742735936013823e+00 1.999999999999991340e+00 -4.785133558643934748e-01
7.487462491055674185e+00 1.999999999999983791e+00 -4.680244610300814401e-01
7.592182246175332772e+00 1.999999999999988010e+00 -4.578617779941005494e-01
7.696902001294993134e+00 1.999999999999986233e+00 -4.481220695713101776e-01
7.801621756414652609e+00 1.999999999999988010e+00 -4.388717727688646875e-01
7.906341511534312083e+00 1.999999999999991562e+00 -4.301276601828538659e-01
8.011061266653973334e+00 1.999999999999984901e+00 -4.218539450686051850e-01
8.115781021773631920e+00 1.999999999999988010e+00 -4.139818268971566795e-01
8.220500776893292283e+00 1.999999999999986455e+00 -4.064123954011407136e-01
8.325220532012952646e+00 1.999999999999984679e+00 -3.990341470650236033e-01
8.429940287132611232e+00 1.999999999999990008e+00 -3.917491499567926638e-01
8.534660042252271595e+00 1.999999999999983569e+00 -3.844600637615851468e-01
8.639379797371930181e+00 1.999999999999979572e+00 -3.770839878638039266e-01
8.744099552491592320e+00 1.999999999999986011e+00 -3.695464108202024534e-01
8.848819307611250906e+00 1.999999999999991340e+00 -3.617756888760048639e-01
8.953539062730909492e+00 1.999999999999980904e+00 -3.537027518046720331e-01
9.058258817850569855e+00 1.999999999999984013e+00 -3.452589260332814547e-01
9.162978572970228441e+00 1.999999999999986233e+00 -3.363962378959506339e-01
9.267698328089890580e+00 1.999999999999991118e+00 -3.270803606274039765e-01
9.372418083209549167e+00 1.999999999999988454e+00 -3.173126564393680127e-01
9.477137838329209529e+00 1.999999999999990674e+00 -3.071391518807367049e-01
9.581857593448868116e+00 1.999999999999992450e+00 -2.966437395548080502e-01
9.686577348568528478e+00 1.999999999999994671e+00 -2.859587226888944400e-01
9.791297103688188841e+00 1.999999999999999778e+00 -2.752316850581930652e-01
9.896016858807849204e+00 2.000000000000009326e+00 -2.646309344080144399e-01
1.000073661392750779e+01 2.000000000000013767e+00 -2.543159937757106803e-01
1.010545636904716815e+01 2.000000000000006661e+00 -2.444054256180194784e-01
1.021017612416682674e+01 2.000000000000011990e+00 -2.349890190703796122e-01
1.031489587928648710e+01 2.000000000000014655e+00 -2.261086535717993229e-01
1.041961563440614746e+01 2.000000000000026201e+00 -2.177592162552883792e-01
1.052433538952580783e+01 2.000000000000024869e+00 -2.099055700685248382e-01
1.062905514464546641e+01 2.000000000000026645e+00 -2.024836912792071786e-01
1.073377489976512678e+01 2.000000000000032863e+00 -1.954227128467422858e-01
1.083849465488478536e+01 2.000000000000039080e+00 -1.886475505639939598e-01
1.094321441000444750e+01 2.000000000000041744e+00 -1.820923478823033292e-01
1.104793416512410609e+01 2.000000000000046185e+00 -1.756914820156936230e-01
1.115265392024376645e+01 2.000000000000047518e+00 -1.693843863342117118e-01
1.125737367536342504e+01 2.000000000000047962e+00 -1.631149046951296810e-01
1.136209343048308362e+01 2.000000000000050182e+00 -1.531942112295627823e-01
1.146681318560274576e+01 2.000000000000050182e+00 -1.467491626009458372e-01
1.157153294072240435e+01 2.000000000000045741e+00 -1.402054847075113742e-01
1.167625269584206471e+01 2.000000000000046629e+00 -1.335438957535171056e-01
1.178097245096172330e+01 2.000000000000051070e+00 -1.267637315186309621e-01
1.188569220608138366e+01 2.000000000000055511e+00 -1.198681528207519165e-01
1.199041196120104225e+01 2.000000000000048406e+00 -1.128581666886088186e-01
1.209513171632070438e+01 2.000000000000046629e+00 -1.057326066185488855e-01
1.219985147144036297e+01 2.000000000000051958e+00 -9.847562496917028341e-02
1.230457122656002333e+01 2.000000000000056843e+00 -9.107792560580030283e-02
1.240929098167968192e+01 2.000000000000044853e+00 -8.355304352134673707e-02
1.251401073679934228e+01 2.000000000000058176e+00 -7.595516381280909002e-02
1.261873049191900265e+01 2.000000000000048406e+00 -6.839390128149780423e-02
1.272345024703866301e+01 2.000000000000045297e+00 -6.103847223610081585e-02
1.282817000215832159e+01 2.000000000000042188e+00 -5.410563229031239985e-02
1.293288975727798196e+01 2.000000000000048850e+00 -4.782693039608432173e-02
1.303760951239764054e+01 2.000000000000049294e+00 -4.241609752787134369e-02
1.314232926751730268e+01 2.000000000000035527e+00 -3.804350151465030194e-02
1.324704902263696127e+01 2.000000000000045741e+00 -3.478680345166296206e-02
1.335176877775662163e+01 2.000000000000048850e+00 -3.262802331081715579e-02
1.345648853287628022e+01 2.000000000000054623e+00 -3.145132766353420095e-02
1.356120828799594058e+01 2.000000000000035083e+00 -3.104786134629655692e-02
1.366592804311559917e+01 2.000000000000045297e+00 -3.114221499122393766e-02
1.377064779823526131e+01 2.000000000000043965e+00 -3.141917632289725759e-02
1.387536755335491989e+01 2.000000000000044409e+00 -3.156380334312203217e-02
1.398008730847457848e+01 2.000000000000038636e+00 -3.128136596326491770e-02
1.408480706359423884e+01 2.000000000000048406e+00 -3.032617717089536313e-02
1.418952681871389743e+01 2.000000000000042188e+00 -2.852014567542582313e-02
1.429424657383355957e+01 2.000000000000039968e+00 -2.574864855176173251e-02
1.439896632895321815e+01 2.000000000000031086e+00 -2.196950883675263810e-02
1.450368608407287851e+01 2.000000000000043965e+00 -1.718788616672028979e-02
1.460840583919253710e+01 2.000000000000038192e+00 -1.146940142224472936e-02
1.471312559431219746e+01 2.000000000000038636e+00 -4.920519507740195309e-03
1.481784534943185783e+01 2.000000000000043521e+00 2.316178700214166497e-03
1.492256510455151819e+01 2.000000000000043077e+00 1.006092015793846883e-02
1.502728485967117678e+01 2.000000000000037303e+00 1.810693431936627462e-02
1.513200461479083714e+01 2.000000000000041300e+00 2.622431696107518917e-02
1.523672436991049572e+01 2.000000000000044853e+00 3.418740582701218500e-02
1.534144412503015609e+01 2.000000000000040412e+00 4.177280473624911394e-02
1.544616388014981645e+01 2.000000000000040856e+00 4.878571513563834117e-02
1.555088363526947681e+01 2.000000000000040856e+00 5.506273896971336512e-02
1.565560339038913540e+01 2.000000000000043077e+00 6.048045191051087954e-02
1.576032314550879576e+01 2.000000000000034195e+00 6.495287345436295823e-02
1.586504290062845435e+01 2.000000000000037303e+00 6.843461877553203010e-02
1.596976265574811649e+01 2.000000000000038636e+00 7.093808179514304868e-02
1.607448241086777685e+01 2.000000000000041744e+00 7.251941818231699699e-02
1.617920216598743366e+01 2.000000000000037748e+00 7.330089733520139816e-02
1.628392192110709402e+01 2.000000000000036415e+00 7.346097031114240394e-02
1.638864167622675438e+01 2.000000000000037748e+00 7.323686434912346499e-02
1.649336143134641475e+01 2.000000000000037748e+00 7.290618746745636258e-02
1.659808118646607511e+01 2.000000000000031530e+00 7.275952385997541683e-02
1.670280094158573192e+01 2.000000000000043965e+00 7.308169711568623939e-02
1.680752069670539228e+01 2.000000000000041300e+00 7.411514476102709637e-02
1.691224045182505265e+01 2.000000000000035083e+00 7.603633877242543804e-02
1.701696020694471301e+01 2.000000000000023981e+00 7.893328724302861588e-02
1.712167996206437337e+01 2.000000000000036415e+00 8.280343853616756178e-02
1.722639971718403373e+01 2.000000000000040412e+00 8.755830931953312302e-02
1.733111947230369054e+01 2.000000000000031086e+00 9.302905276936002110e-02
1.743583922742335091e+01 2.000000000000030642e+00 9.901262860478610150e-02
1.754055898254301127e+01 2.000000000000033751e+00 1.052956364341923745e-01
1.764527873766267163e+01 2.000000000000043965e+00 1.116831920569438807e-01
1.774999849278232844e+01 2.000000000000030642e+00 1.180264943094329055e-01
1.785471824790198880e+01 2.000000000000036415e+00 1.242315489356400349e-01
1.795943800302165272e+01 2.000000000000033751e+00 1.302537395846243840e-01
1.806415775814131308e+01 2.000000000000032419e+00 1.360837045524654343e-01
1.816887751326096989e+01 2.000000000000031530e+00 1.417313098825836448e-01
1.827359726838063025e+01 2.000000000000033307e+00 1.472115476406123946e-01
1.837831702350029062e+01 2.000000000000033307e+00 1.525270912951057767e-01
1.848303677861995098e+01 2.000000000000027978e+00 1.576788291414601417e-01
1.858775653373960779e+01 2.000000000000025757e+00 1.626659538538497429e-01
1.869247628885926815e+01 2.000000000000036859e+00 1.674907741353415247e-01
1.879719604397892851e+01 2.000000000000038636e+00 1.721702172318622104e-01
