5.235987755982988295e-02 1.499999999999185984e+00 -2.451312645584652827e+01
1.570796326794896558e-01 1.499999999999915623e+00 -8.269694049286602677e+00
2.617993877991494078e-01 1.499999999999981126e+00 -5.074273128751726425e+00
3.665191429188092154e-01 1.499999999999995337e+00 -3.737521394523911411e+00
4.712388980384689674e-01 1.500000000000000888e+00 -3.016363935236637595e+00
5.759586531581286639e-01 1.500000000000002887e+00 -2.571223070957777246e+00
6.806784082777885825e-01 1.500000000000003553e+00 -2.270031276817265020e+00
7.853981633974481680e-01 1.500000000000003553e+00 -2.049697532755759610e+00
8.901179185171080865e-01 1.500000000000002220e+00 -1.876261789334582319e+00
9.948376736367677831e-01 1.500000000000000666e+00 -1.730785494644605738e+00
1.099557428756427591e+00 1.499999999999998668e+00 -1.603275770974278647e+00
1.204277183876087287e+00 1.499999999999997558e+00 -1.489256319658704752e+00
1.308996938995747206e+00 1.499999999999996891e+00 -1.387396973154919610e+00
1.413716694115406902e+00 1.499999999999996003e+00 -1.297881140670812616e+00
1.518436449235066821e+00 1.499999999999996891e+00 -1.221199500737262689e+00
1.623156204354726295e+00 1.499999999999997335e+00 -1.157146470317413689e+00
1.727875959474386214e+00 1.499999999999998002e+00 -1.104155018825635937e+00
1.832595714594045910e+00 1.499999999999998002e+00 -1.059394039922901820e+00
1.937315469713705829e+00 1.499999999999999334e+00 -1.019647546730964915e+00
2.042035224833365525e+00 1.499999999999999778e+00 -9.823601885368948849e-01
2.146754979953025000e+00 1.499999999999999778e+00 -9.462170985241082910e-01
2.251474735072684918e+00 1.499999999999998890e+00 -9.110653058401227966e-01
2.356194490192344837e+00 1.499999999999999112e+00 -8.774831223785528600e-01
2.460914245312004756e+00 1.499999999999998668e+00 -8.463314886295907336e-01
2.565634000431664230e+00 1.499999999999998890e+00 -8.183200509574573012e-01
2.670353755551324149e+00 1.499999999999998446e+00 -7.935386580331793560e-01
2.775073510670984067e+00 1.499999999999998668e+00 -7.711687551270003382e-01
2.879793265790643986e+00 1.499999999999998224e+00 -7.497429335931582450e-01
2.984513020910303460e+00 1.499999999999997113e+00 -7.278128599484259276e-01
3.089232776029963379e+00 1.499999999999996669e+00 -7.045329054046174377e-01
3.193952531149622853e+00 1.499999999999995559e+00 -6.798529843430327624e-01
3.298672286269282772e+00 1.499999999999996003e+00 -6.544275377426096441e-01
3.403392041388942246e+00 1.499999999999997558e+00 -6.294999099711042767e-01
3.508111796508602165e+00 1.499999999999995337e+00 -6.066951450502333643e-01
3.612831551628262083e+00 1.499999999999996225e+00 -5.875579398507126960e-01
3.717551306747922002e+00 1.499999999999998890e+00 -5.729464533535182369e-01
3.822271061867581476e+00 1.499999999999998224e+00 -5.626381230316774840e-01
3.926990816987241395e+00 1.499999999999998224e+00 -5.553996556963007869e-01
4.031710572106900869e+00 1.499999999999996225e+00 -5.493563505243326262e-01
4.136430327226561232e+00 1.499999999999996447e+00 -5.424415381536320524e-01
4.241150082346220707e+00 1.499999999999994671e+00 -5.327892606932991271e-01
4.345869837465881069e+00 1.499999999999994671e+00 -5.191292380427094955e-01
4.450589592585540544e+00 1.499999999999993117e+00 -5.011602002881767604e-01
4.555309347705200018e+00 1.499999999999994671e+00 -4.797079470365677167e-01
4.660029102824860381e+00 1.499999999999993117e+00 -4.565470872072623365e-01
4.764748857944519855e+00 1.499999999999989786e+00 -4.339714944383672446e-01
4.869468613064179330e+00 1.499999999999992006e+00 -4.142582441593214426e-01
4.974188368183839692e+00 1.499999999999993561e+00 -3.991257633098115321e-01
5.078908123303498279e+00 1.499999999999990674e+00 -3.892800842784565063e-01
5.183627878423158641e+00 1.499999999999992673e+00 -3.842427301521027516e-01
5.288347633542818116e+00 1.499999999999993339e+00 -3.825802523847467995e-01
5.393067388662477590e+00 1.499999999999994893e+00 -3.824098092008645366e-01
5.497787143782137953e+00 1.499999999999991784e+00 -3.819510829227255044e-01
5.602506898901797427e+00 1.499999999999994671e+00 -3.798884857678102023e-01
5.707226654021456902e+00 1.499999999999992673e+00 -3.754974789950740188e-01
5.811946409141117265e+00 1.499999999999992450e+00 -3.686345258677734549e-01
5.916666164260776739e+00 1.499999999999991340e+00 -3.596925580542214007e-01
6.021385919380437102e+00 1.499999999999993783e+00 -3.494897903187030863e-01
6.126105674500096576e+00 1.499999999999992228e+00 -3.390356080615974932e-01
6.230825429619756051e+00 1.499999999999994227e+00 -3.292333259053519257e-01
6.335545184739416413e+00 1.499999999999986011e+00 -3.206942363631837267e-01
6.440264939859075888e+00 1.499999999999991340e+00 -3.136825783480450269e-01
6.544984694978735362e+00 1.499999999999991118e+00 -3.081386676512458678e-01
6.649704450098395725e+00 1.499999999999989564e+00 -3.037035771981342336e-01
6.754424205218055199e+00 1.499999999999995115e+00 -2.998231621086997478e-01
6.859143960337715562e+00 1.499999999999993117e+00 -2.958848818669927994e-01
6.963863715457375037e+00 1.499999999999998446e+00 -2.913674380307469391e-01
7.068583470577034511e+00 1.499999999999991118e+00 -2.860049623793274876e-01
7.173303225696694874e+00 1.499999999999991562e+00 -2.798394626319939960e-01
7.278022980816354348e+00 1.499999999999992228e+00 -2.731983348090682995e-01
7.382742735936013823e+00 1.499999999999998224e+00 -2.666311874175493202e-01
7.487462491055674185e+00 1.499999999999987566e+00 -2.608316788894233795e-01
7.592182246175332772e+00 1.499999999999987788e+00 -2.564849817600247661e-01
7.696902001294993134e+00 1.499999999999986677e+00 -2.539792408939085533e-01
7.801621756414652609e+00 1.499999999999994227e+00 -2.531427947068767281e-01
7.906341511534312083e+00 1.499999999999996669e+00 -2.531432661991157573e-01
8.011061266653973334e+00 1.499999999999984679e+00 -2.525870294298506735e-01
8.115781021773631920e+00 1.499999999999990230e+00 -2.498177660448170911e-01
8.220500776893292283e+00 1.499999999999993561e+00 -2.433777501315574909e-01
8.325220532012952646e+00 1.499999999999992673e+00 -2.325809169763441986e-01
8.429940287132611232e+00 1.499999999999988676e+00 -2.179524776740411340e-01
8.534660042252271595e+00 1.499999999999979572e+00 -2.012956887662173955e-01
8.639379797371930181e+00 1.499999999999972022e+00 -1.852216251335168096e-01
8.744099552491592320e+00 1.499999999999980904e+00 -1.724023231492388675e-01
8.848819307611250906e+00 1.499999999999986455e+00 -1.648939845914725311e-01
8.953539062730909492e+00 1.499999999999985345e+00 -1.636239588590093774e-01
9.058258817850569855e+00 1.499999999999985567e+00 -1.680626324021119444e-01
9.162978572970228441e+00 1.499999999999994671e+00 -1.762046646710988540e-01
9.267698328089890580e+00 1.499999999999990896e+00 -1.850000715139437091e-01
9.372418083209549167e+00 1.499999999999990008e+00 -1.912193983329437685e-01
9.477137838329209529e+00 1.499999999999992673e+00 -1.924385480778632029e-01
9.581857593448868116e+00 1.499999999999994893e+00 -1.877287690835292011e-01
9.686577348568528478e+00 1.499999999999993561e+00 -1.777918999162242386e-01
9.791297103688188841e+00 1.499999999999998668e+00 -1.646626538506570370e-01
9.896016858807849204e+00 1.500000000000014433e+00 -1.511808537477605796e-01
1.000073661392750779e+01 1.500000000000017097e+00 -1.402538845278389346e-01
1.010545636904716815e+01 1.500000000000002442e+00 -1.340149085959083664e-01
1.021017612416682674e+01 1.500000000000015321e+00 -1.331465017625124148e-01
1.031489587928648710e+01 1.500000000000021982e+00 -1.367197995830231605e-01
1.041961563440614746e+01 1.500000000000024425e+00 -1.425892639188610644e-01
1.052433538952580783e+01 1.500000000000031086e+00 -1.481122325093124914e-01
1.062905514464546641e+01 1.500000000000040190e+00 -1.509185033828490674e-01
1.073377489976512678e+01 1.500000000000047073e+00 -1.494541138238734135e-01
1.083849465488478536e+01 1.500000000000038858e+00 -1.432962153076040579e-01
1.094321441000444750e+01 1.500000000000038414e+00 -1.332682737041714915e-01
1.104793416512410609e+01 1.500000000000046851e+00 -1.213196775934548555e-01
1.115265392024376645e+01 1.500000000000043965e+00 -1.099519418239722768e-01
1.125737367536342504e+01 1.500000000000047518e+00 -1.012828449100418027e-01
1.136209343048308362e+01 1.500000000000047296e+00 -9.264248936217711616e-02
1.146681318560274576e+01 1.500000000000054179e+00 -9.105079059313858636e-02
1.157153294072240435e+01 1.500000000000051070e+00 -9.182241532460189148e-02
1.167625269584206471e+01 1.500000000000056621e+00 -9.353152079363802329e-02
1.178097245096172330e+01 1.500000000000054179e+00 -9.486081775618515621e-02
1.188569220608138366e+01 1.500000000000047518e+00 -9.489342402321021552e-02
1.199041196120104225e+01 1.500000000000038192e+00 -9.326442596604422874e-02
1.209513171632070438e+01 1.500000000000045075e+00 -9.019229013569329823e-02
1.219985147144036297e+01 1.500000000000040634e+00 -8.634601105755024264e-02
1.230457122656002333e+01 1.500000000000035749e+00 -8.254181463859566747e-02
1.240929098167968192e+01 1.500000000000034417e+00 -7.947588603089350556e-02
1.251401073679934228e+01 1.500000000000031974e+00 -7.763337465089392708e-02
1.261873049191900265e+01 1.500000000000024425e+00 -7.722149428031066520e-02
1.272345024703866301e+01 1.500000000000024425e+00 -7.792604521523038841e-02
1.282817000215832159e+01 1.500000000000041078e+00 -7.871026527814883877e-02
1.293288975727798196e+01 1.500000000000025091e+00 -7.800668688085998781e-02
1.303760951239764054e+01 1.500000000000028200e+00 -7.435305218024623741e-02
1.314232926751730268e+01 1.500000000000043077e+00 -6.710871363552861624e-02
1.324704902263696127e+01 1.500000000000025757e+00 -5.683224151034238503e-02
1.335176877775662163e+01 1.500000000000037970e+00 -4.512923436232441077e-02
1.345648853287628022e+01 1.500000000000041744e+00 -3.413818818306779690e-02
1.356120828799594058e+01 1.500000000000031086e+00 -2.588309734553462249e-02
1.366592804311559917e+01 1.500000000000028200e+00 -2.161006009764143698e-02
1.377064779823526131e+01 1.500000000000030420e+00 -2.127028185066492938e-02
1.387536755335491989e+01 1.500000000000025313e+00 -2.343657336037985317e-02
1.398008730847457848e+01 1.500000000000027089e+00 -2.580082226423030534e-02
1.408480706359423884e+01 1.500000000000023093e+00 -2.600450106030471886e-02
1.418952681871389743e+01 1.500000000000029088e+00 -2.238270526799546190e-02
1.429424657383355957e+01 1.500000000000017542e+00 -1.438337559807933985e-02
1.439896632895321815e+01 1.500000000000019762e+00 -2.717569424968147018e-03
1.450368608407287851e+01 1.500000000000021316e+00 1.071971111801417464e-02
1.460840583919253710e+01 1.500000000000034417e+00 2.319526415436889977e-02
1.471312559431219746e+01 1.500000000000029088e+00 3.193900928682680274e-02
1.481784534943185783e+01 1.500000000000021760e+00 3.516103224161604146e-02
1.492256510455151819e+01 1.500000000000021760e+00 3.273047234724657528e-02
1.502728485967117678e+01 1.500000000000029088e+00 2.617370025368259689e-02
1.513200461479083714e+01 1.500000000000031308e+00 1.813665246246465301e-02
1.523672436991049572e+01 1.500000000000024425e+00 1.165545846146365250e-02
1.534144412503015609e+01 1.500000000000027089e+00 9.337019950748981501e-03
1.544616388014981645e+01 1.500000000000025757e+00 1.262920826611235725e-02
1.555088363526947681e+01 1.500000000000033973e+00 2.130371700152444703e-02
1.565560339038913540e+01 1.500000000000020206e+00 3.350530501784021453e-02
1.576032314550879576e+01 1.500000000000022649e+00 4.648171405315260074e-02
1.586504290062845435e+01 1.500000000000022427e+00 5.760498637530098165e-02
1.596976265574811649e+01 1.500000000000023093e+00 6.512431107658578355e-02
1.607448241086777685e+01 1.500000000000021094e+00 6.844701866566893500e-02
1.617920216598743366e+01 1.500000000000030864e+00 6.816633849609843310e-02
1.628392192110709402e+01 1.500000000000028200e+00 6.589027032715932819e-02
1.638864167622675438e+01 1.500000000000022871e+00 6.383599088608704619e-02
1.649336143134641475e+01 1.500000000000022649e+00 6.413165155946387586e-02
1.659808118646607511e+01 1.500000000000030420e+00 6.804819394871586269e-02
1.670280094158573192e+01 1.500000000000037303e+00 7.555906609595552936e-02
1.680752069670539228e+01 1.500000000000025979e+00 8.545650769138646297e-02
1.691224045182505265e+01 1.500000000000020872e+00 9.586705265284578559e-02
1.701696020694471301e+01 1.500000000000037526e+00 1.048758560713061172e-01
1.712167996206437337e+01 1.500000000000022427e+00 1.110993584642656629e-01
1.722639971718403373e+01 1.500000000000015987e+00 1.141090185899962250e-01
1.733111947230369054e+01 1.500000000000027534e+00 1.145261368570587024e-01
1.743583922742335091e+01 1.500000000000013989e+00 1.136638927801705279e-01
1.754055898254301127e+01 1.500000000000017764e+00 1.128944159456750640e-01
1.764527873766267163e+01 1.500000000000012212e+00 1.131032939943388271e-01
1.774999849278232844e+01 1.500000000000017542e+00 1.145385003006609281e-01
1.785471824790198880e+01 1.500000000000025091e+00 1.169990873810853316e-01
1.795943800302165272e+01 1.500000000000017986e+00 1.200550680899858946e-01
1.806415775814131308e+01 1.500000000000022649e+00 1.231122806996651775e-01
1.816887751326096989e+01 1.500000000000021760e+00 1.254943520533444712e-01
1.827359726838063025e+01 1.500000000000029754e+00 1.266654412575931588e-01
1.837831702350029062e+01 1.500000000000037081e+00 1.264725557317056825e-01
1.848303677861995098e+01 1.500000000000028200e+00 1.252401596881362877e-01
1.858775653373960779e+01 1.500000000000029976e+00 1.237299058291831955e-01
1.869247628885926815e+01 1.500000000000033529e+00 1.230058809722471835e-01
1.879719604397892851e+01 1.500000000000031530e+00 1.241906449186878092e-01
