5.235987755982988295e-02 1.234999999999999876e+00 -6.110804181297564419e-01
1.570796326794896558e-01 1.234999999999999876e+00 -1.010279859932923463e+00
2.617993877991494078e-01 1.234999999999999432e+00 -1.373978471163883164e+00
3.665191429188092154e-01 1.234999999999999654e+00 -1.362444565031390553e+00
4.712388980384689674e-01 1.235000000000000542e+00 -1.319698394619913451e+00
5.759586531581286639e-01 1.235000000000000098e+00 -1.269720178359585727e+00
6.806784082777885825e-01 1.234999999999999432e+00 -1.161965478440410537e+00
7.853981633974481680e-01 1.234999999999998987e+00 -1.177370183039150531e+00
8.901179185171080865e-01 1.234999999999999432e+00 -1.057245906194576479e+00
9.948376736367677831e-01 1.234999999999999432e+00 -1.081076728084011229e+00
1.099557428756427591e+00 1.234999999999999654e+00 -9.736882756185665233e-01
1.204277183876087287e+00 1.234999999999999876e+00 -8.853006548544086751e-01
1.308996938995747206e+00 1.234999999999999654e+00 -9.090746852002287159e-01
1.413716694115406902e+00 1.235000000000000098e+00 -8.555857546547400716e-01
1.518436449235066821e+00 1.234999999999999210e+00 -8.097983563228070558e-01
1.623156204354726295e+00 1.234999999999999432e+00 -8.084412395628102210e-01
1.727875959474386214e+00 1.234999999999999654e+00 -7.178125660918515116e-01
1.832595714594045910e+00 1.234999999999999210e+00 -6.473131429896963329e-01
1.937315469713705829e+00 1.234999999999999432e+00 -6.706013911515307235e-01
2.042035224833365525e+00 1.234999999999999876e+00 -6.495515130916809099e-01
2.146754979953025000e+00 1.234999999999999210e+00 -5.885524750776109926e-01
2.251474735072684918e+00 1.234999999999998543e+00 -6.231384870873939441e-01
2.356194490192344837e+00 1.234999999999998321e+00 -5.499684913148743526e-01
2.460914245312004756e+00 1.234999999999998099e+00 -5.484451642028265184e-01
2.565634000431664230e+00 1.234999999999999876e+00 -5.392223601510046649e-01
2.670353755551324149e+00 1.235000000000000098e+00 -5.431405074722501780e-01
2.775073510670984067e+00 1.234999999999999432e+00 -5.208545749796820168e-01
2.879793265790643986e+00 1.234999999999998321e+00 -5.090355579594612045e-01
2.984513020910303460e+00 1.234999999999999210e+00 -4.684287301400864578e-01
3.089232776029963379e+00 1.234999999999998543e+00 -4.585919192185259341e-01
3.193952531149622853e+00 1.234999999999998987e+00 -4.157505041625282338e-01
3.298672286269282772e+00 1.234999999999998987e+00 -4.182819160255411006e-01
3.403392041388942246e+00 1.234999999999997433e+00 -4.169034249449223850e-01
3.508111796508602165e+00 1.234999999999997433e+00 -4.064904436960747880e-01
3.612831551628262083e+00 1.234999999999998543e+00 -3.751810453883464014e-01
3.717551306747922002e+00 1.234999999999996545e+00 -4.039638215334173665e-01
3.822271061867581476e+00 1.235000000000001430e+00 -3.768486958613923576e-01
3.926990816987241395e+00 1.234999999999997877e+00 -3.852179115477563087e-01
4.031710572106900869e+00 1.234999999999994769e+00 -3.957227422241222925e-01
4.136430327226561232e+00 1.234999999999995435e+00 -3.597276427384112907e-01
4.241150082346220707e+00 1.234999999999992770e+00 -3.250515465263399406e-01
4.345869837465881069e+00 1.234999999999992770e+00 -3.654060481560241769e-01
4.450589592585540544e+00 1.234999999999995435e+00 -2.942704161151201703e-01
4.555309347705200018e+00 1.234999999999995879e+00 -2.971130057278230652e-01
4.660029102824860381e+00 1.234999999999997433e+00 -3.088914540504008599e-01
4.764748857944519855e+00 1.234999999999995657e+00 -2.788370483214794859e-01
4.869468613064179330e+00 1.234999999999992548e+00 -3.079199064619073667e-01
4.974188368183839692e+00 1.234999999999992770e+00 -3.032072484502075227e-01
5.078908123303498279e+00 1.234999999999995213e+00 -2.664756220666495423e-01
5.183627878423158641e+00 1.234999999999991660e+00 -2.793837884233631996e-01
5.288347633542818116e+00 1.234999999999996989e+00 -2.813018870250960646e-01
5.393067388662477590e+00 1.234999999999996767e+00 -2.632126144940425405e-01
5.497787143782137953e+00 1.234999999999996323e+00 -2.296504226699749296e-01
5.602506898901797427e+00 1.234999999999995657e+00 -2.288027750225518631e-01
5.707226654021456902e+00 1.234999999999995213e+00 -2.285799546705868934e-01
5.811946409141117265e+00 1.234999999999986997e+00 -2.583002800011389155e-01
5.916666164260776739e+00 1.234999999999992326e+00 -2.579215645294530290e-01
6.021385919380437102e+00 1.234999999999997433e+00 -1.974780299232046232e-01
6.126105674500096576e+00 1.234999999999990994e+00 -2.130702697570656667e-01
6.230825429619756051e+00 1.234999999999992992e+00 -2.017133465147713522e-01
6.335545184739416413e+00 1.234999999999991216e+00 -2.279037522029128127e-01
6.440264939859075888e+00 1.234999999999994991e+00 -2.134041806906132877e-01
6.544984694978735362e+00 1.234999999999996101e+00 -2.268349098580078049e-01
6.649704450098395725e+00 1.234999999999999210e+00 -2.416917852185997972e-01
6.754424205218055199e+00 1.234999999999995657e+00 -1.621447423676514177e-01
6.859143960337715562e+00 1.234999999999988773e+00 -2.091046136692575885e-01
6.963863715457375037e+00 1.234999999999997433e+00 -2.133399935548361270e-01
7.068583470577034511e+00 1.234999999999998543e+00 -1.938909445566689982e-01
7.173303225696694874e+00 1.234999999999995879e+00 -1.934668720975754042e-01
7.278022980816354348e+00 1.234999999999996545e+00 -1.461915291843940423e-01
7.382742735936013823e+00 1.235000000000003872e+00 -1.731987295317889419e-01
7.487462491055674185e+00 1.234999999999979670e+00 -1.634692274443674265e-01
7.592182246175332772e+00 1.235000000000000764e+00 -1.640955308443183824e-01
7.696902001294993134e+00 1.235000000000002762e+00 -1.884481516973037785e-01
7.801621756414652609e+00 1.234999999999988329e+00 -1.385350064320798325e-01
7.906341511534312083e+00 1.234999999999998099e+00 -1.762715468543873953e-01
8.011061266653973334e+00 1.235000000000007869e+00 -2.045592328346934607e-01
8.115781021773631920e+00 1.234999999999995879e+00 -1.687391146616725734e-01
8.220500776893292283e+00 1.235000000000000764e+00 -1.891080024136684301e-01
8.325220532012952646e+00 1.235000000000003428e+00 -2.002813983259912334e-01
8.429940287132611232e+00 1.235000000000014975e+00 -1.539007113401904547e-01
8.534660042252271595e+00 1.235000000000001430e+00 -1.024445789549286445e-01
8.639379797371930181e+00 1.234999999999957021e+00 -1.491860751888065550e-01
8.744099552491592320e+00 1.234999999999986553e+00 -1.298821471493241120e-01
8.848819307611250906e+00 1.234999999999989440e+00 -1.453618097208480009e-01
8.953539062730909492e+00 1.234999999999980780e+00 -1.456427327344407274e-01
9.058258817850569855e+00 1.234999999999978559e+00 -1.394270662208345612e-01
9.162978572970228441e+00 1.234999999999987885e+00 -8.642002204977572433e-02
9.267698328089890580e+00 1.234999999999992548e+00 -9.348274407907730676e-02
9.372418083209549167e+00 1.235000000000007647e+00 -1.136646672994814367e-01
9.477137838329209529e+00 1.234999999999988551e+00 -1.065670465271804090e-01
9.581857593448868116e+00 1.234999999999977893e+00 -6.841056270613421475e-02
9.686577348568528478e+00 1.235000000000015641e+00 -1.243505714435340082e-01
9.791297103688188841e+00 1.235000000000004539e+00 -7.699814304592322856e-02
9.896016858807849204e+00 1.235000000000032072e+00 -8.705471349393789637e-02
1.000073661392750779e+01 1.235000000000029186e+00 -5.327333568051884072e-02
1.010545636904716815e+01 1.234999999999993658e+00 -5.208891844445950881e-02
1.021017612416682674e+01 1.234999999999992326e+00 -7.117713572879758033e-02
1.031489587928648710e+01 1.235000000000009868e+00 -3.562199899887907861e-02
1.041961563440614746e+01 1.235000000000007203e+00 -9.473880632398667956e-02
1.052433538952580783e+01 1.235000000000017417e+00 -1.035797316207087704e-01
1.062905514464546641e+01 1.235000000000018083e+00 -9.679922926322781507e-02
1.073377489976512678e+01 1.235000000000026077e+00 -1.489415170952259615e-01
1.083849465488478536e+01 1.235000000000028075e+00 -1.151558091948032825e-01
1.094321441000444750e+01 1.235000000000010534e+00 -7.730808160006930052e-02
1.104793416512410609e+01 1.235000000000032960e+00 -1.030632290579092114e-01
1.115265392024376645e+01 1.235000000000040954e+00 -1.134133153081968715e-01
1.125737367536342504e+01 1.235000000000000986e+00 -5.395110922606782822e-02
1.136209343048308362e+01 1.235000000000042952e+00 -1.029958864451359091e-01
1.146681318560274576e+01 1.235000000000049614e+00 -9.672972558322534553e-02
1.157153294072240435e+01 1.235000000000039844e+00 -6.490672073314307511e-02
1.167625269584206471e+01 1.235000000000046949e+00 -7.741607451706400411e-02
1.178097245096172330e+01 1.235000000000040954e+00 -2.366951182266774367e-02
1.188569220608138366e+01 1.235000000000030962e+00 -5.987956397972027389e-02
1.199041196120104225e+01 1.235000000000046949e+00 -7.931342969141930155e-02
1.209513171632070438e+01 1.235000000000016085e+00 -4.539819637335362756e-02
1.219985147144036297e+01 1.235000000000010756e+00 -2.853846484355315738e-02
1.230457122656002333e+01 1.235000000000021636e+00 -3.458757257359401649e-02
1.240929098167968192e+01 1.235000000000028741e+00 -4.791457541282895249e-02
1.251401073679934228e+01 1.234999999999990106e+00 -3.599624563646841580e-02
1.261873049191900265e+01 1.234999999999958797e+00 -8.201664477124026575e-02
1.272345024703866301e+01 1.235000000000016529e+00 -1.265991025099388878e-02
1.282817000215832159e+01 1.235000000000052056e+00 -6.381600266501230578e-02
1.293288975727798196e+01 1.235000000000018749e+00 -6.922668313895918857e-02
1.303760951239764054e+01 1.234999999999993214e+00 -2.782091352009352647e-02
1.314232926751730268e+01 1.235000000000044285e+00 8.853167969798292347e-03
1.324704902263696127e+01 1.235000000000050280e+00 7.264596416719726335e-03
1.335176877775662163e+01 1.235000000000023634e+00 -1.066913423115245507e-02
1.345648853287628022e+01 1.235000000000028297e+00 -2.361978812957410412e-02
1.356120828799594058e+01 1.235000000000020304e+00 -1.965193287164801461e-02
1.366592804311559917e+01 1.235000000000037401e+00 -4.746784629516653808e-02
1.377064779823526131e+01 1.235000000000027187e+00 -1.467234499857106300e-02
1.387536755335491989e+01 1.235000000000019638e+00 -9.970613743686129737e-04
1.398008730847457848e+01 1.235000000000030740e+00 -3.145701993041427613e-02
1.408480706359423884e+01 1.235000000000033848e+00 -5.731452936954539723e-03
1.418952681871389743e+01 1.235000000000011866e+00 2.060318424128837478e-02
1.429424657383355957e+01 1.235000000000019638e+00 2.676895143866708793e-02
1.439896632895321815e+01 1.235000000000018749e+00 2.868283261085835534e-02
1.450368608407287851e+01 1.235000000000029186e+00 1.864232145205946267e-02
1.460840583919253710e+01 1.235000000000007425e+00 -3.381982231253743976e-03
1.471312559431219746e+01 1.235000000000021192e+00 -2.155629544484760629e-02
1.481784534943185783e+01 1.235000000000038511e+00 -2.523300464406297294e-02
1.492256510455151819e+01 1.235000000000036069e+00 -6.569570733510943228e-03
1.502728485967117678e+01 1.235000000000029408e+00 1.229713648865882192e-02
1.513200461479083714e+01 1.235000000000032738e+00 3.196528426509637200e-02
1.523672436991049572e+01 1.235000000000042508e+00 5.059674546594195021e-02
1.534144412503015609e+01 1.235000000000040954e+00 6.871216939012647629e-02
1.544616388014981645e+01 1.235000000000019194e+00 6.493457621989406903e-02
1.555088363526947681e+01 1.235000000000008757e+00 4.714394033579516474e-02
1.565560339038913540e+01 1.235000000000032072e+00 2.580273514379349820e-02
1.576032314550879576e+01 1.235000000000019416e+00 1.612905467456471342e-02
1.586504290062845435e+01 1.235000000000017861e+00 1.808297900069888442e-02
1.596976265574811649e+01 1.235000000000009646e+00 2.411618274211413393e-02
1.607448241086777685e+01 1.235000000000027853e+00 4.923629391582551307e-02
1.617920216598743366e+01 1.235000000000023856e+00 7.341290142317191680e-02
1.628392192110709402e+01 1.235000000000012088e+00 4.483708155018106822e-02
1.638864167622675438e+01 1.235000000000018305e+00 5.767753376082040973e-02
1.649336143134641475e+01 1.235000000000023856e+00 8.784821765448214137e-02
1.659808118646607511e+01 1.235000000000018971e+00 6.228482052792116974e-02
1.670280094158573192e+01 1.235000000000019416e+00 6.596070265662135057e-02
1.680752069670539228e+01 1.235000000000015641e+00 5.412031082124713066e-02
1.691224045182505265e+01 1.235000000000037623e+00 3.787627920945269011e-02
1.701696020694471301e+01 1.235000000000037179e+00 3.662634563644928676e-02
1.712167996206437337e+01 1.234999999999985665e+00 6.976416253058204120e-02
1.722639971718403373e+01 1.235000000000012976e+00 1.063822485366152648e-01
1.733111947230369054e+01 1.235000000000038733e+00 1.015251157282364147e-01
1.743583922742335091e+01 1.234999999999999210e+00 5.662443950621920408e-02
1.754055898254301127e+01 1.234999999999953690e+00 1.170392592607427673e-01
1.764527873766267163e+01 1.234999999999976783e+00 7.720218421655644647e-02
1.774999849278232844e+01 1.235000000000006981e+00 8.754759328713745958e-02
1.785471824790198880e+01 1.235000000000004983e+00 7.614759845640506342e-02
1.795943800302165272e+01 1.234999999999990994e+00 7.104977227290021347e-02
1.806415775814131308e+01 1.234999999999997211e+00 8.545393776062937263e-02
1.816887751326096989e+01 1.235000000000029186e+00 1.138772989404159830e-01
1.827359726838063025e+01 1.235000000000006315e+00 9.766718614171665536e-02
1.837831702350029062e+01 1.235000000000030962e+00 6.765182161222327295e-02
1.848303677861995098e+01 1.235000000000016307e+00 1.121474800990078791e-01
1.858775653373960779e+01 1.235000000000016529e+00 1.019224435943293372e-01
1.869247628885926815e+01 1.235000000000024745e+00 1.275906659802004128e-01
1.879719604397892851e+01 1.235000000000012310e+00 1.324710065428718053e-01
