5.235987755982988295e-02 1.334999999999872289e+00 -1.641250675661713387e+01
1.570796326794896558e-01 1.334999999999980647e+00 -5.603298303594044683e+00
2.617993877991494078e-01 1.334999999999991527e+00 -3.509551389729382631e+00
3.665191429188092154e-01 1.334999999999994413e+00 -2.650935524373446039e+00
4.712388980384689674e-01 1.334999999999997522e+00 -2.196104658026504008e+00
5.759586531581286639e-01 1.334999999999999076e+00 -1.916509684010623493e+00
6.806784082777885825e-01 1.335000000000000853e+00 -1.721549034759768615e+00
7.853981633974481680e-01 1.335000000000001963e+00 -1.568504066743935166e+00
8.901179185171080865e-01 1.335000000000003073e+00 -1.438256728613733770e+00
9.948376736367677831e-01 1.335000000000002851e+00 -1.324819104056130792e+00
1.099557428756427591e+00 1.335000000000001963e+00 -1.227630842486251650e+00
1.204277183876087287e+00 1.335000000000001297e+00 -1.146604135815590508e+00
1.308996938995747206e+00 1.335000000000000631e+00 -1.080521457878924840e+00
1.413716694115406902e+00 1.335000000000000187e+00 -1.027164010703131902e+00
1.518436449235066821e+00 1.335000000000000187e+00 -9.832318684035450396e-01
1.623156204354726295e+00 1.334999999999999964e+00 -9.438897442202203170e-01
1.727875959474386214e+00 1.335000000000000409e+00 -9.037973814710094089e-01
1.832595714594045910e+00 1.335000000000000631e+00 -8.598466568878690985e-01
1.937315469713705829e+00 1.335000000000001297e+00 -8.129854459440957193e-01
2.042035224833365525e+00 1.335000000000000631e+00 -7.671470265203361727e-01
2.146754979953025000e+00 1.335000000000001297e+00 -7.264576458383236179e-01
2.251474735072684918e+00 1.335000000000001519e+00 -6.929890040389872219e-01
2.356194490192344837e+00 1.335000000000001297e+00 -6.660248798075252274e-01
2.460914245312004756e+00 1.335000000000001297e+00 -6.426444637737818155e-01
2.565634000431664230e+00 1.335000000000001741e+00 -6.196751707152632349e-01
2.670353755551324149e+00 1.335000000000001741e+00 -5.961509459760803153e-01
2.775073510670984067e+00 1.335000000000002407e+00 -5.738443805299366929e-01
2.879793265790643986e+00 1.335000000000000853e+00 -5.554022319926628093e-01
2.984513020910303460e+00 1.335000000000001297e+00 -5.421848137884981433e-01
3.089232776029963379e+00 1.335000000000001297e+00 -5.334539410775902546e-01
3.193952531149622853e+00 1.335000000000002185e+00 -5.267265980689725957e-01
3.298672286269282772e+00 1.335000000000002629e+00 -5.183157243200069431e-01
3.403392041388942246e+00 1.335000000000001963e+00 -5.047603586644089368e-01
3.508111796508602165e+00 1.335000000000002629e+00 -4.852180045233152050e-01
3.612831551628262083e+00 1.335000000000001741e+00 -4.626527590152886837e-01
3.717551306747922002e+00 1.335000000000002629e+00 -4.421427787126832598e-01
3.822271061867581476e+00 1.335000000000003073e+00 -4.278669024766288409e-01
3.926990816987241395e+00 1.335000000000002851e+00 -4.216202517616376433e-01
4.031710572106900869e+00 1.335000000000001297e+00 -4.230130769562938653e-01
4.136430327226561232e+00 1.335000000000000409e+00 -4.293734168477758573e-01
4.241150082346220707e+00 1.335000000000002185e+00 -4.353431397663252156e-01
4.345869837465881069e+00 1.334999999999999742e+00 -4.343900254935375571e-01
4.450589592585540544e+00 1.335000000000000631e+00 -4.224937820040697289e-01
4.555309347705200018e+00 1.335000000000001519e+00 -4.008075924743828011e-01
4.660029102824860381e+00 1.334999999999999298e+00 -3.747145672325125076e-01
4.764748857944519855e+00 1.335000000000001519e+00 -3.506427296007856853e-01
4.869468613064179330e+00 1.334999999999999742e+00 -3.333213040203375499e-01
4.974188368183839692e+00 1.334999999999998188e+00 -3.246143697090024816e-01
5.078908123303498279e+00 1.335000000000000409e+00 -3.229723533960040527e-01
5.183627878423158641e+00 1.334999999999999298e+00 -3.238067122748704563e-01
5.288347633542818116e+00 1.334999999999999964e+00 -3.220282300051371394e-01
5.393067388662477590e+00 1.335000000000001297e+00 -3.151218820106826968e-01
5.497787143782137953e+00 1.334999999999999520e+00 -3.041849401744034509e-01
5.602506898901797427e+00 1.334999999999999964e+00 -2.926154091299641991e-01
5.707226654021456902e+00 1.335000000000000853e+00 -2.839463422721308916e-01
5.811946409141117265e+00 1.334999999999999964e+00 -2.800596397862769038e-01
5.916666164260776739e+00 1.335000000000000631e+00 -2.802422014728733757e-01
6.021385919380437102e+00 1.335000000000003517e+00 -2.814297637281715225e-01
6.126105674500096576e+00 1.335000000000000409e+00 -2.796220963172277862e-01
6.230825429619756051e+00 1.335000000000000187e+00 -2.720192962265439718e-01
6.335545184739416413e+00 1.335000000000003517e+00 -2.591750162369415023e-01
6.440264939859075888e+00 1.335000000000005738e+00 -2.451972144671810128e-01
6.544984694978735362e+00 1.334999999999998410e+00 -2.352553390030296399e-01
6.649704450098395725e+00 1.335000000000004183e+00 -2.323175101031234036e-01
6.754424205218055199e+00 1.335000000000001297e+00 -2.353091127598103682e-01
6.859143960337715562e+00 1.335000000000005071e+00 -2.397817678306166655e-01
6.963863715457375037e+00 1.335000000000005071e+00 -2.406281615124017392e-01
7.068583470577034511e+00 1.335000000000006404e+00 -2.348592612955577863e-01
7.173303225696694874e+00 1.335000000000005516e+00 -2.228381359214903767e-01
7.278022980816354348e+00 1.335000000000009734e+00 -2.076507951116219886e-01
7.382742735936013823e+00 1.335000000000006182e+00 -1.934603001095362984e-01
7.487462491055674185e+00 1.335000000000001963e+00 -1.840788403048945199e-01
7.592182246175332772e+00 1.334999999999999298e+00 -1.816606925664387973e-01
7.696902001294993134e+00 1.335000000000006404e+00 -1.859211776715659070e-01
7.801621756414652609e+00 1.335000000000008402e+00 -1.946158782349520777e-01
7.906341511534312083e+00 1.335000000000000853e+00 -2.045387206844422323e-01
8.011061266653973334e+00 1.335000000000003961e+00 -2.124683346682818552e-01
8.115781021773631920e+00 1.335000000000001519e+00 -2.160153048567021727e-01
8.220500776893292283e+00 1.335000000000008624e+00 -2.141165877570916365e-01
8.325220532012952646e+00 1.335000000000001741e+00 -2.071486841662277811e-01
8.429940287132611232e+00 1.335000000000006626e+00 -1.967586649028270074e-01
8.534660042252271595e+00 1.334999999999996856e+00 -1.854320638530975174e-01
8.639379797371930181e+00 1.334999999999990639e+00 -1.755097239699132672e-01
8.744099552491592320e+00 1.334999999999997744e+00 -1.679506920451405705e-01
8.848819307611250906e+00 1.334999999999988418e+00 -1.620808657126993069e-01
8.953539062730909492e+00 1.334999999999987974e+00 -1.565975971438060554e-01
9.058258817850569855e+00 1.334999999999994857e+00 -1.506057878022701857e-01
9.162978572970228441e+00 1.334999999999999076e+00 -1.441711974325183832e-01
9.267698328089890580e+00 1.335000000000001519e+00 -1.382598484646067050e-01
9.372418083209549167e+00 1.335000000000007292e+00 -1.340084186274967948e-01
9.477137838329209529e+00 1.335000000000004849e+00 -1.318676603804771474e-01
9.581857593448868116e+00 1.334999999999997744e+00 -1.311542050410867688e-01
9.686577348568528478e+00 1.335000000000013287e+00 -1.300907221400890990e-01
9.791297103688188841e+00 1.335000000000008180e+00 -1.266207990541836637e-01
9.896016858807849204e+00 1.335000000000024611e+00 -1.199198094013027571e-01
1.000073661392750779e+01 1.335000000000032161e+00 -1.112601672907445050e-01
1.010545636904716815e+01 1.335000000000016396e+00 -1.032605134464894547e-01
1.021017612416682674e+01 1.335000000000024611e+00 -9.849537401500185752e-02
1.031489587928648710e+01 1.335000000000037490e+00 -9.850198075883653814e-02
1.041961563440614746e+01 1.335000000000043263e+00 -1.031210682662546674e-01
1.052433538952580783e+01 1.335000000000052811e+00 -1.102031234166371831e-01
1.062905514464546641e+01 1.335000000000042153e+00 -1.159664534542041991e-01
1.073377489976512678e+01 1.335000000000058362e+00 -1.163472499275410854e-01
1.083849465488478536e+01 1.335000000000055698e+00 -1.092100142924969930e-01
1.094321441000444750e+01 1.335000000000056586e+00 -9.578065170912353210e-02
1.104793416512410609e+01 1.335000000000066800e+00 -7.997938605572940673e-02
1.115265392024376645e+01 1.335000000000068354e+00 -6.653496136416592321e-02
1.125737367536342504e+01 1.335000000000064579e+00 -5.919777729242881037e-02
1.136209343048308362e+01 1.335000000000053477e+00 -5.577670349814489725e-02
1.146681318560274576e+01 1.335000000000070797e+00 -6.197784763333302749e-02
1.157153294072240435e+01 1.335000000000065024e+00 -7.002054755630204852e-02
1.167625269584206471e+01 1.335000000000050813e+00 -7.512945831719086698e-02
1.178097245096172330e+01 1.335000000000073683e+00 -7.451415826034057943e-02
1.188569220608138366e+01 1.335000000000054365e+00 -6.842604724740830591e-02
1.199041196120104225e+01 1.335000000000054809e+00 -5.961981237755864527e-02
1.209513171632070438e+01 1.335000000000061915e+00 -5.214475534446094684e-02
1.219985147144036297e+01 1.335000000000056142e+00 -4.951004597431563070e-02
1.230457122656002333e+01 1.335000000000045706e+00 -5.271924130611616022e-02
1.240929098167968192e+01 1.335000000000047926e+00 -5.962356248194566888e-02
1.251401073679934228e+01 1.335000000000038156e+00 -6.633095994440729726e-02
1.261873049191900265e+01 1.335000000000045928e+00 -6.939539985747700257e-02
1.272345024703866301e+01 1.335000000000045262e+00 -6.736325601249504302e-02
1.282817000215832159e+01 1.335000000000041931e+00 -6.120624362633719784e-02
1.293288975727798196e+01 1.335000000000044595e+00 -5.359834540456276386e-02
1.303760951239764054e+01 1.335000000000051923e+00 -4.740819677984831060e-02
1.314232926751730268e+01 1.335000000000046150e+00 -4.422924941678729738e-02
1.324704902263696127e+01 1.335000000000049480e+00 -4.359958914844241917e-02
1.335176877775662163e+01 1.335000000000043707e+00 -4.327396058142340962e-02
1.345648853287628022e+01 1.335000000000046150e+00 -4.091164241027911430e-02
1.356120828799594058e+01 1.335000000000041709e+00 -3.584507234845091261e-02
1.366592804311559917e+01 1.335000000000046816e+00 -2.905505630219096247e-02
1.377064779823526131e+01 1.335000000000034825e+00 -2.183878568974684242e-02
1.387536755335491989e+01 1.335000000000044151e+00 -1.527977594355434121e-02
1.398008730847457848e+01 1.335000000000039933e+00 -1.033509373955610045e-02
1.408480706359423884e+01 1.335000000000042375e+00 -7.396815912144916183e-03
1.418952681871389743e+01 1.335000000000051923e+00 -5.796951604272848613e-03
1.429424657383355957e+01 1.335000000000043485e+00 -4.360986460879345827e-03
1.439896632895321815e+01 1.335000000000042819e+00 -2.529128607102748560e-03
1.450368608407287851e+01 1.335000000000034825e+00 -4.443562976952364352e-04
1.460840583919253710e+01 1.335000000000033271e+00 1.912490527839594279e-03
1.471312559431219746e+01 1.335000000000048370e+00 5.111437927169504292e-03
1.481784534943185783e+01 1.335000000000027942e+00 9.517932400360251677e-03
1.492256510455151819e+01 1.335000000000045484e+00 1.462823109458177839e-02
1.502728485967117678e+01 1.335000000000053699e+00 1.968820120175962529e-02
1.513200461479083714e+01 1.335000000000056586e+00 2.456697451431466561e-02
1.523672436991049572e+01 1.335000000000046594e+00 2.959376846937722405e-02
1.534144412503015609e+01 1.335000000000028164e+00 3.463277922255869612e-02
1.544616388014981645e+01 1.335000000000048370e+00 3.893975858987630545e-02
1.555088363526947681e+01 1.335000000000036380e+00 4.203291518532914495e-02
1.565560339038913540e+01 1.335000000000040821e+00 4.428471596917837871e-02
1.576032314550879576e+01 1.335000000000047482e+00 4.625927227488624283e-02
1.586504290062845435e+01 1.335000000000047482e+00 4.798423513939731322e-02
1.596976265574811649e+01 1.335000000000049925e+00 4.933286274963144535e-02
1.607448241086777685e+01 1.335000000000040377e+00 5.084352202506892127e-02
1.617920216598743366e+01 1.335000000000043929e+00 5.361722857166384415e-02
1.628392192110709402e+01 1.335000000000045706e+00 5.825232268334090691e-02
1.638864167622675438e+01 1.335000000000034381e+00 6.434479432966710988e-02
1.649336143134641475e+01 1.335000000000043041e+00 7.097929050793183592e-02
1.659808118646607511e+01 1.335000000000043263e+00 7.715117582192121404e-02
1.670280094158573192e+01 1.335000000000043263e+00 8.169121393356348904e-02
1.680752069670539228e+01 1.335000000000040599e+00 8.374666000695540902e-02
1.691224045182505265e+01 1.335000000000046372e+00 8.396316948251936196e-02
1.701696020694471301e+01 1.335000000000044595e+00 8.446415433974507891e-02
1.712167996206437337e+01 1.335000000000044817e+00 8.723883544569588366e-02
1.722639971718403373e+01 1.335000000000043041e+00 9.265007265687330573e-02
1.733111947230369054e+01 1.335000000000037046e+00 9.924543918763717443e-02
1.743583922742335091e+01 1.335000000000033049e+00 1.045040573572464382e-01
1.754055898254301127e+01 1.335000000000039266e+00 1.061434854896639024e-01
1.764527873766267163e+01 1.335000000000024833e+00 1.033944996667237604e-01
1.774999849278232844e+01 1.335000000000031939e+00 9.756776718541715354e-02
1.785471824790198880e+01 1.335000000000030829e+00 9.164277479354865363e-02
1.795943800302165272e+01 1.335000000000034825e+00 8.892662472169021726e-02
1.806415775814131308e+01 1.335000000000040377e+00 9.118350535618802155e-02
1.816887751326096989e+01 1.335000000000040155e+00 9.747593544808097477e-02
1.827359726838063025e+01 1.335000000000037490e+00 1.047980560859116395e-01
1.837831702350029062e+01 1.335000000000047038e+00 1.097907522674397285e-01
1.848303677861995098e+01 1.335000000000022169e+00 1.102530351915866902e-01
1.858775653373960779e+01 1.335000000000045262e+00 1.060656839778175708e-01
1.869247628885926815e+01 1.335000000000046150e+00 9.956063869653064557e-02
1.879719604397892851e+01 1.335000000000042597e+00 9.462205469267459534e-02
