5.235987755982988295e-02 1.400000000000051870e+00 -1.809277519944623691e+01
1.570796326794896558e-01 1.400000000000002576e+00 -6.180426297067983299e+00
2.617993877991494078e-01 1.399999999999998357e+00 -3.880849737498620833e+00
3.665191429188092154e-01 1.399999999999996136e+00 -2.946350515054247499e+00
4.712388980384689674e-01 1.399999999999996803e+00 -2.457597208398864197e+00
5.759586531581286639e-01 1.399999999999998801e+00 -2.159696657877601567e+00
6.806784082777885825e-01 1.400000000000000577e+00 -1.950393715815435636e+00
7.853981633974481680e-01 1.400000000000001021e+00 -1.781293917458952603e+00
8.901179185171080865e-01 1.400000000000001465e+00 -1.631452738616340881e+00
9.948376736367677831e-01 1.400000000000000799e+00 -1.495703268355486282e+00
1.099557428756427591e+00 1.399999999999999689e+00 -1.375505188145810687e+00
1.204277183876087287e+00 1.399999999999998357e+00 -1.272487686448440902e+00
1.308996938995747206e+00 1.399999999999998357e+00 -1.185781997200565652e+00
1.413716694115406902e+00 1.399999999999998579e+00 -1.112736946865328758e+00
1.518436449235066821e+00 1.399999999999999245e+00 -1.050876760929115195e+00
1.623156204354726295e+00 1.399999999999999689e+00 -9.986338845014612886e-01
1.727875959474386214e+00 1.400000000000000133e+00 -9.545798698511553937e-01
1.832595714594045910e+00 1.399999999999999467e+00 -9.168195590959833385e-01
1.937315469713705829e+00 1.399999999999999911e+00 -8.830243218686408824e-01
2.042035224833365525e+00 1.399999999999998801e+00 -8.505004136136999904e-01
2.146754979953025000e+00 1.399999999999999023e+00 -8.167594924354664165e-01
2.251474735072684918e+00 1.399999999999999023e+00 -7.809404541796727273e-01
2.356194490192344837e+00 1.399999999999998579e+00 -7.445398195459125290e-01
2.460914245312004756e+00 1.399999999999999467e+00 -7.103649858424154750e-01
2.565634000431664230e+00 1.399999999999999467e+00 -6.811401186243482009e-01
2.670353755551324149e+00 1.400000000000000355e+00 -6.587968809905859757e-01
2.775073510670984067e+00 1.399999999999999689e+00 -6.436177766584525450e-01
2.879793265790643986e+00 1.399999999999999245e+00 -6.333378098349182750e-01
2.984513020910303460e+00 1.399999999999998801e+00 -6.235020749482518276e-01
3.089232776029963379e+00 1.399999999999998801e+00 -6.095065807599842067e-01
3.193952531149622853e+00 1.400000000000000577e+00 -5.889307241217758282e-01
3.298672286269282772e+00 1.400000000000000355e+00 -5.625231514329591676e-01
3.403392041388942246e+00 1.400000000000000577e+00 -5.338553697895984662e-01
3.508111796508602165e+00 1.400000000000000133e+00 -5.081741893323576953e-01
3.612831551628262083e+00 1.399999999999998801e+00 -4.905349937547796024e-01
3.717551306747922002e+00 1.399999999999998579e+00 -4.834474713134659929e-01
3.822271061867581476e+00 1.399999999999995914e+00 -4.849442106398873520e-01
3.926990816987241395e+00 1.399999999999996803e+00 -4.888814381325872205e-01
4.031710572106900869e+00 1.399999999999996136e+00 -4.881501206507978807e-01
4.136430327226561232e+00 1.399999999999996803e+00 -4.783633042363604204e-01
4.241150082346220707e+00 1.399999999999997691e+00 -4.592721895934976928e-01
4.345869837465881069e+00 1.399999999999999467e+00 -4.342069874033489540e-01
4.450589592585540544e+00 1.399999999999999023e+00 -4.089837582258741833e-01
4.555309347705200018e+00 1.399999999999998801e+00 -3.899094909874207815e-01
4.660029102824860381e+00 1.399999999999995248e+00 -3.806023055070770766e-01
4.764748857944519855e+00 1.399999999999995692e+00 -3.796018817276669566e-01
4.869468613064179330e+00 1.399999999999995692e+00 -3.811869298081651536e-01
4.974188368183839692e+00 1.399999999999998357e+00 -3.792673777897208609e-01
5.078908123303498279e+00 1.399999999999999467e+00 -3.710683403160350835e-01
5.183627878423158641e+00 1.399999999999996136e+00 -3.579470651383163116e-01
5.288347633542818116e+00 1.399999999999997025e+00 -3.439699774761262319e-01
5.393067388662477590e+00 1.399999999999995026e+00 -3.337363937693798022e-01
5.497787143782137953e+00 1.399999999999994360e+00 -3.300225082318162251e-01
5.602506898901797427e+00 1.399999999999993472e+00 -3.319833396763334221e-01
5.707226654021456902e+00 1.399999999999993916e+00 -3.354549446926293754e-01
5.811946409141117265e+00 1.399999999999995692e+00 -3.357261800260715745e-01
5.916666164260776739e+00 1.399999999999999467e+00 -3.306213410210201431e-01
6.021385919380437102e+00 1.399999999999993916e+00 -3.214421724123681656e-01
6.126105674500096576e+00 1.399999999999998357e+00 -3.114337497621662010e-01
6.230825429619756051e+00 1.399999999999997691e+00 -3.032637068011059256e-01
6.335545184739416413e+00 1.399999999999993694e+00 -2.974564757686612992e-01
6.440264939859075888e+00 1.399999999999994360e+00 -2.924103177429993039e-01
6.544984694978735362e+00 1.399999999999995470e+00 -2.853447109820281824e-01
6.649704450098395725e+00 1.399999999999996358e+00 -2.737817149417978158e-01
6.754424205218055199e+00 1.399999999999994582e+00 -2.572860387263800064e-01
6.859143960337715562e+00 1.399999999999999245e+00 -2.383781946008225461e-01
6.963863715457375037e+00 1.399999999999997469e+00 -2.214690699111141470e-01
7.068583470577034511e+00 1.400000000000001021e+00 -2.105302121218439737e-01
7.173303225696694874e+00 1.400000000000000799e+00 -2.074676537559261291e-01
7.278022980816354348e+00 1.399999999999998357e+00 -2.116382609140394777e-01
7.382742735936013823e+00 1.399999999999996358e+00 -2.199766337714761377e-01
7.487462491055674185e+00 1.400000000000003242e+00 -2.281941026114271409e-01
7.592182246175332772e+00 1.399999999999984590e+00 -2.329260062052931346e-01
7.696902001294993134e+00 1.399999999999996358e+00 -2.332566104598683410e-01
7.801621756414652609e+00 1.399999999999997691e+00 -2.304833286278142879e-01
7.906341511534312083e+00 1.399999999999991251e+00 -2.267702073954440678e-01
8.011061266653973334e+00 1.399999999999996136e+00 -2.239970398748667435e-01
8.115781021773631920e+00 1.399999999999992362e+00 -2.228984525998498611e-01
8.220500776893292283e+00 1.399999999999991918e+00 -2.223733704996977423e-01
8.325220532012952646e+00 1.399999999999999023e+00 -2.197281207698456029e-01
8.429940287132611232e+00 1.400000000000000355e+00 -2.120681188371893455e-01
8.534660042252271595e+00 1.399999999999984812e+00 -1.982843279641457457e-01
8.639379797371930181e+00 1.399999999999990141e+00 -1.802882407069823500e-01
8.744099552491592320e+00 1.399999999999978373e+00 -1.623530036469134075e-01
8.848819307611250906e+00 1.399999999999990363e+00 -1.490246440589029220e-01
8.953539062730909492e+00 1.399999999999987699e+00 -1.430209998371054780e-01
9.058258817850569855e+00 1.399999999999980371e+00 -1.441859705903567601e-01
9.162978572970228441e+00 1.399999999999990141e+00 -1.496443918189598321e-01
9.267698328089890580e+00 1.399999999999991029e+00 -1.549850930287490769e-01
9.372418083209549167e+00 1.399999999999996136e+00 -1.564406420749495652e-01
9.477137838329209529e+00 1.400000000000000133e+00 -1.529743920779313981e-01
9.581857593448868116e+00 1.399999999999999245e+00 -1.463258573875432234e-01
9.686577348568528478e+00 1.400000000000004352e+00 -1.388877809598980662e-01
9.791297103688188841e+00 1.400000000000007905e+00 -1.320109621273530820e-01
9.896016858807849204e+00 1.400000000000013900e+00 -1.260588762860788137e-01
1.000073661392750779e+01 1.400000000000015898e+00 -1.210312183239370398e-01
1.010545636904716815e+01 1.400000000000023892e+00 -1.168057276642784359e-01
1.021017612416682674e+01 1.400000000000024114e+00 -1.134412781184437335e-01
1.031489587928648710e+01 1.400000000000031442e+00 -1.116135116568504060e-01
1.041961563440614746e+01 1.400000000000039879e+00 -1.123931758262735059e-01
1.052433538952580783e+01 1.400000000000041211e+00 -1.161904392210804104e-01
1.062905514464546641e+01 1.400000000000043210e+00 -1.217409145150369909e-01
1.073377489976512678e+01 1.400000000000047651e+00 -1.261238620794671306e-01
1.083849465488478536e+01 1.400000000000043654e+00 -1.261855414691037680e-01
1.094321441000444750e+01 1.400000000000051426e+00 -1.205503742424571811e-01
1.104793416512410609e+01 1.400000000000050093e+00 -1.106216877347723226e-01
1.115265392024376645e+01 1.400000000000059419e+00 -9.972464701923833275e-02
1.125737367536342504e+01 1.400000000000053202e+00 -9.138825753671220298e-02
1.136209343048308362e+01 1.400000000000062528e+00 -8.416144953443094323e-02
1.146681318560274576e+01 1.400000000000055200e+00 -8.520964527170882263e-02
1.157153294072240435e+01 1.400000000000047429e+00 -8.858393788871765651e-02
1.167625269584206471e+01 1.400000000000052758e+00 -9.130257528070728767e-02
1.178097245096172330e+01 1.400000000000041434e+00 -9.160966250235347275e-02
1.188569220608138366e+01 1.400000000000047873e+00 -8.927843553994740944e-02
1.199041196120104225e+01 1.400000000000039879e+00 -8.482179468120953914e-02
1.209513171632070438e+01 1.400000000000048539e+00 -7.915369486285861456e-02
1.219985147144036297e+01 1.400000000000037437e+00 -7.360042891473739246e-02
1.230457122656002333e+01 1.400000000000039435e+00 -6.944430703335591204e-02
1.240929098167968192e+01 1.400000000000041656e+00 -6.739739851628989697e-02
1.251401073679934228e+01 1.400000000000016120e+00 -6.754780546647154438e-02
1.261873049191900265e+01 1.400000000000039435e+00 -6.934683736745483884e-02
1.272345024703866301e+01 1.400000000000050093e+00 -7.133156211301461269e-02
1.282817000215832159e+01 1.400000000000047873e+00 -7.131852776135971794e-02
1.293288975727798196e+01 1.400000000000038769e+00 -6.753737877829379954e-02
1.303760951239764054e+01 1.400000000000034994e+00 -5.992039190113729319e-02
1.314232926751730268e+01 1.400000000000052314e+00 -5.043658267249107041e-02
1.324704902263696127e+01 1.400000000000028555e+00 -4.203652038629179799e-02
1.335176877775662163e+01 1.400000000000040767e+00 -3.690727434040574906e-02
1.345648853287628022e+01 1.400000000000040989e+00 -3.540937141997169135e-02
1.356120828799594058e+01 1.400000000000032996e+00 -3.618587049838062342e-02
1.366592804311559917e+01 1.400000000000034328e+00 -3.689356848667735278e-02
1.377064779823526131e+01 1.400000000000025002e+00 -3.528596250882465313e-02
1.387536755335491989e+01 1.400000000000040989e+00 -3.061905109013096649e-02
1.398008730847457848e+01 1.400000000000031886e+00 -2.439064103031363118e-02
1.408480706359423884e+01 1.400000000000021672e+00 -1.924064583176665622e-02
1.418952681871389743e+01 1.400000000000033884e+00 -1.648890425424376360e-02
1.429424657383355957e+01 1.400000000000026779e+00 -1.484424678567997091e-02
1.439896632895321815e+01 1.400000000000036326e+00 -1.175049591203247701e-02
1.450368608407287851e+01 1.400000000000025890e+00 -5.639324599403749971e-03
1.460840583919253710e+01 1.400000000000036549e+00 3.002670395526152447e-03
1.471312559431219746e+01 1.400000000000028999e+00 1.205857552003664068e-02
1.481784534943185783e+01 1.400000000000027223e+00 1.903625855955226598e-02
1.492256510455151819e+01 1.400000000000021227e+00 2.245147368221189765e-02
1.502728485967117678e+01 1.400000000000022560e+00 2.266735090660176866e-02
1.513200461479083714e+01 1.400000000000029887e+00 2.162930074382352075e-02
1.523672436991049572e+01 1.400000000000031664e+00 2.186869335650598600e-02
1.534144412503015609e+01 1.400000000000032996e+00 2.528269694508900045e-02
1.544616388014981645e+01 1.400000000000032330e+00 3.216567519092272676e-02
1.555088363526947681e+01 1.400000000000036104e+00 4.099855548787445514e-02
1.565560339038913540e+01 1.400000000000023670e+00 4.933015261520878880e-02
1.576032314550879576e+01 1.400000000000035216e+00 5.514147421586024223e-02
1.586504290062845435e+01 1.400000000000025446e+00 5.802094344749875177e-02
1.596976265574811649e+01 1.400000000000034328e+00 5.951122906427919190e-02
1.607448241086777685e+01 1.400000000000022560e+00 6.204890334052137746e-02
1.617920216598743366e+01 1.400000000000037437e+00 6.682574456580780975e-02
1.628392192110709402e+01 1.400000000000036326e+00 7.256810349381481728e-02
1.638864167622675438e+01 1.400000000000021672e+00 7.681240867479743883e-02
1.649336143134641475e+01 1.400000000000031886e+00 7.820647561368687661e-02
1.659808118646607511e+01 1.400000000000033440e+00 7.747643486804989266e-02
1.670280094158573192e+01 1.400000000000034772e+00 7.669949929188746296e-02
1.680752069670539228e+01 1.400000000000038103e+00 7.799971116167370155e-02
1.691224045182505265e+01 1.400000000000024558e+00 8.256491709557423064e-02
1.701696020694471301e+01 1.400000000000052980e+00 9.001031587031249614e-02
1.712167996206437337e+01 1.400000000000025668e+00 9.833450512782704322e-02
1.722639971718403373e+01 1.400000000000042544e+00 1.049219324597885361e-01
1.733111947230369054e+01 1.400000000000037437e+00 1.080889463343659429e-01
1.743583922742335091e+01 1.400000000000039213e+00 1.079579678138138377e-01
1.754055898254301127e+01 1.400000000000028777e+00 1.061119610734273522e-01
1.764527873766267163e+01 1.400000000000004352e+00 1.044538252284716862e-01
1.774999849278232844e+01 1.400000000000029887e+00 1.042322734042997467e-01
1.785471824790198880e+01 1.400000000000026779e+00 1.058907322560003195e-01
1.795943800302165272e+01 1.400000000000023670e+00 1.093200288028768341e-01
1.806415775814131308e+01 1.400000000000032330e+00 1.138857823298167204e-01
1.816887751326096989e+01 1.400000000000024336e+00 1.184948559260270429e-01
1.827359726838063025e+01 1.400000000000027889e+00 1.220503679190798607e-01
1.837831702350029062e+01 1.400000000000021672e+00 1.238260519165130802e-01
1.848303677861995098e+01 1.400000000000037437e+00 1.234412440658161358e-01
1.858775653373960779e+01 1.400000000000025668e+00 1.211207026089944350e-01
1.869247628885926815e+01 1.400000000000038769e+00 1.183123164612887024e-01
1.879719604397892851e+01 1.400000000000041656e+00 1.174116795650448353e-01
