5.235987755982988295e-02 1.100000000000000089e+00 -2.358918053429046036e-01
1.570796326794896558e-01 1.100000000000000089e+00 -4.868854745660590178e-01
2.617993877991494078e-01 1.100000000000000089e+00 -6.306987114832638408e-01
3.665191429188092154e-01 1.099999999999999867e+00 -7.215544317159686694e-01
4.712388980384689674e-01 1.100000000000000089e+00 -7.410654192958677777e-01
5.759586531581286639e-01 1.099999999999999867e+00 -7.786097844705923698e-01
6.806784082777885825e-01 1.099999999999999867e+00 -7.720307215142629964e-01
7.853981633974481680e-01 1.099999999999999867e+00 -7.264928215289252478e-01
8.901179185171080865e-01 1.099999999999999645e+00 -7.228742943946684374e-01
9.948376736367677831e-01 1.099999999999999645e+00 -7.100598456595741403e-01
1.099557428756427591e+00 1.099999999999999645e+00 -6.727284755385094517e-01
1.204277183876087287e+00 1.099999999999999423e+00 -6.288061516709391174e-01
1.308996938995747206e+00 1.100000000000000089e+00 -6.349597366680526100e-01
1.413716694115406902e+00 1.099999999999999867e+00 -5.831232611198671201e-01
1.518436449235066821e+00 1.099999999999999645e+00 -5.794520669899392296e-01
1.623156204354726295e+00 1.100000000000000089e+00 -5.636171403382761458e-01
1.727875959474386214e+00 1.099999999999999645e+00 -5.634852570013881845e-01
1.832595714594045910e+00 1.099999999999998757e+00 -5.427082401399132561e-01
1.937315469713705829e+00 1.099999999999999201e+00 -5.354944596270119206e-01
2.042035224833365525e+00 1.099999999999999423e+00 -4.982318994159027348e-01
2.146754979953025000e+00 1.099999999999998757e+00 -4.802545849316173232e-01
2.251474735072684918e+00 1.099999999999998979e+00 -4.683958639530940715e-01
2.356194490192344837e+00 1.099999999999998757e+00 -4.670037202549091049e-01
2.460914245312004756e+00 1.100000000000000311e+00 -4.248626204451650956e-01
2.565634000431664230e+00 1.099999999999999201e+00 -4.045438199133015722e-01
2.670353755551324149e+00 1.099999999999998757e+00 -3.906075349895568039e-01
2.775073510670984067e+00 1.099999999999998535e+00 -3.830392284357992949e-01
2.879793265790643986e+00 1.099999999999998090e+00 -3.500539805684597106e-01
2.984513020910303460e+00 1.100000000000000089e+00 -3.536470437728302940e-01
3.089232776029963379e+00 1.099999999999999867e+00 -3.444312005499088336e-01
3.193952531149622853e+00 1.099999999999999645e+00 -3.385062254851751717e-01
3.298672286269282772e+00 1.099999999999999867e+00 -3.249255145280764978e-01
3.403392041388942246e+00 1.099999999999999201e+00 -3.320968151158649739e-01
3.508111796508602165e+00 1.099999999999996980e+00 -3.521256368033780504e-01
3.612831551628262083e+00 1.099999999999995426e+00 -3.134897257138713478e-01
3.717551306747922002e+00 1.100000000000001643e+00 -3.139511511748502848e-01
3.822271061867581476e+00 1.099999999999998757e+00 -3.022601111781741956e-01
3.926990816987241395e+00 1.099999999999998757e+00 -2.815918907207040078e-01
4.031710572106900869e+00 1.099999999999994094e+00 -2.817514135716674417e-01
4.136430327226561232e+00 1.099999999999995204e+00 -3.086947623278248898e-01
4.241150082346220707e+00 1.099999999999995870e+00 -2.606409034405334779e-01
4.345869837465881069e+00 1.099999999999997424e+00 -2.697388662797175485e-01
4.450589592585540544e+00 1.099999999999994316e+00 -2.468416062523060006e-01
4.555309347705200018e+00 1.099999999999994316e+00 -2.530204753116258587e-01
4.660029102824860381e+00 1.100000000000001865e+00 -2.548452831191756474e-01
4.764748857944519855e+00 1.099999999999996092e+00 -2.557739119462203448e-01
4.869468613064179330e+00 1.099999999999995204e+00 -2.550648920710028023e-01
4.974188368183839692e+00 1.099999999999990541e+00 -2.121475316558987245e-01
5.078908123303498279e+00 1.099999999999993427e+00 -2.407647001040427170e-01
5.183627878423158641e+00 1.099999999999994538e+00 -2.140093871548938154e-01
5.288347633542818116e+00 1.099999999999987654e+00 -2.255445567447296185e-01
5.393067388662477590e+00 1.099999999999998090e+00 -2.200097417188313642e-01
5.497787143782137953e+00 1.100000000000002087e+00 -2.066514420473222202e-01
5.602506898901797427e+00 1.099999999999997646e+00 -2.065763902996975432e-01
5.707226654021456902e+00 1.100000000000000533e+00 -1.922687993102183412e-01
5.811946409141117265e+00 1.099999999999992983e+00 -1.885567978368252184e-01
5.916666164260776739e+00 1.099999999999993427e+00 -2.025491918753079545e-01
6.021385919380437102e+00 1.099999999999994094e+00 -1.681165312799937084e-01
6.126105674500096576e+00 1.099999999999989653e+00 -1.666148849423487732e-01
6.230825429619756051e+00 1.099999999999982991e+00 -1.801955440738600700e-01
6.335545184739416413e+00 1.100000000000002531e+00 -1.672055658566788949e-01
6.440264939859075888e+00 1.099999999999994538e+00 -1.688875215713467881e-01
6.544984694978735362e+00 1.099999999999992317e+00 -1.569245906981571181e-01
6.649704450098395725e+00 1.100000000000002309e+00 -1.558506686181111434e-01
6.754424205218055199e+00 1.100000000000005196e+00 -1.588905509072491284e-01
6.859143960337715562e+00 1.099999999999988765e+00 -1.378969181445546255e-01
6.963863715457375037e+00 1.099999999999993872e+00 -1.679006556866742272e-01
7.068583470577034511e+00 1.100000000000001199e+00 -1.422112850473693513e-01
7.173303225696694874e+00 1.099999999999991873e+00 -1.747092846334776794e-01
7.278022980816354348e+00 1.100000000000006528e+00 -1.583719072879947731e-01
7.382742735936013823e+00 1.100000000000006750e+00 -1.570256610824634080e-01
7.487462491055674185e+00 1.099999999999994538e+00 -1.621457040684362028e-01
7.592182246175332772e+00 1.099999999999978328e+00 -1.449169153158615941e-01
7.696902001294993134e+00 1.100000000000001865e+00 -1.046667744720304327e-01
7.801621756414652609e+00 1.099999999999998312e+00 -1.264694763610858530e-01
7.906341511534312083e+00 1.099999999999997424e+00 -1.117105125738522275e-01
8.011061266653973334e+00 1.099999999999997868e+00 -1.212772086069069388e-01
8.115781021773631920e+00 1.099999999999995204e+00 -1.343432630714147535e-01
8.220500776893292283e+00 1.100000000000000311e+00 -1.067908236698222879e-01
8.325220532012952646e+00 1.100000000000003864e+00 -1.214668728849126467e-01
8.429940287132611232e+00 1.100000000000016742e+00 -1.069983653730020023e-01
8.534660042252271595e+00 1.099999999999989875e+00 -1.007777369977684856e-01
8.639379797371930181e+00 1.099999999999960565e+00 -9.586875069821054751e-02
8.744099552491592320e+00 1.099999999999981437e+00 -9.842534147415804568e-02
8.848819307611250906e+00 1.099999999999978550e+00 -9.508510272100956229e-02
8.953539062730909492e+00 1.099999999999961897e+00 -7.951774261786326292e-02
9.058258817850569855e+00 1.099999999999971889e+00 -9.636215170945128250e-02
9.162978572970228441e+00 1.099999999999990541e+00 -1.108872747600280206e-01
9.267698328089890580e+00 1.099999999999984768e+00 -1.016910277633638060e-01
9.372418083209549167e+00 1.100000000000002087e+00 -8.792636928775365845e-02
9.477137838329209529e+00 1.099999999999980771e+00 -6.492395666254324738e-02
9.581857593448868116e+00 1.099999999999982547e+00 -9.091023219443350456e-02
9.686577348568528478e+00 1.100000000000004308e+00 -7.613141742481666085e-02
9.791297103688188841e+00 1.100000000000000755e+00 -8.585684263173298802e-02
9.896016858807849204e+00 1.100000000000025180e+00 -8.577745940947956171e-02
1.000073661392750779e+01 1.100000000000023848e+00 -6.091371049069138621e-02
1.010545636904716815e+01 1.099999999999991207e+00 -5.367360479294802644e-02
1.021017612416682674e+01 1.100000000000001643e+00 -5.442895338563502605e-02
1.031489587928648710e+01 1.099999999999988098e+00 -5.246489943406196232e-02
1.041961563440614746e+01 1.100000000000000533e+00 -7.223744749185989633e-02
1.052433538952580783e+01 1.100000000000014078e+00 -8.226312640602806425e-02
1.062905514464546641e+01 1.100000000000012745e+00 -5.494019693451157593e-02
1.073377489976512678e+01 1.100000000000018741e+00 -5.176346687864707974e-02
1.083849465488478536e+01 1.100000000000012301e+00 -5.816635813397574850e-02
1.094321441000444750e+01 1.100000000000031397e+00 -6.327045167285838545e-02
1.104793416512410609e+01 1.100000000000022737e+00 -5.501362918151642134e-02
1.115265392024376645e+01 1.100000000000035616e+00 -5.543082137640809037e-02
1.125737367536342504e+01 1.100000000000006972e+00 -4.012006565974424177e-02
1.136209343048308362e+01 1.100000000000049827e+00 -4.579778838868797664e-02
1.146681318560274576e+01 1.100000000000013189e+00 -4.237907981894117881e-02
1.157153294072240435e+01 1.100000000000029399e+00 -7.492109894865528474e-02
1.167625269584206471e+01 1.100000000000014522e+00 -3.982436544208312057e-02
1.178097245096172330e+01 1.100000000000010747e+00 -5.871377656156973046e-02
1.188569220608138366e+01 1.100000000000037170e+00 -6.000042300345320712e-02
1.199041196120104225e+01 1.100000000000018963e+00 -4.397430630018916986e-02
1.209513171632070438e+01 1.100000000000035394e+00 -1.798834233525603565e-02
1.219985147144036297e+01 1.100000000000008749e+00 -1.808056789461609526e-02
1.230457122656002333e+01 1.100000000000010747e+00 -2.079301475277262057e-02
1.240929098167968192e+01 1.099999999999989653e+00 -1.208045434968241238e-02
1.251401073679934228e+01 1.099999999999994982e+00 -4.036185643110457022e-02
1.261873049191900265e+01 1.099999999999958566e+00 -3.136025758690408338e-02
1.272345024703866301e+01 1.100000000000012301e+00 -8.922264777826427462e-03
1.282817000215832159e+01 1.100000000000021405e+00 -8.947670777645910789e-03
1.293288975727798196e+01 1.100000000000008527e+00 -1.560250753021108494e-02
1.303760951239764054e+01 1.099999999999997424e+00 -3.302797019351011443e-02
1.314232926751730268e+01 1.100000000000025846e+00 9.736777761995440983e-03
1.324704902263696127e+01 1.100000000000016742e+00 -2.716303585012269650e-02
1.335176877775662163e+01 1.100000000000025624e+00 -6.013245608224693228e-03
1.345648853287628022e+01 1.100000000000026290e+00 2.526315823306646280e-03
1.356120828799594058e+01 1.100000000000028955e+00 7.545105268622620542e-04
1.366592804311559917e+01 1.100000000000008971e+00 -8.708783443552192693e-03
1.377064779823526131e+01 1.100000000000029621e+00 -1.957347160351652349e-02
1.387536755335491989e+01 1.100000000000013856e+00 -2.643316448951438247e-03
1.398008730847457848e+01 1.100000000000022293e+00 -6.008268653779680335e-03
1.408480706359423884e+01 1.100000000000025402e+00 9.223762817759606492e-03
1.418952681871389743e+01 1.100000000000020961e+00 -2.357089724402960940e-02
1.429424657383355957e+01 1.100000000000019407e+00 2.086297401641346028e-03
1.439896632895321815e+01 1.100000000000029399e+00 -1.062647306532937819e-03
1.450368608407287851e+01 1.100000000000025846e+00 -1.399319851319091867e-02
1.460840583919253710e+01 1.100000000000014744e+00 3.445319298908344763e-03
1.471312559431219746e+01 1.100000000000048939e+00 -3.091411445861780294e-03
1.481784534943185783e+01 1.100000000000034728e+00 -8.299591800470906833e-03
1.492256510455151819e+01 1.100000000000034728e+00 6.349755437115689460e-03
1.502728485967117678e+01 1.100000000000044054e+00 1.400192790230114781e-02
1.513200461479083714e+01 1.100000000000048272e+00 3.021587758972721360e-02
1.523672436991049572e+01 1.100000000000042277e+00 3.777751927323613756e-02
1.534144412503015609e+01 1.100000000000040945e+00 5.213214558134460219e-02
1.544616388014981645e+01 1.100000000000052269e+00 4.692461590948049377e-02
1.555088363526947681e+01 1.100000000000020961e+00 4.051880510750649478e-02
1.565560339038913540e+01 1.100000000000031397e+00 5.733766181793065186e-02
1.576032314550879576e+01 1.100000000000028066e+00 4.482568982964885151e-02
1.586504290062845435e+01 1.100000000000022737e+00 4.178748225016803985e-02
1.596976265574811649e+01 1.100000000000023404e+00 6.618044262825151236e-02
1.607448241086777685e+01 1.100000000000032285e+00 3.505364887139705843e-02
1.617920216598743366e+01 1.100000000000021405e+00 4.950079306303578619e-02
1.628392192110709402e+01 1.100000000000013189e+00 4.639461836671188166e-02
1.638864167622675438e+01 1.100000000000025846e+00 6.220202323848766923e-02
1.649336143134641475e+01 1.100000000000003419e+00 5.212879842115825113e-02
1.659808118646607511e+01 1.100000000000019851e+00 4.344248662180305587e-02
1.670280094158573192e+01 1.100000000000024736e+00 4.192300402363002831e-02
1.680752069670539228e+01 1.100000000000020073e+00 4.988341394828310627e-02
1.691224045182505265e+01 1.100000000000010525e+00 6.909235830009308188e-02
1.701696020694471301e+01 1.100000000000012301e+00 3.586309722439651182e-02
1.712167996206437337e+01 1.099999999999994316e+00 7.440054626457026643e-02
1.722639971718403373e+01 1.100000000000010525e+00 5.892412825925674724e-02
1.733111947230369054e+01 1.100000000000012079e+00 5.313098443827968254e-02
1.743583922742335091e+01 1.099999999999988320e+00 5.327436747473868195e-02
1.754055898254301127e+01 1.099999999999949241e+00 7.311051909258736714e-02
1.764527873766267163e+01 1.099999999999987432e+00 8.097458247504718543e-02
1.774999849278232844e+01 1.099999999999985878e+00 5.659201628056820255e-02
1.785471824790198880e+01 1.099999999999999867e+00 6.428092587933065261e-02
1.795943800302165272e+01 1.099999999999991651e+00 6.215361506283656468e-02
1.806415775814131308e+01 1.100000000000010969e+00 6.224454187771399916e-02
1.816887751326096989e+01 1.100000000000004086e+00 8.436578842797715083e-02
1.827359726838063025e+01 1.100000000000012967e+00 9.782315120292395250e-02
1.837831702350029062e+01 1.099999999999997424e+00 9.676232293795905548e-02
1.848303677861995098e+01 1.100000000000008304e+00 8.125810933624677546e-02
1.858775653373960779e+01 1.100000000000006084e+00 1.100680619790672665e-01
1.869247628885926815e+01 1.099999999999999423e+00 8.364576005982726770e-02
1.879719604397892851e+01 1.100000000000027400e+00 8.656978221886291180e-02
