5.235987755982988295e-02 1.279999999999998028e+00 -1.135442465179322680e+00
1.570796326794896558e-01 1.279999999999996252e+00 -1.972213301358736182e+00
2.617993877991494078e-01 1.279999999999995586e+00 -2.151985272371587321e+00
3.665191429188092154e-01 1.279999999999994476e+00 -1.984213859230713251e+00
4.712388980384689674e-01 1.279999999999995808e+00 -1.789543252289752306e+00
5.759586531581286639e-01 1.279999999999997362e+00 -1.590770550082070134e+00
6.806784082777885825e-01 1.279999999999996918e+00 -1.474670317291862709e+00
7.853981633974481680e-01 1.279999999999996252e+00 -1.322459378011746622e+00
8.901179185171080865e-01 1.279999999999997362e+00 -1.155691689904373431e+00
9.948376736367677831e-01 1.279999999999997140e+00 -1.216733874934840198e+00
1.099557428756427591e+00 1.279999999999996918e+00 -1.152421449726378277e+00
1.204277183876087287e+00 1.279999999999997140e+00 -1.026544925516737150e+00
1.308996938995747206e+00 1.279999999999996918e+00 -9.755816414586084839e-01
1.413716694115406902e+00 1.279999999999996918e+00 -8.663720627048852041e-01
1.518436449235066821e+00 1.279999999999996918e+00 -8.946984371666979463e-01
1.623156204354726295e+00 1.279999999999997584e+00 -8.389968034486718906e-01
1.727875959474386214e+00 1.279999999999997140e+00 -7.911839238090399018e-01
1.832595714594045910e+00 1.279999999999995808e+00 -7.956450655960791707e-01
1.937315469713705829e+00 1.279999999999995808e+00 -7.498605124728530136e-01
2.042035224833365525e+00 1.279999999999996696e+00 -6.955933960278906092e-01
2.146754979953025000e+00 1.279999999999996696e+00 -6.414951449424264318e-01
2.251474735072684918e+00 1.279999999999996696e+00 -5.739564720250984742e-01
2.356194490192344837e+00 1.279999999999996030e+00 -6.240993739394973261e-01
2.460914245312004756e+00 1.279999999999995364e+00 -5.923837320022369290e-01
2.565634000431664230e+00 1.279999999999998694e+00 -5.290030415894011462e-01
2.670353755551324149e+00 1.279999999999997362e+00 -5.584832267372439318e-01
2.775073510670984067e+00 1.279999999999996252e+00 -5.625928806432916041e-01
2.879793265790643986e+00 1.279999999999997140e+00 -4.939644764573296598e-01
2.984513020910303460e+00 1.279999999999995808e+00 -5.095210226135979958e-01
3.089232776029963379e+00 1.279999999999995808e+00 -4.761291193706673752e-01
3.193952531149622853e+00 1.279999999999996696e+00 -4.748953667789770350e-01
3.298672286269282772e+00 1.279999999999996696e+00 -4.784897763483932920e-01
3.403392041388942246e+00 1.279999999999994920e+00 -5.220608953088201609e-01
3.508111796508602165e+00 1.279999999999996030e+00 -4.026387663978523435e-01
3.612831551628262083e+00 1.279999999999995142e+00 -4.282067623385952260e-01
3.717551306747922002e+00 1.279999999999996252e+00 -4.568909830006440131e-01
3.822271061867581476e+00 1.279999999999996252e+00 -3.988882998449430062e-01
3.926990816987241395e+00 1.279999999999996474e+00 -3.414473465978202782e-01
4.031710572106900869e+00 1.279999999999990923e+00 -4.300023416645073482e-01
4.136430327226561232e+00 1.279999999999991367e+00 -3.719770347927697784e-01
4.241150082346220707e+00 1.279999999999993365e+00 -3.291513940300641039e-01
4.345869837465881069e+00 1.279999999999990923e+00 -4.000380426050167415e-01
4.450589592585540544e+00 1.279999999999992255e+00 -3.562409349886603849e-01
4.555309347705200018e+00 1.279999999999993143e+00 -3.489619359380942143e-01
4.660029102824860381e+00 1.279999999999996474e+00 -3.766352258140059917e-01
4.764748857944519855e+00 1.279999999999989813e+00 -2.877605117057786543e-01
4.869468613064179330e+00 1.279999999999988480e+00 -2.810950377519461085e-01
4.974188368183839692e+00 1.279999999999984706e+00 -3.143566466959013539e-01
5.078908123303498279e+00 1.279999999999991589e+00 -2.883269214155976812e-01
5.183627878423158641e+00 1.279999999999987814e+00 -2.282038553900216371e-01
5.288347633542818116e+00 1.279999999999990035e+00 -3.190736751278286931e-01
5.393067388662477590e+00 1.279999999999991145e+00 -3.241741121456076513e-01
5.497787143782137953e+00 1.279999999999992033e+00 -2.797427802146046361e-01
5.602506898901797427e+00 1.279999999999989146e+00 -2.559392822833022052e-01
5.707226654021456902e+00 1.279999999999994031e+00 -3.351864746922821325e-01
5.811946409141117265e+00 1.279999999999989146e+00 -2.787004645382822332e-01
5.916666164260776739e+00 1.279999999999980709e+00 -2.429912837577585805e-01
6.021385919380437102e+00 1.279999999999986482e+00 -2.330694095611924865e-01
6.126105674500096576e+00 1.279999999999992477e+00 -2.500183524203594132e-01
6.230825429619756051e+00 1.279999999999991589e+00 -2.218260645657634811e-01
6.335545184739416413e+00 1.279999999999984928e+00 -2.623373674205575767e-01
6.440264939859075888e+00 1.279999999999986038e+00 -3.088066486293818969e-01
6.544984694978735362e+00 1.279999999999987592e+00 -1.526741803035758238e-01
6.649704450098395725e+00 1.279999999999992255e+00 -2.783129613042634176e-01
6.754424205218055199e+00 1.279999999999990035e+00 -2.046291498784809093e-01
6.859143960337715562e+00 1.279999999999990479e+00 -1.791571162135747741e-01
6.963863715457375037e+00 1.279999999999995364e+00 -2.328923981066841620e-01
7.068583470577034511e+00 1.279999999999988036e+00 -2.271408304807396306e-01
7.173303225696694874e+00 1.279999999999987814e+00 -1.710141032609211464e-01
7.278022980816354348e+00 1.279999999999991145e+00 -2.322382614020108704e-01
7.382742735936013823e+00 1.279999999999997584e+00 -1.535968155883438158e-01
7.487462491055674185e+00 1.279999999999980709e+00 -1.569651863806331704e-01
7.592182246175332772e+00 1.279999999999965610e+00 -2.064740067033490334e-01
7.696902001294993134e+00 1.279999999999984706e+00 -1.942529235348331440e-01
7.801621756414652609e+00 1.279999999999990479e+00 -1.931169602713236344e-01
7.906341511534312083e+00 1.279999999999980709e+00 -1.301537415944995502e-01
8.011061266653973334e+00 1.279999999999988258e+00 -1.956565321390719703e-01
8.115781021773631920e+00 1.279999999999994476e+00 -1.629967231363647073e-01
8.220500776893292283e+00 1.279999999999978488e+00 -1.464078691079695460e-01
8.325220532012952646e+00 1.279999999999998916e+00 -2.192247334913144385e-01
8.429940287132611232e+00 1.279999999999993809e+00 -1.523292606874804278e-01
8.534660042252271595e+00 1.279999999999981819e+00 -1.453284087595818619e-01
8.639379797371930181e+00 1.279999999999958060e+00 -1.431222690388018748e-01
8.744099552491592320e+00 1.279999999999966054e+00 -1.655911374175058626e-01
8.848819307611250906e+00 1.279999999999988258e+00 -1.444910123123559487e-01
8.953539062730909492e+00 1.279999999999954508e+00 -1.852898339484063683e-01
9.058258817850569855e+00 1.279999999999957172e+00 -1.234385506344803929e-01
9.162978572970228441e+00 1.279999999999971383e+00 -1.067113833221764452e-01
9.267698328089890580e+00 1.279999999999981819e+00 -1.527880014105722495e-01
9.372418083209549167e+00 1.279999999999992921e+00 -1.822937659153875956e-01
9.477137838329209529e+00 1.279999999999966054e+00 -8.110881432552474735e-02
9.581857593448868116e+00 1.279999999999980487e+00 -1.702204450280504489e-01
9.686577348568528478e+00 1.279999999999980265e+00 -8.961819696379791367e-02
9.791297103688188841e+00 1.279999999999987148e+00 -1.346625785671093922e-01
9.896016858807849204e+00 1.280000000000011795e+00 -1.019866405258635922e-01
1.000073661392750779e+01 1.280000000000026006e+00 -5.921030334407895168e-02
1.010545636904716815e+01 1.279999999999971161e+00 -1.167340550505624464e-01
1.021017612416682674e+01 1.279999999999972937e+00 -9.738992962565795608e-02
1.031489587928648710e+01 1.279999999999991811e+00 -1.439660778439275646e-01
1.041961563440614746e+01 1.280000000000003579e+00 -7.697016313169591228e-02
1.052433538952580783e+01 1.279999999999995142e+00 -6.974176676729548774e-02
1.062905514464546641e+01 1.280000000000009797e+00 -1.168228315764956449e-01
1.073377489976512678e+01 1.280000000000019789e+00 -1.138740748076703113e-01
1.083849465488478536e+01 1.280000000000017346e+00 -5.473481395196344579e-02
1.094321441000444750e+01 1.280000000000018900e+00 -6.019050089573241280e-02
1.104793416512410609e+01 1.280000000000019345e+00 -1.279894491283002367e-01
1.115265392024376645e+01 1.280000000000038884e+00 -4.898477425693670284e-02
1.125737367536342504e+01 1.280000000000007354e+00 -7.975475307825696802e-02
1.136209343048308362e+01 1.280000000000028226e+00 -1.066615166207522947e-01
1.146681318560274576e+01 1.280000000000022675e+00 -8.319489564601489917e-02
1.157153294072240435e+01 1.280000000000018900e+00 -4.633390193473196916e-02
1.167625269584206471e+01 1.280000000000012239e+00 -7.644278512457169938e-02
1.178097245096172330e+01 1.280000000000023785e+00 -6.914898514376233152e-02
1.188569220608138366e+01 1.280000000000032223e+00 -5.235482248652445492e-03
1.199041196120104225e+01 1.280000000000011129e+00 -8.003450897492037086e-02
1.209513171632070438e+01 1.280000000000004690e+00 -8.098427940099028888e-02
1.219985147144036297e+01 1.280000000000002469e+00 -1.947172113716533204e-03
1.230457122656002333e+01 1.280000000000029781e+00 -1.269420512535219814e-01
1.240929098167968192e+01 1.280000000000004023e+00 -5.821946780070774707e-02
1.251401073679934228e+01 1.279999999999975158e+00 -3.409952976690533433e-02
1.261873049191900265e+01 1.279999999999958504e+00 -5.280564329389392242e-02
1.272345024703866301e+01 1.279999999999990923e+00 -1.105197400094724003e-01
1.282817000215832159e+01 1.280000000000026006e+00 -6.627501255536216718e-02
1.293288975727798196e+01 1.280000000000016680e+00 -2.847651817435448152e-02
1.303760951239764054e+01 1.279999999999994920e+00 -3.389388971583606747e-02
1.314232926751730268e+01 1.280000000000001803e+00 -1.685670107490366831e-02
1.324704902263696127e+01 1.280000000000027116e+00 -1.540566130664444700e-03
1.335176877775662163e+01 1.279999999999999805e+00 -7.016432211542422692e-02
1.345648853287628022e+01 1.280000000000016680e+00 -2.856799506696461322e-02
1.356120828799594058e+01 1.279999999999996474e+00 -3.078280407508593441e-02
1.366592804311559917e+01 1.280000000000005800e+00 -3.135535058939886710e-02
1.377064779823526131e+01 1.279999999999985150e+00 -1.421196527877199856e-03
1.387536755335491989e+01 1.280000000000014238e+00 -2.340500318535454483e-02
1.398008730847457848e+01 1.279999999999998916e+00 -4.573191549889799035e-02
1.408480706359423884e+01 1.280000000000006910e+00 -3.651612740561205328e-02
1.418952681871389743e+01 1.280000000000018456e+00 -1.643574866904984333e-02
1.429424657383355957e+01 1.279999999999995142e+00 3.141083536485567151e-02
1.439896632895321815e+01 1.279999999999999361e+00 -1.636278462877527318e-02
1.450368608407287851e+01 1.280000000000009575e+00 9.993441112836620732e-03
1.460840583919253710e+01 1.279999999999975158e+00 2.521856345688888723e-02
1.471312559431219746e+01 1.279999999999991367e+00 -2.130333014893359689e-02
1.481784534943185783e+01 1.280000000000014015e+00 1.421551942652499179e-02
1.492256510455151819e+01 1.280000000000002691e+00 4.302370761692841938e-02
1.502728485967117678e+01 1.280000000000010241e+00 2.454222383003745733e-02
1.513200461479083714e+01 1.280000000000002691e+00 1.978013300547942777e-02
1.523672436991049572e+01 1.280000000000001137e+00 1.366957913798927393e-03
1.534144412503015609e+01 1.280000000000015348e+00 3.001756190153237469e-02
1.544616388014981645e+01 1.280000000000000915e+00 6.468744554980077055e-02
1.555088363526947681e+01 1.279999999999983151e+00 1.925810958107021520e-02
1.565560339038913540e+01 1.280000000000009575e+00 3.413046304169142786e-02
1.576032314550879576e+01 1.280000000000009353e+00 5.957642709502763978e-02
1.586504290062845435e+01 1.280000000000000471e+00 1.360953386218533012e-02
1.596976265574811649e+01 1.280000000000008464e+00 5.938963078551573460e-02
1.607448241086777685e+01 1.280000000000000027e+00 7.839338399936579549e-02
1.617920216598743366e+01 1.279999999999995364e+00 8.676157620444868712e-02
1.628392192110709402e+01 1.280000000000017346e+00 6.581501002058587346e-02
1.638864167622675438e+01 1.279999999999981153e+00 4.530939377119480582e-02
1.649336143134641475e+01 1.279999999999999805e+00 7.312314429707100771e-02
1.659808118646607511e+01 1.279999999999999138e+00 7.253051426022594228e-02
1.670280094158573192e+01 1.280000000000020233e+00 7.042110049878402833e-02
1.680752069670539228e+01 1.279999999999986482e+00 1.079675590912287930e-01
1.691224045182505265e+01 1.280000000000019345e+00 4.588655238761774058e-02
1.701696020694471301e+01 1.280000000000002691e+00 5.989219684721192039e-02
1.712167996206437337e+01 1.279999999999994698e+00 7.522644461475636035e-02
1.722639971718403373e+01 1.280000000000008908e+00 7.040439198836878631e-02
1.733111947230369054e+01 1.280000000000013127e+00 1.036681471848197589e-01
1.743583922742335091e+01 1.279999999999980709e+00 1.418330688631392889e-01
1.754055898254301127e+01 1.279999999999952953e+00 9.176802609155743085e-02
1.764527873766267163e+01 1.279999999999965388e+00 7.556319169825442827e-02
1.774999849278232844e+01 1.279999999999984261e+00 9.639339703874227894e-02
1.785471824790198880e+01 1.280000000000019567e+00 1.543663702421156358e-01
1.795943800302165272e+01 1.279999999999985816e+00 4.832479332158712282e-02
1.806415775814131308e+01 1.279999999999990035e+00 1.153893700790256105e-01
1.816887751326096989e+01 1.280000000000002469e+00 1.145143425391275116e-01
1.827359726838063025e+01 1.280000000000013571e+00 5.193581705840344398e-02
1.837831702350029062e+01 1.280000000000005800e+00 1.053625075281630075e-01
1.848303677861995098e+01 1.279999999999992699e+00 1.113605407278654980e-01
1.858775653373960779e+01 1.280000000000000027e+00 8.670990194847050248e-02
1.869247628885926815e+01 1.280000000000008908e+00 1.166803929197932632e-01
1.879719604397892851e+01 1.280000000000006910e+00 1.353656768663888954e-01
