5.235987755982988295e-02 1.314999999999915126e+00 -1.377098760540061306e+01
1.570796326794896558e-01 1.314999999999995728e+00 -4.792295038369640992e+00
2.617993877991494078e-01 1.315000000000003499e+00 -3.092500107496841011e+00
3.665191429188092154e-01 1.315000000000005276e+00 -2.419735656399867985e+00
4.712388980384689674e-01 1.315000000000003499e+00 -2.070891046505586530e+00
5.759586531581286639e-01 1.315000000000002389e+00 -1.847353113132151670e+00
6.806784082777885825e-01 1.315000000000000613e+00 -1.672403614007782258e+00
7.853981633974481680e-01 1.314999999999999503e+00 -1.517380799785596590e+00
8.901179185171080865e-01 1.314999999999998836e+00 -1.378181739235235792e+00
9.948376736367677831e-01 1.314999999999999281e+00 -1.260852263161263309e+00
1.099557428756427591e+00 1.314999999999999059e+00 -1.168832306560070755e+00
1.204277183876087287e+00 1.314999999999999947e+00 -1.098754737832227990e+00
1.308996938995747206e+00 1.315000000000000613e+00 -1.043580272344965865e+00
1.413716694115406902e+00 1.315000000000001279e+00 -9.969423185919934483e-01
1.518436449235066821e+00 1.315000000000000835e+00 -9.554477583441427502e-01
1.623156204354726295e+00 1.315000000000000391e+00 -9.164866548514980504e-01
1.727875959474386214e+00 1.314999999999999503e+00 -8.773901174304619133e-01
1.832595714594045910e+00 1.314999999999998836e+00 -8.364933741580518056e-01
1.937315469713705829e+00 1.314999999999998836e+00 -7.943790256187286403e-01
2.042035224833365525e+00 1.314999999999998392e+00 -7.530215869591554423e-01
2.146754979953025000e+00 1.314999999999998392e+00 -7.145669491190025369e-01
2.251474735072684918e+00 1.314999999999998392e+00 -6.805832427325229084e-01
2.356194490192344837e+00 1.314999999999999059e+00 -6.517972711575010791e-01
2.460914245312004756e+00 1.314999999999998392e+00 -6.269563433621470061e-01
2.565634000431664230e+00 1.314999999999998836e+00 -6.039206604322253646e-01
2.670353755551324149e+00 1.314999999999999725e+00 -5.817190961436913277e-01
2.775073510670984067e+00 1.314999999999998614e+00 -5.614753785014938714e-01
2.879793265790643986e+00 1.314999999999997948e+00 -5.447434156150867679e-01
2.984513020910303460e+00 1.314999999999998836e+00 -5.310423207721388650e-01
3.089232776029963379e+00 1.314999999999998392e+00 -5.181414394918828492e-01
3.193952531149622853e+00 1.314999999999998836e+00 -5.047136721580001151e-01
3.298672286269282772e+00 1.314999999999999059e+00 -4.907009073250176989e-01
3.403392041388942246e+00 1.314999999999993729e+00 -4.761837630432084190e-01
3.508111796508602165e+00 1.314999999999996172e+00 -4.611087769104087464e-01
3.612831551628262083e+00 1.314999999999995728e+00 -4.461265009411876648e-01
3.717551306747922002e+00 1.314999999999995506e+00 -4.330543779820268391e-01
3.822271061867581476e+00 1.314999999999998614e+00 -4.230056732721867441e-01
3.926990816987241395e+00 1.314999999999996172e+00 -4.148976053106268047e-01
4.031710572106900869e+00 1.314999999999995062e+00 -4.074347677447045513e-01
4.136430327226561232e+00 1.314999999999996172e+00 -4.016786676064754147e-01
4.241150082346220707e+00 1.314999999999995062e+00 -3.988229635693629760e-01
4.345869837465881069e+00 1.314999999999991953e+00 -3.960405457392113249e-01
4.450589592585540544e+00 1.314999999999992397e+00 -3.881554012364984985e-01
4.555309347705200018e+00 1.314999999999994618e+00 -3.737384546507822591e-01
4.660029102824860381e+00 1.314999999999994174e+00 -3.563702746290280388e-01
4.764748857944519855e+00 1.314999999999993952e+00 -3.407043025076976761e-01
4.869468613064179330e+00 1.314999999999992619e+00 -3.290427750546101038e-01
4.974188368183839692e+00 1.314999999999991953e+00 -3.209185169636930013e-01
5.078908123303498279e+00 1.314999999999990399e+00 -3.141970610308266743e-01
5.183627878423158641e+00 1.314999999999988400e+00 -3.062445400229076853e-01
5.288347633542818116e+00 1.314999999999991509e+00 -2.958689569506285366e-01
5.393067388662477590e+00 1.314999999999987734e+00 -2.853952743533128000e-01
5.497787143782137953e+00 1.314999999999986846e+00 -2.789347861506250581e-01
5.602506898901797427e+00 1.314999999999990177e+00 -2.778422235187383293e-01
5.707226654021456902e+00 1.314999999999985736e+00 -2.791541470160350258e-01
5.811946409141117265e+00 1.314999999999987068e+00 -2.788057534544554628e-01
5.916666164260776739e+00 1.314999999999985292e+00 -2.748695654944146582e-01
6.021385919380437102e+00 1.314999999999990399e+00 -2.676099878247502062e-01
6.126105674500096576e+00 1.314999999999983737e+00 -2.577618569715927066e-01
6.230825429619756051e+00 1.314999999999984404e+00 -2.463104931414381582e-01
6.335545184739416413e+00 1.314999999999990621e+00 -2.353787867895977826e-01
6.440264939859075888e+00 1.314999999999986402e+00 -2.287132048720383892e-01
6.544984694978735362e+00 1.314999999999992175e+00 -2.294965066601593051e-01
6.649704450098395725e+00 1.314999999999990177e+00 -2.369776922444160050e-01
6.754424205218055199e+00 1.314999999999996172e+00 -2.461394610667841931e-01
6.859143960337715562e+00 1.314999999999993729e+00 -2.505745146016051805e-01
6.963863715457375037e+00 1.314999999999988844e+00 -2.459335150842250073e-01
7.068583470577034511e+00 1.314999999999989289e+00 -2.320229671092022272e-01
7.173303225696694874e+00 1.314999999999987290e+00 -2.129005226011893015e-01
7.278022980816354348e+00 1.314999999999989733e+00 -1.949981678772179094e-01
7.382742735936013823e+00 1.314999999999989289e+00 -1.843056076244051766e-01
7.487462491055674185e+00 1.314999999999983515e+00 -1.836502604766803159e-01
7.592182246175332772e+00 1.314999999999988844e+00 -1.915521937458928292e-01
7.696902001294993134e+00 1.314999999999985514e+00 -2.034516953415517193e-01
7.801621756414652609e+00 1.314999999999986402e+00 -2.144423081086257454e-01
7.906341511534312083e+00 1.314999999999983959e+00 -2.210838461916475595e-01
8.011061266653973334e+00 1.314999999999982183e+00 -2.218869256558022585e-01
8.115781021773631920e+00 1.314999999999981517e+00 -2.171635130131459590e-01
8.220500776893292283e+00 1.314999999999982849e+00 -2.082085061131202508e-01
8.325220532012952646e+00 1.314999999999985736e+00 -1.956456025452677494e-01
8.429940287132611232e+00 1.314999999999984626e+00 -1.790669568617939689e-01
8.534660042252271595e+00 1.314999999999979963e+00 -1.590722594862938877e-01
8.639379797371930181e+00 1.314999999999968194e+00 -1.391401083633958535e-01
8.744099552491592320e+00 1.314999999999979075e+00 -1.243416229035840814e-01
8.848819307611250906e+00 1.314999999999969527e+00 -1.177164670427011117e-01
8.953539062730909492e+00 1.314999999999965974e+00 -1.180505247906982191e-01
9.058258817850569855e+00 1.314999999999975300e+00 -1.212246845489044489e-01
9.162978572970228441e+00 1.314999999999972413e+00 -1.235724497782246800e-01
9.267698328089890580e+00 1.314999999999982627e+00 -1.236111011531892956e-01
9.372418083209549167e+00 1.314999999999982849e+00 -1.217606217985824912e-01
9.477137838329209529e+00 1.314999999999972635e+00 -1.193279647572342839e-01
9.581857593448868116e+00 1.314999999999975966e+00 -1.174939964937813386e-01
9.686577348568528478e+00 1.314999999999989289e+00 -1.154027766625542739e-01
9.791297103688188841e+00 1.314999999999998836e+00 -1.109419322680675890e-01
9.896016858807849204e+00 1.315000000000009273e+00 -1.052642465037241237e-01
1.000073661392750779e+01 1.315000000000015934e+00 -1.034570286611398160e-01
1.010545636904716815e+01 1.314999999999995728e+00 -1.088869496953339677e-01
1.021017612416682674e+01 1.314999999999994840e+00 -1.184754783441945847e-01
1.031489587928648710e+01 1.315000000000010161e+00 -1.247086636604013421e-01
1.041961563440614746e+01 1.315000000000008384e+00 -1.221506090481678797e-01
1.052433538952580783e+01 1.315000000000019265e+00 -1.120536799842835052e-01
1.062905514464546641e+01 1.315000000000029479e+00 -1.007101015729450211e-01
1.073377489976512678e+01 1.315000000000024150e+00 -9.490985009911589998e-02
1.083849465488478536e+01 1.315000000000035252e+00 -9.730505797918098665e-02
1.094321441000444750e+01 1.315000000000034142e+00 -1.047110437350546874e-01
1.104793416512410609e+01 1.315000000000039915e+00 -1.098653704448349089e-01
1.115265392024376645e+01 1.315000000000029923e+00 -1.056248100101822018e-01
1.125737367536342504e+01 1.315000000000030145e+00 -9.027663645733774445e-02
1.136209343048308362e+01 1.315000000000027036e+00 -6.598434378432571634e-02
1.146681318560274576e+01 1.315000000000027480e+00 -4.937624653890715365e-02
1.157153294072240435e+01 1.315000000000032587e+00 -4.269022398741384450e-02
1.167625269584206471e+01 1.315000000000045910e+00 -4.510444596465923439e-02
1.178097245096172330e+01 1.315000000000022817e+00 -5.159961577621530182e-02
1.188569220608138366e+01 1.315000000000032143e+00 -5.748148581419876280e-02
1.199041196120104225e+01 1.315000000000023261e+00 -6.105972838108542078e-02
1.209513171632070438e+01 1.315000000000031033e+00 -6.408846573116377954e-02
1.219985147144036297e+01 1.315000000000020597e+00 -6.890536729669349825e-02
1.230457122656002333e+01 1.315000000000006830e+00 -7.437135409968220756e-02
1.240929098167968192e+01 1.315000000000032587e+00 -7.548143124347461708e-02
1.251401073679934228e+01 1.315000000000004388e+00 -6.787284783505320718e-02
1.261873049191900265e+01 1.315000000000011493e+00 -5.241127589997773839e-02
1.272345024703866301e+01 1.315000000000005498e+00 -3.504981013406904822e-02
1.282817000215832159e+01 1.315000000000023039e+00 -2.270175701523236000e-02
1.293288975727798196e+01 1.315000000000009495e+00 -1.941309077628083912e-02
1.303760951239764054e+01 1.315000000000006608e+00 -2.482007822863074864e-02
1.314232926751730268e+01 1.315000000000007274e+00 -3.443758164873322869e-02
1.324704902263696127e+01 1.315000000000025704e+00 -4.262814173085160974e-02
1.335176877775662163e+01 1.315000000000008606e+00 -4.468020803787098316e-02
1.345648853287628022e+01 1.314999999999999281e+00 -3.928427053346617015e-02
1.356120828799594058e+01 1.315000000000001945e+00 -2.932694768741761493e-02
1.366592804311559917e+01 1.315000000000013713e+00 -1.936554548474944681e-02
1.377064779823526131e+01 1.314999999999999059e+00 -1.230095562177346835e-02
1.387536755335491989e+01 1.315000000000022817e+00 -9.254903156710625467e-03
1.398008730847457848e+01 1.315000000000016822e+00 -1.090603420003688484e-02
1.408480706359423884e+01 1.315000000000023261e+00 -1.651929608449975717e-02
1.418952681871389743e+01 1.314999999999996172e+00 -2.202342331256090802e-02
1.429424657383355957e+01 1.315000000000018154e+00 -2.289630980200563215e-02
1.439896632895321815e+01 1.315000000000018376e+00 -1.815273787369164893e-02
1.450368608407287851e+01 1.315000000000011271e+00 -1.052947706196150079e-02
1.460840583919253710e+01 1.315000000000014824e+00 -4.052931120542169197e-03
1.471312559431219746e+01 1.315000000000010161e+00 -1.409325738777056358e-06
1.481784534943185783e+01 1.315000000000015490e+00 3.555857369264003864e-03
1.492256510455151819e+01 1.315000000000012159e+00 9.026246928689474203e-03
1.502728485967117678e+01 1.315000000000012381e+00 1.730172049696498959e-02
1.513200461479083714e+01 1.315000000000019043e+00 2.697517813462191327e-02
1.523672436991049572e+01 1.315000000000019265e+00 3.515575314248842176e-02
1.534144412503015609e+01 1.315000000000018154e+00 4.049372599404499340e-02
1.544616388014981645e+01 1.315000000000009273e+00 4.391737458517042114e-02
1.555088363526947681e+01 1.315000000000022151e+00 4.780142265899200993e-02
1.565560339038913540e+01 1.315000000000013047e+00 5.400175702688514434e-02
1.576032314550879576e+01 1.315000000000019487e+00 6.124735216479137989e-02
1.586504290062845435e+01 1.315000000000019931e+00 6.568364695189110591e-02
1.596976265574811649e+01 1.314999999999992397e+00 6.476830870773042648e-02
1.607448241086777685e+01 1.315000000000022373e+00 5.950390313370235162e-02
1.617920216598743366e+01 1.315000000000013269e+00 5.418813168963865223e-02
1.628392192110709402e+01 1.315000000000026814e+00 5.263293065167218288e-02
1.638864167622675438e+01 1.314999999999995062e+00 5.547341936882332902e-02
1.649336143134641475e+01 1.315000000000011715e+00 6.201112822208187936e-02
1.659808118646607511e+01 1.315000000000006386e+00 7.114520144114777622e-02
1.670280094158573192e+01 1.315000000000002611e+00 8.017845205808882270e-02
1.680752069670539228e+01 1.315000000000005276e+00 8.499521541190091511e-02
1.691224045182505265e+01 1.315000000000016600e+00 8.307962724921580389e-02
1.701696020694471301e+01 1.315000000000001501e+00 7.569694486926437094e-02
1.712167996206437337e+01 1.314999999999998170e+00 6.710999382555726811e-02
1.722639971718403373e+01 1.315000000000006386e+00 6.235120860959852962e-02
1.733111947230369054e+01 1.315000000000016822e+00 6.534792977492642763e-02
1.743583922742335091e+01 1.314999999999995728e+00 7.627632088689395573e-02
1.754055898254301127e+01 1.315000000000003721e+00 9.141899495051575286e-02
1.764527873766267163e+01 1.314999999999990621e+00 1.047064416970151512e-01
1.774999849278232844e+01 1.315000000000022151e+00 1.111128028550609770e-01
1.785471824790198880e+01 1.314999999999985070e+00 1.100597894903643237e-01
1.795943800302165272e+01 1.315000000000005498e+00 1.053548369094521320e-01
1.806415775814131308e+01 1.315000000000013491e+00 1.012532442184017611e-01
1.816887751326096989e+01 1.315000000000010161e+00 9.869724818067737715e-02
1.827359726838063025e+01 1.315000000000015712e+00 9.571932181954423413e-02
1.837831702350029062e+01 1.315000000000011493e+00 9.087755603811231708e-02
1.848303677861995098e+01 1.315000000000025926e+00 8.559599393865369166e-02
1.858775653373960779e+01 1.315000000000013269e+00 8.373413168673948803e-02
1.869247628885926815e+01 1.315000000000015490e+00 8.931935261359669198e-02
1.879719604397892851e+01 1.315000000000020819e+00 1.028307146270321937e-01
