5.235987755982988295e-02 1.749999999999044320e+00 -4.246946142924067402e+01
1.570796326794896558e-01 1.749999999999895417e+00 -1.419273709093847025e+01
2.617993877991494078e-01 1.749999999999959588e+00 -8.557952682686417845e+00
3.665191429188092154e-01 1.749999999999984679e+00 -6.156363811083541471e+00
4.712388980384689674e-01 1.749999999999990896e+00 -4.831312839618753685e+00
5.759586531581286639e-01 1.749999999999993117e+00 -3.994691871415120055e+00
6.806784082777885825e-01 1.749999999999994893e+00 -3.420381402766207390e+00
7.853981633974481680e-01 1.749999999999996891e+00 -3.002909742776890933e+00
8.901179185171080865e-01 1.749999999999996669e+00 -2.686411630693652963e+00
9.948376736367677831e-01 1.749999999999997335e+00 -2.438478593705159625e+00
1.099557428756427591e+00 1.749999999999998224e+00 -2.238971133208243369e+00
1.204277183876087287e+00 1.749999999999998668e+00 -2.074711590566057584e+00
1.308996938995747206e+00 1.749999999999998668e+00 -1.936744282314699195e+00
1.413716694115406902e+00 1.749999999999998446e+00 -1.818831358786030306e+00
1.518436449235066821e+00 1.749999999999998224e+00 -1.716552912187536029e+00
1.623156204354726295e+00 1.749999999999997335e+00 -1.626733503622999510e+00
1.727875959474386214e+00 1.749999999999997780e+00 -1.547024334967183501e+00
1.832595714594045910e+00 1.749999999999996447e+00 -1.475633358597494338e+00
1.937315469713705829e+00 1.749999999999997335e+00 -1.411139713797557427e+00
2.042035224833365525e+00 1.749999999999996669e+00 -1.352380976455451744e+00
2.146754979953025000e+00 1.749999999999996669e+00 -1.298395542389330082e+00
2.251474735072684918e+00 1.749999999999996225e+00 -1.248400056904860111e+00
2.356194490192344837e+00 1.749999999999996447e+00 -1.201766514399440045e+00
2.460914245312004756e+00 1.749999999999995559e+00 -1.158016228332634068e+00
2.565634000431664230e+00 1.749999999999996891e+00 -1.116799418775741515e+00
2.670353755551324149e+00 1.749999999999997558e+00 -1.077874183083117998e+00
2.775073510670984067e+00 1.749999999999997558e+00 -1.041081505541732621e+00
2.879793265790643986e+00 1.749999999999996891e+00 -1.006317519447795128e+00
2.984513020910303460e+00 1.749999999999996891e+00 -9.735117538988884434e-01
3.089232776029963379e+00 1.749999999999996003e+00 -9.426045195852030822e-01
3.193952531149622853e+00 1.749999999999995781e+00 -9.135348817664357135e-01
3.298672286269282772e+00 1.749999999999998224e+00 -8.862324917439101668e-01
3.403392041388942246e+00 1.749999999999995559e+00 -8.606027897710153418e-01
3.508111796508602165e+00 1.749999999999995781e+00 -8.365354617311191454e-01
3.612831551628262083e+00 1.749999999999995559e+00 -8.139128480667539023e-01
3.717551306747922002e+00 1.749999999999994005e+00 -7.926070089388246309e-01
3.822271061867581476e+00 1.749999999999996891e+00 -7.724905587641424098e-01
3.926990816987241395e+00 1.749999999999998002e+00 -7.534205422509638872e-01
4.031710572106900869e+00 1.749999999999994671e+00 -7.352350074919566936e-01
4.136430327226561232e+00 1.749999999999993117e+00 -7.177605185221302975e-01
4.241150082346220707e+00 1.749999999999994227e+00 -7.008330625604486386e-01
4.345869837465881069e+00 1.749999999999994449e+00 -6.843349206660658268e-01
4.450589592585540544e+00 1.749999999999994671e+00 -6.682180336774274920e-01
4.555309347705200018e+00 1.749999999999994671e+00 -6.525233625705002538e-01
4.660029102824860381e+00 1.749999999999992006e+00 -6.373615295538614944e-01
4.764748857944519855e+00 1.749999999999991562e+00 -6.228705291570202363e-01
4.869468613064179330e+00 1.749999999999992450e+00 -6.091557965285412379e-01
4.974188368183839692e+00 1.749999999999992006e+00 -5.962367135859949485e-01
5.078908123303498279e+00 1.749999999999991118e+00 -5.840205033929546374e-01
5.183627878423158641e+00 1.749999999999992450e+00 -5.723083671464275213e-01
5.288347633542818116e+00 1.749999999999990674e+00 -5.608351664489044097e-01
5.393067388662477590e+00 1.749999999999990008e+00 -5.493252236284176249e-01
5.497787143782137953e+00 1.749999999999988010e+00 -5.375464676827634847e-01
5.602506898901797427e+00 1.749999999999993117e+00 -5.253534418775460679e-01
5.707226654021456902e+00 1.749999999999992450e+00 -5.127064478510963141e-01
5.811946409141117265e+00 1.749999999999989786e+00 -4.996851142658016443e-01
5.916666164260776739e+00 1.749999999999988898e+00 -4.864758887994522496e-01
6.021385919380437102e+00 1.749999999999989564e+00 -4.733565545483573445e-01
6.126105674500096576e+00 1.749999999999990452e+00 -4.606617405408997001e-01
6.230825429619756051e+00 1.749999999999988676e+00 -4.487395310333353038e-01
6.335545184739416413e+00 1.749999999999988676e+00 -4.378961622574921719e-01
6.440264939859075888e+00 1.749999999999993117e+00 -4.283499135863655383e-01
6.544984694978735362e+00 1.749999999999986233e+00 -4.201918748132618120e-01
6.649704450098395725e+00 1.749999999999987121e+00 -4.133638850092014039e-01
6.754424205218055199e+00 1.749999999999988454e+00 -4.076662217238862240e-01
6.859143960337715562e+00 1.749999999999987566e+00 -4.027856320463056861e-01
6.963863715457375037e+00 1.749999999999988010e+00 -3.983492366675784879e-01
7.068583470577034511e+00 1.749999999999991562e+00 -3.939875920253692598e-01
7.173303225696694874e+00 1.749999999999987788e+00 -3.893836482015595735e-01
7.278022980816354348e+00 1.749999999999982458e+00 -3.843021184928003819e-01
7.382742735936013823e+00 1.749999999999991118e+00 -3.785825065430081793e-01
7.487462491055674185e+00 1.749999999999986011e+00 -3.721217875324089874e-01
7.592182246175332772e+00 1.749999999999988010e+00 -3.648645100338354652e-01
7.696902001294993134e+00 1.749999999999984901e+00 -3.568064390069904945e-01
7.801621756414652609e+00 1.749999999999980460e+00 -3.480065673728631737e-01
7.906341511534312083e+00 1.749999999999991562e+00 -3.386049171890084253e-01
8.011061266653973334e+00 1.749999999999986899e+00 -3.288197762116631395e-01
8.115781021773631920e+00 1.749999999999986455e+00 -3.189309703540690322e-01
8.220500776893292283e+00 1.749999999999979794e+00 -3.092436089711139147e-01
8.325220532012952646e+00 1.749999999999988010e+00 -3.000523917175232924e-01
8.429940287132611232e+00 1.749999999999982458e+00 -2.916065618217764666e-01
8.534660042252271595e+00 1.749999999999984457e+00 -2.840825934759436677e-01
8.639379797371930181e+00 1.749999999999974909e+00 -2.775692164905727566e-01
8.744099552491592320e+00 1.749999999999982903e+00 -2.720564055313143825e-01
8.848819307611250906e+00 1.749999999999979350e+00 -2.674373285147453316e-01
8.953539062730909492e+00 1.749999999999974021e+00 -2.635139020042966962e-01
9.058258817850569855e+00 1.749999999999983569e+00 -2.600212977173832485e-01
9.162978572970228441e+00 1.749999999999979350e+00 -2.566611349864427183e-01
9.267698328089890580e+00 1.749999999999983347e+00 -2.531355623670403787e-01
9.372418083209549167e+00 1.749999999999987343e+00 -2.492090198846881322e-01
9.477137838329209529e+00 1.749999999999986677e+00 -2.447450034367104621e-01
9.581857593448868116e+00 1.749999999999984013e+00 -2.397445162561329113e-01
9.686577348568528478e+00 1.749999999999996891e+00 -2.343557255343480250e-01
9.791297103688188841e+00 1.749999999999995337e+00 -2.288443463898115482e-01
9.896016858807849204e+00 1.750000000000015099e+00 -2.235359519658022265e-01
1.000073661392750779e+01 1.750000000000005773e+00 -2.187363764285752410e-01
1.010545636904716815e+01 1.750000000000004441e+00 -2.146473161422033371e-01
1.021017612416682674e+01 1.750000000000001998e+00 -2.113046083453617996e-01
1.031489587928648710e+01 1.750000000000014433e+00 -2.085530814923437504e-01
1.041961563440614746e+01 1.750000000000022204e+00 -2.060630084829995212e-01
1.052433538952580783e+01 1.750000000000025091e+00 -2.033760376836770689e-01
1.062905514464546641e+01 1.750000000000021982e+00 -2.000174152862204124e-01
1.073377489976512678e+01 1.750000000000032196e+00 -1.955952142829815443e-01
1.083849465488478536e+01 1.750000000000034861e+00 -1.899124517556192160e-01
1.094321441000444750e+01 1.750000000000040190e+00 -1.830336292138827758e-01
1.104793416512410609e+01 1.750000000000035527e+00 -1.752871772884905255e-01
1.115265392024376645e+01 1.750000000000039746e+00 -1.671802842254805910e-01
1.125737367536342504e+01 1.750000000000045297e+00 -1.592739449987892186e-01
1.136209343048308362e+01 1.750000000000043521e+00 -1.483729364885348900e-01
1.146681318560274576e+01 1.750000000000056177e+00 -1.419972301518477309e-01
1.157153294072240435e+01 1.750000000000044187e+00 -1.366217166789169823e-01
1.167625269584206471e+01 1.750000000000042411e+00 -1.320873662495269940e-01
1.178097245096172330e+01 1.750000000000048850e+00 -1.280776000476357979e-01
1.188569220608138366e+01 1.750000000000043077e+00 -1.241966967964476254e-01
1.199041196120104225e+01 1.750000000000047073e+00 -1.200223359454977157e-01
1.209513171632070438e+01 1.750000000000042855e+00 -1.151666252048890726e-01
1.219985147144036297e+01 1.750000000000030642e+00 -1.093397716708235379e-01
1.230457122656002333e+01 1.750000000000027978e+00 -1.024307220817650688e-01
1.240929098167968192e+01 1.750000000000037081e+00 -9.455631420532384368e-02
1.251401073679934228e+01 1.750000000000027534e+00 -8.607427752637875074e-02
1.261873049191900265e+01 1.750000000000030642e+00 -7.752701703341813300e-02
1.272345024703866301e+01 1.750000000000035749e+00 -6.951763964171142618e-02
1.282817000215832159e+01 1.750000000000029532e+00 -6.256843743398121660e-02
1.293288975727798196e+01 1.750000000000036859e+00 -5.700169829852441694e-02
1.303760951239764054e+01 1.750000000000040856e+00 -5.287371831501275210e-02
1.314232926751730268e+01 1.750000000000029310e+00 -4.998333414533107089e-02
1.324704902263696127e+01 1.750000000000037081e+00 -4.794847091628362534e-02
1.335176877775662163e+01 1.750000000000018874e+00 -4.628967972632480610e-02
1.345648853287628022e+01 1.750000000000026423e+00 -4.451182383450813518e-02
1.356120828799594058e+01 1.750000000000031308e+00 -4.215725610261067402e-02
1.366592804311559917e+01 1.750000000000014433e+00 -3.883090121564158892e-02
1.377064779823526131e+01 1.750000000000037748e+00 -3.423487198310048996e-02
1.387536755335491989e+01 1.750000000000012212e+00 -2.822757877982517982e-02
1.398008730847457848e+01 1.750000000000025535e+00 -2.087082557819464057e-02
1.408480706359423884e+01 1.750000000000021316e+00 -1.246203625235153822e-02
1.418952681871389743e+01 1.750000000000013989e+00 -3.529037157328218655e-03
1.429424657383355957e+01 1.750000000000021538e+00 5.243948717874147292e-03
1.439896632895321815e+01 1.750000000000025535e+00 1.312854236738836278e-02
1.450368608407287851e+01 1.750000000000019762e+00 1.948903517617850412e-02
1.460840583919253710e+01 1.750000000000006661e+00 2.390042682421267273e-02
1.471312559431219746e+01 1.750000000000019762e+00 2.622834176805177719e-02
1.481784534943185783e+01 1.750000000000010436e+00 2.662708837737959300e-02
1.492256510455151819e+01 1.750000000000022427e+00 2.549406429128353579e-02
1.502728485967117678e+01 1.750000000000018430e+00 2.339354539759241902e-02
1.513200461479083714e+01 1.750000000000021538e+00 2.096995999643525010e-02
1.523672436991049572e+01 1.750000000000024425e+00 1.890545693544076755e-02
1.534144412503015609e+01 1.750000000000010880e+00 1.783265265522793186e-02
1.544616388014981645e+01 1.750000000000021094e+00 1.829254359251208939e-02
1.555088363526947681e+01 1.750000000000007550e+00 2.065013103300294972e-02
1.565560339038913540e+01 1.750000000000016653e+00 2.502307921113988698e-02
1.576032314550879576e+01 1.750000000000025757e+00 3.124381546811783039e-02
1.586504290062845435e+01 1.750000000000018430e+00 3.886706125082994845e-02
1.596976265574811649e+01 1.750000000000017764e+00 4.725693926717688953e-02
1.607448241086777685e+01 1.750000000000013989e+00 5.570723454490433824e-02
1.617920216598743366e+01 1.750000000000022204e+00 6.357356912641520807e-02
1.628392192110709402e+01 1.750000000000006661e+00 7.037586418191210669e-02
1.638864167622675438e+01 1.750000000000026645e+00 7.586036912139704214e-02
1.649336143134641475e+01 1.750000000000006217e+00 7.999601336991446487e-02
1.659808118646607511e+01 1.750000000000023315e+00 8.293740746590927415e-02
1.670280094158573192e+01 1.750000000000015543e+00 8.497650728755701266e-02
1.680752069670539228e+01 1.750000000000014433e+00 8.648563110422458067e-02
1.691224045182505265e+01 1.750000000000022649e+00 8.788448534905413112e-02
1.701696020694471301e+01 1.750000000000021094e+00 8.961653645020106751e-02
1.712167996206437337e+01 1.750000000000025535e+00 9.210071297042432548e-02
1.722639971718403373e+01 1.750000000000024203e+00 9.565915834426164110e-02
1.733111947230369054e+01 1.750000000000014877e+00 1.004459111658206893e-01
1.743583922742335091e+01 1.750000000000019096e+00 1.063850572253421944e-01
1.754055898254301127e+01 1.750000000000015543e+00 1.131714406989345889e-01
1.764527873766267163e+01 1.750000000000011990e+00 1.203365226122983245e-01
1.774999849278232844e+01 1.750000000000017319e+00 1.273570756960609174e-01
1.785471824790198880e+01 1.750000000000013101e+00 1.337774149539647794e-01
1.795943800302165272e+01 1.750000000000015987e+00 1.393106326228377156e-01
1.806415775814131308e+01 1.750000000000021094e+00 1.438785606467796185e-01
1.816887751326096989e+01 1.750000000000023759e+00 1.475930189246739133e-01
1.827359726838063025e+01 1.750000000000024869e+00 1.507086380712081564e-01
1.837831702350029062e+01 1.750000000000027089e+00 1.535522957505115471e-01
1.848303677861995098e+01 1.750000000000021316e+00 1.564691047538531166e-01
1.858775653373960779e+01 1.750000000000023093e+00 1.597725502910449791e-01
1.869247628885926815e+01 1.750000000000036637e+00 1.637032882153626190e-01
1.879719604397892851e+01 1.750000000000029754e+00 1.683694248898106594e-01
