5.235987755982988295e-02 1.344999999999922702e+00 -1.666114024151450224e+01
1.570796326794896558e-01 1.344999999999989093e+00 -5.683090929601535279e+00
2.617993877991494078e-01 1.344999999999996421e+00 -3.560283210095640971e+00
3.665191429188092154e-01 1.344999999999997309e+00 -2.696466366142097559e+00
4.712388980384689674e-01 1.344999999999998419e+00 -2.244442185751435836e+00
5.759586531581286639e-01 1.344999999999999973e+00 -1.969091440425389861e+00
6.806784082777885825e-01 1.345000000000001306e+00 -1.776405743475096610e+00
7.853981633974481680e-01 1.345000000000001750e+00 -1.622155271590684844e+00
8.901179185171080865e-01 1.345000000000001306e+00 -1.487045243202661959e+00
9.948376736367677831e-01 1.345000000000000417e+00 -1.365963050441355797e+00
1.099557428756427591e+00 1.344999999999999751e+00 -1.259834325072889172e+00
1.204277183876087287e+00 1.344999999999999529e+00 -1.170104735670119744e+00
1.308996938995747206e+00 1.344999999999999085e+00 -1.096596764800096935e+00
1.413716694115406902e+00 1.344999999999999529e+00 -1.037477029791111782e+00
1.518436449235066821e+00 1.345000000000001084e+00 -9.894857096451565859e-01
1.623156204354726295e+00 1.345000000000002194e+00 -9.478694743839208847e-01
1.727875959474386214e+00 1.345000000000002194e+00 -9.073360570687813986e-01
1.832595714594045910e+00 1.345000000000001750e+00 -8.644386230048548558e-01
1.937315469713705829e+00 1.345000000000001528e+00 -8.193943007525184008e-01
2.042035224833365525e+00 1.344999999999999307e+00 -7.754141779171161986e-01
2.146754979953025000e+00 1.344999999999998641e+00 -7.362342298365796012e-01
2.251474735072684918e+00 1.344999999999997087e+00 -7.038093288796716251e-01
2.356194490192344837e+00 1.344999999999996865e+00 -6.773982113715626419e-01
2.460914245312004756e+00 1.344999999999999307e+00 -6.542779519266188615e-01
2.565634000431664230e+00 1.345000000000001306e+00 -6.317604178185662889e-01
2.670353755551324149e+00 1.345000000000003304e+00 -6.091930246751249278e-01
2.775073510670984067e+00 1.345000000000003082e+00 -5.883130624401360365e-01
2.879793265790643986e+00 1.345000000000002638e+00 -5.716607959357347113e-01
2.984513020910303460e+00 1.345000000000000639e+00 -5.603628822653119457e-01
3.089232776029963379e+00 1.344999999999999085e+00 -5.530845250584550676e-01
3.193952531149622853e+00 1.344999999999998419e+00 -5.466687414893307562e-01
3.298672286269282772e+00 1.344999999999997531e+00 -5.374032569901210366e-01
3.403392041388942246e+00 1.344999999999997087e+00 -5.224679868748891565e-01
3.508111796508602165e+00 1.344999999999999085e+00 -5.016019295044222837e-01
3.612831551628262083e+00 1.344999999999999085e+00 -4.778622934658867116e-01
3.717551306747922002e+00 1.345000000000000639e+00 -4.562794456777692353e-01
3.822271061867581476e+00 1.345000000000001306e+00 -4.410926113103723623e-01
3.926990816987241395e+00 1.344999999999999307e+00 -4.338086903938513927e-01
4.031710572106900869e+00 1.344999999999997975e+00 -4.331501046693357893e-01
4.136430327226561232e+00 1.344999999999995755e+00 -4.356615702495574283e-01
4.241150082346220707e+00 1.344999999999995977e+00 -4.361985271262041053e-01
4.345869837465881069e+00 1.344999999999997309e+00 -4.294661395202750143e-01
4.450589592585540544e+00 1.344999999999997087e+00 -4.130781071951323824e-01
4.555309347705200018e+00 1.344999999999997087e+00 -3.895732285059771982e-01
4.660029102824860381e+00 1.344999999999999085e+00 -3.649584056846988389e-01
4.764748857944519855e+00 1.344999999999997753e+00 -3.451870919150712425e-01
4.869468613064179330e+00 1.344999999999998419e+00 -3.334565490737118054e-01
4.974188368183839692e+00 1.344999999999996865e+00 -3.295462911396676020e-01
5.078908123303498279e+00 1.344999999999995755e+00 -3.303280163564661365e-01
5.183627878423158641e+00 1.344999999999993978e+00 -3.309845878126580487e-01
5.288347633542818116e+00 1.344999999999997753e+00 -3.271550666274221086e-01
5.393067388662477590e+00 1.344999999999997753e+00 -3.172782870341732675e-01
5.497787143782137953e+00 1.345000000000000195e+00 -3.034614398577462069e-01
5.602506898901797427e+00 1.344999999999997753e+00 -2.901168072614739302e-01
5.707226654021456902e+00 1.344999999999999085e+00 -2.814226870906688660e-01
5.811946409141117265e+00 1.344999999999995310e+00 -2.792318646403035842e-01
5.916666164260776739e+00 1.344999999999995088e+00 -2.822541504465299056e-01
6.021385919380437102e+00 1.344999999999998641e+00 -2.865777392925688005e-01
6.126105674500096576e+00 1.345000000000002638e+00 -2.874323337359072639e-01
6.230825429619756051e+00 1.344999999999998863e+00 -2.816808646268542660e-01
6.335545184739416413e+00 1.345000000000002194e+00 -2.700864591970306705e-01
6.440264939859075888e+00 1.344999999999998641e+00 -2.573290220924908667e-01
6.544984694978735362e+00 1.345000000000000862e+00 -2.490199360767588743e-01
6.649704450098395725e+00 1.345000000000003304e+00 -2.479334483187249916e-01
6.754424205218055199e+00 1.344999999999996199e+00 -2.522686361266082145e-01
6.859143960337715562e+00 1.345000000000000195e+00 -2.568199630340970430e-01
6.963863715457375037e+00 1.344999999999998863e+00 -2.559506715428803147e-01
7.068583470577034511e+00 1.345000000000002416e+00 -2.465475252814135487e-01
7.173303225696694874e+00 1.345000000000002416e+00 -2.295257374625174762e-01
7.278022980816354348e+00 1.344999999999997975e+00 -2.092580025192845028e-01
7.382742735936013823e+00 1.345000000000002638e+00 -1.914124222149373722e-01
7.487462491055674185e+00 1.345000000000001306e+00 -1.806138365600205020e-01
7.592182246175332772e+00 1.344999999999990870e+00 -1.788386073055576730e-01
7.696902001294993134e+00 1.345000000000000639e+00 -1.850178231501002912e-01
7.801621756414652609e+00 1.344999999999998419e+00 -1.957372237163559348e-01
7.906341511534312083e+00 1.344999999999990425e+00 -2.063459782339558402e-01
8.011061266653973334e+00 1.344999999999993756e+00 -2.124597478296372799e-01
8.115781021773631920e+00 1.344999999999997309e+00 -2.116101057999060231e-01
8.220500776893292283e+00 1.344999999999995977e+00 -2.039153533340680724e-01
8.325220532012952646e+00 1.345000000000001972e+00 -1.914727501115010000e-01
8.429940287132611232e+00 1.344999999999996421e+00 -1.772307790408920170e-01
8.534660042252271595e+00 1.344999999999995310e+00 -1.641157858983710582e-01
8.639379797371930181e+00 1.344999999999981100e+00 -1.542999672204743433e-01
8.744099552491592320e+00 1.344999999999991758e+00 -1.483603714554639907e-01
8.848819307611250906e+00 1.344999999999995755e+00 -1.451522671656597652e-01
8.953539062730909492e+00 1.344999999999990647e+00 -1.428632427712397401e-01
9.058258817850569855e+00 1.344999999999988649e+00 -1.403246740802330805e-01
9.162978572970228441e+00 1.344999999999993534e+00 -1.375427451515349730e-01
9.267698328089890580e+00 1.344999999999987761e+00 -1.351340428629885793e-01
9.372418083209549167e+00 1.344999999999997309e+00 -1.335175746238874694e-01
9.477137838329209529e+00 1.344999999999987095e+00 -1.326909974451400132e-01
9.581857593448868116e+00 1.344999999999988427e+00 -1.322001917660067249e-01
9.686577348568528478e+00 1.344999999999997531e+00 -1.308288670698924960e-01
9.791297103688188841e+00 1.345000000000013296e+00 -1.269807343252633558e-01
9.896016858807849204e+00 1.345000000000011298e+00 -1.201569218000813066e-01
1.000073661392750779e+01 1.345000000000023954e+00 -1.118835774526836246e-01
1.010545636904716815e+01 1.345000000000016405e+00 -1.047676031925615092e-01
1.021017612416682674e+01 1.345000000000017737e+00 -1.010463329010793387e-01
1.031489587928648710e+01 1.345000000000033724e+00 -1.019744442818772967e-01
1.041961563440614746e+01 1.345000000000031504e+00 -1.074929969786424522e-01
1.052433538952580783e+01 1.345000000000028173e+00 -1.157951492072282207e-01
1.062905514464546641e+01 1.345000000000040163e+00 -1.234126427914663537e-01
1.073377489976512678e+01 1.345000000000033280e+00 -1.264463427099666859e-01
1.083849465488478536e+01 1.345000000000042384e+00 -1.224514726304857248e-01
1.094321441000444750e+01 1.345000000000053264e+00 -1.117160453896737238e-01
1.104793416512410609e+01 1.345000000000054596e+00 -9.713475973021523657e-02
1.115265392024376645e+01 1.345000000000047713e+00 -8.304149268830052222e-02
1.125737367536342504e+01 1.345000000000049045e+00 -7.351371430093678327e-02
1.136209343048308362e+01 1.345000000000062146e+00 -6.688380346403377530e-02
1.146681318560274576e+01 1.345000000000052820e+00 -6.917819616555753726e-02
1.157153294072240435e+01 1.345000000000054596e+00 -7.282068131634744645e-02
1.167625269584206471e+01 1.345000000000045937e+00 -7.338157207896500722e-02
1.178097245096172330e+01 1.345000000000067253e+00 -6.842794738654234266e-02
1.188569220608138366e+01 1.345000000000053708e+00 -5.840232447341620059e-02
1.199041196120104225e+01 1.345000000000054374e+00 -4.627953315753963182e-02
1.209513171632070438e+01 1.345000000000056817e+00 -3.671282461284519627e-02
1.219985147144036297e+01 1.345000000000051266e+00 -3.411108965431886020e-02
1.230457122656002333e+01 1.345000000000036167e+00 -3.998549590799171938e-02
1.240929098167968192e+01 1.345000000000048823e+00 -5.176044424919368225e-02
1.251401073679934228e+01 1.345000000000044382e+00 -6.425929683719999730e-02
1.261873049191900265e+01 1.345000000000019957e+00 -7.240831786440793394e-02
1.272345024703866301e+01 1.345000000000038609e+00 -7.327251976373716502e-02
1.282817000215832159e+01 1.345000000000043272e+00 -6.691689060103023223e-02
1.293288975727798196e+01 1.345000000000032392e+00 -5.610598986418580125e-02
1.303760951239764054e+01 1.345000000000031060e+00 -4.487273765258414926e-02
1.314232926751730268e+01 1.345000000000041052e+00 -3.662215715364958157e-02
1.324704902263696127e+01 1.345000000000029505e+00 -3.281768552320407650e-02
1.335176877775662163e+01 1.345000000000043716e+00 -3.280701675804920114e-02
1.345648853287628022e+01 1.345000000000038387e+00 -3.479581091645478352e-02
1.356120828799594058e+01 1.345000000000035500e+00 -3.712637608744984163e-02
1.366592804311559917e+01 1.345000000000033502e+00 -3.874462092718466977e-02
1.377064779823526131e+01 1.345000000000042828e+00 -3.892271254439805261e-02
1.387536755335491989e+01 1.345000000000022622e+00 -3.720224099810565122e-02
1.398008730847457848e+01 1.345000000000029949e+00 -3.354933009035399039e-02
1.408480706359423884e+01 1.345000000000036833e+00 -2.817287909237897736e-02
1.418952681871389743e+01 1.345000000000013518e+00 -2.126596291706306374e-02
1.429424657383355957e+01 1.345000000000023510e+00 -1.309500856567780147e-02
1.439896632895321815e+01 1.345000000000035278e+00 -4.101949640562096988e-03
1.450368608407287851e+01 1.345000000000024398e+00 5.209252624986504543e-03
1.460840583919253710e+01 1.345000000000037277e+00 1.409536121063226233e-02
1.471312559431219746e+01 1.345000000000026619e+00 2.133116646449728648e-02
1.481784534943185783e+01 1.345000000000041496e+00 2.557113250249898329e-02
1.492256510455151819e+01 1.345000000000032614e+00 2.618200943199511244e-02
1.502728485967117678e+01 1.345000000000029949e+00 2.385745476677847421e-02
1.513200461479083714e+01 1.345000000000033502e+00 2.042906641710473536e-02
1.523672436991049572e+01 1.345000000000026397e+00 1.814970441421870362e-02
1.534144412503015609e+01 1.345000000000039275e+00 1.881183759982185677e-02
1.544616388014981645e+01 1.345000000000028839e+00 2.304665214766643544e-02
1.555088363526947681e+01 1.345000000000043938e+00 3.016730677193635302e-02
1.565560339038913540e+01 1.345000000000024398e+00 3.881003104449121111e-02
1.576032314550879576e+01 1.345000000000031282e+00 4.776521817196766051e-02
1.586504290062845435e+01 1.345000000000024398e+00 5.632047096235304195e-02
1.596976265574811649e+01 1.345000000000010631e+00 6.401125358471659865e-02
1.607448241086777685e+01 1.345000000000041718e+00 7.044160789067532846e-02
1.617920216598743366e+01 1.345000000000023288e+00 7.538533012269965639e-02
1.628392192110709402e+01 1.345000000000018403e+00 7.868601368761218851e-02
1.638864167622675438e+01 1.345000000000033058e+00 8.017449424258416002e-02
1.649336143134641475e+01 1.345000000000036389e+00 7.990813433872645533e-02
1.659808118646607511e+01 1.345000000000032170e+00 7.833209826168285872e-02
1.670280094158573192e+01 1.345000000000040608e+00 7.613011855634255198e-02
1.680752069670539228e+01 1.345000000000038831e+00 7.427084152067564560e-02
1.691224045182505265e+01 1.345000000000024176e+00 7.424873348224991787e-02
1.701696020694471301e+01 1.345000000000034834e+00 7.764483356671902925e-02
1.712167996206437337e+01 1.345000000000019291e+00 8.497389195829541109e-02
1.722639971718403373e+01 1.345000000000021734e+00 9.485444443168944417e-02
1.733111947230369054e+01 1.345000000000034834e+00 1.042423901354574411e-01
1.743583922742335091e+01 1.345000000000031060e+00 1.096457407204525225e-01
1.754055898254301127e+01 1.345000000000011520e+00 1.087602275794381512e-01
1.764527873766267163e+01 1.345000000000028839e+00 1.016304339706799453e-01
1.774999849278232844e+01 1.345000000000033946e+00 9.084460291287399514e-02
1.785471824790198880e+01 1.345000000000019735e+00 8.077795296953738102e-02
1.795943800302165272e+01 1.345000000000029949e+00 7.584099302126645625e-02
1.806415775814131308e+01 1.345000000000045715e+00 7.815005679843167741e-02
1.816887751326096989e+01 1.345000000000047935e+00 8.629514860126974440e-02
1.827359726838063025e+01 1.345000000000031060e+00 9.646307473708404245e-02
1.837831702350029062e+01 1.345000000000039941e+00 1.047616483265620957e-01
1.848303677861995098e+01 1.345000000000023732e+00 1.088040636610685397e-01
1.858775653373960779e+01 1.345000000000037721e+00 1.083249558943144564e-01
1.869247628885926815e+01 1.345000000000039941e+00 1.053755086633785254e-01
1.879719604397892851e+01 1.345000000000045492e+00 1.035584453236531033e-01
