5.235987755982988295e-02 1.224999999999999423e+00 -6.629260735660224002e-01
1.570796326794896558e-01 1.224999999999998312e+00 -1.198517347306439440e+00
2.617993877991494078e-01 1.224999999999998979e+00 -1.360146675914990499e+00
3.665191429188092154e-01 1.224999999999998979e+00 -1.307284615739535028e+00
4.712388980384689674e-01 1.224999999999998979e+00 -1.340315256833649826e+00
5.759586531581286639e-01 1.224999999999998979e+00 -1.256594354400960789e+00
6.806784082777885825e-01 1.224999999999998979e+00 -1.162069125833621541e+00
7.853981633974481680e-01 1.224999999999998757e+00 -1.155597264802511681e+00
8.901179185171080865e-01 1.224999999999998757e+00 -1.029770326768788102e+00
9.948376736367677831e-01 1.224999999999999201e+00 -9.734103642743878737e-01
1.099557428756427591e+00 1.224999999999998312e+00 -9.892728246363167166e-01
1.204277183876087287e+00 1.224999999999998535e+00 -9.338572875530011252e-01
1.308996938995747206e+00 1.224999999999998535e+00 -8.612893970038788538e-01
1.413716694115406902e+00 1.224999999999998757e+00 -8.118065952317521372e-01
1.518436449235066821e+00 1.224999999999998757e+00 -7.693496918166347065e-01
1.623156204354726295e+00 1.224999999999998535e+00 -7.448472161587442741e-01
1.727875959474386214e+00 1.224999999999998312e+00 -6.844049556800382295e-01
1.832595714594045910e+00 1.224999999999998312e+00 -6.859190567372872582e-01
1.937315469713705829e+00 1.224999999999998312e+00 -6.213554456897973921e-01
2.042035224833365525e+00 1.224999999999997646e+00 -6.178940402784576236e-01
2.146754979953025000e+00 1.224999999999998312e+00 -6.198539790722166209e-01
2.251474735072684918e+00 1.224999999999998535e+00 -5.743486428169806146e-01
2.356194490192344837e+00 1.224999999999996980e+00 -5.656467247520549080e-01
2.460914245312004756e+00 1.224999999999997868e+00 -5.855268630089303095e-01
2.565634000431664230e+00 1.224999999999998090e+00 -5.135417926645637898e-01
2.670353755551324149e+00 1.224999999999999645e+00 -4.930000482620893187e-01
2.775073510670984067e+00 1.224999999999998979e+00 -4.995659488550483474e-01
2.879793265790643986e+00 1.224999999999998090e+00 -4.598593877841516964e-01
2.984513020910303460e+00 1.224999999999997424e+00 -4.399998760227790129e-01
3.089232776029963379e+00 1.224999999999999867e+00 -4.535642890413638106e-01
3.193952531149622853e+00 1.224999999999998090e+00 -4.322317408803644234e-01
3.298672286269282772e+00 1.224999999999997646e+00 -4.061837553915697008e-01
3.403392041388942246e+00 1.224999999999997202e+00 -3.913869706024981632e-01
3.508111796508602165e+00 1.224999999999996536e+00 -3.735080679343951715e-01
3.612831551628262083e+00 1.224999999999995204e+00 -3.416281162518051140e-01
3.717551306747922002e+00 1.224999999999995426e+00 -3.732987843844024489e-01
3.822271061867581476e+00 1.224999999999995204e+00 -3.380805344340274132e-01
3.926990816987241395e+00 1.224999999999994760e+00 -3.162948138395265119e-01
4.031710572106900869e+00 1.224999999999992539e+00 -3.274814456142607355e-01
4.136430327226561232e+00 1.224999999999989875e+00 -3.626145783240275478e-01
4.241150082346220707e+00 1.224999999999991873e+00 -3.011700847864187125e-01
4.345869837465881069e+00 1.224999999999992095e+00 -3.226433119880711686e-01
4.450589592585540544e+00 1.224999999999995870e+00 -3.139177175699776612e-01
4.555309347705200018e+00 1.224999999999992983e+00 -2.760572884946785877e-01
4.660029102824860381e+00 1.224999999999992761e+00 -2.804944862823717244e-01
4.764748857944519855e+00 1.224999999999991873e+00 -2.625686705396841347e-01
4.869468613064179330e+00 1.224999999999990097e+00 -2.752917854078322790e-01
4.974188368183839692e+00 1.224999999999992761e+00 -2.547489782934908575e-01
5.078908123303498279e+00 1.224999999999984990e+00 -2.694555548638675191e-01
5.183627878423158641e+00 1.224999999999985434e+00 -2.699946526858303386e-01
5.288347633542818116e+00 1.224999999999992761e+00 -2.485434113922977417e-01
5.393067388662477590e+00 1.224999999999988542e+00 -2.902318586184637894e-01
5.497787143782137953e+00 1.224999999999992761e+00 -2.440298089978956142e-01
5.602506898901797427e+00 1.224999999999990763e+00 -2.306587365984702487e-01
5.707226654021456902e+00 1.224999999999987654e+00 -2.577143175123355334e-01
5.811946409141117265e+00 1.224999999999986544e+00 -2.646826304293750098e-01
5.916666164260776739e+00 1.224999999999988765e+00 -2.681263461696703487e-01
6.021385919380437102e+00 1.224999999999987210e+00 -1.916863601901486192e-01
6.126105674500096576e+00 1.224999999999990985e+00 -2.476182343204360592e-01
6.230825429619756051e+00 1.224999999999989875e+00 -2.186808231326651253e-01
6.335545184739416413e+00 1.224999999999984990e+00 -2.150928499083999412e-01
6.440264939859075888e+00 1.224999999999983213e+00 -1.875562478696171098e-01
6.544984694978735362e+00 1.224999999999979217e+00 -1.678767910762868354e-01
6.649704450098395725e+00 1.224999999999995870e+00 -2.284381407013693632e-01
6.754424205218055199e+00 1.224999999999991429e+00 -2.306509315582987441e-01
6.859143960337715562e+00 1.224999999999987654e+00 -2.255811486154248868e-01
6.963863715457375037e+00 1.224999999999983658e+00 -2.177618339322906493e-01
7.068583470577034511e+00 1.224999999999996092e+00 -2.050987938371902075e-01
7.173303225696694874e+00 1.224999999999991207e+00 -1.992706129772443546e-01
7.278022980816354348e+00 1.224999999999991873e+00 -1.507209472412878171e-01
7.382742735936013823e+00 1.224999999999984324e+00 -1.557795400963799537e-01
7.487462491055674185e+00 1.224999999999994982e+00 -2.339911145038229279e-01
7.592182246175332772e+00 1.224999999999966560e+00 -1.608466589269479385e-01
7.696902001294993134e+00 1.224999999999982325e+00 -1.531977366898225057e-01
7.801621756414652609e+00 1.224999999999983658e+00 -1.707861569348683162e-01
7.906341511534312083e+00 1.224999999999984768e+00 -1.505071039606731276e-01
8.011061266653973334e+00 1.224999999999980327e+00 -1.244304787765670994e-01
8.115781021773631920e+00 1.224999999999992539e+00 -1.854413706150843666e-01
8.220500776893292283e+00 1.224999999999984546e+00 -1.919423894985428092e-01
8.325220532012952646e+00 1.224999999999987210e+00 -1.451273892317406222e-01
8.429940287132611232e+00 1.225000000000002309e+00 -1.528743119877571388e-01
8.534660042252271595e+00 1.224999999999970335e+00 -1.547289404543636948e-01
8.639379797371930181e+00 1.224999999999946354e+00 -1.693191713649717656e-01
8.744099552491592320e+00 1.224999999999954792e+00 -1.469593442349967916e-01
8.848819307611250906e+00 1.224999999999979661e+00 -1.458481168889047552e-01
8.953539062730909492e+00 1.224999999999956568e+00 -8.777053396071288205e-02
9.058258817850569855e+00 1.224999999999951461e+00 -1.319393007316413957e-01
9.162978572970228441e+00 1.224999999999965228e+00 -1.499687595736958201e-01
9.267698328089890580e+00 1.224999999999982103e+00 -1.129494617359139141e-01
9.372418083209549167e+00 1.224999999999987876e+00 -1.411680501514052111e-01
9.477137838329209529e+00 1.224999999999960787e+00 -1.481976195131249341e-01
9.581857593448868116e+00 1.224999999999983880e+00 -1.090642506058188133e-01
9.686577348568528478e+00 1.224999999999979883e+00 -1.219123881509460716e-01
9.791297103688188841e+00 1.224999999999998535e+00 -8.443426228633121866e-02
9.896016858807849204e+00 1.225000000000007194e+00 -1.079142218654496332e-01
1.000073661392750779e+01 1.225000000000032063e+00 -9.542003069084614708e-02
1.010545636904716815e+01 1.224999999999971223e+00 -8.107605929665595568e-02
1.021017612416682674e+01 1.224999999999970335e+00 -1.215481712039796491e-01
1.031489587928648710e+01 1.225000000000006972e+00 -7.971412129402111191e-02
1.041961563440614746e+01 1.224999999999988542e+00 -1.452506241347979454e-01
1.052433538952580783e+01 1.224999999999996758e+00 -1.119373999410520071e-01
1.062905514464546641e+01 1.224999999999992317e+00 -6.597806160100283535e-02
1.073377489976512678e+01 1.225000000000020961e+00 -8.913787357953140145e-02
1.083849465488478536e+01 1.225000000000013856e+00 -1.058648587390429441e-01
1.094321441000444750e+01 1.225000000000008749e+00 -1.103905543119374499e-01
1.104793416512410609e+01 1.225000000000034728e+00 -9.040193298287313439e-02
1.115265392024376645e+01 1.225000000000003864e+00 -9.329394380440625412e-02
1.125737367536342504e+01 1.225000000000026068e+00 -8.555503122455299092e-02
1.136209343048308362e+01 1.225000000000027844e+00 -6.969994133647006151e-02
1.146681318560274576e+01 1.225000000000016076e+00 -1.233914581655071174e-01
1.157153294072240435e+01 1.225000000000031397e+00 -7.257935371281298842e-02
1.167625269584206471e+01 1.225000000000038503e+00 -9.508970151047613228e-02
1.178097245096172330e+01 1.225000000000030731e+00 -2.755342886720590911e-02
1.188569220608138366e+01 1.225000000000033173e+00 -7.139513579691580958e-02
1.199041196120104225e+01 1.225000000000015410e+00 -5.226713959687501188e-02
1.209513171632070438e+01 1.224999999999998979e+00 -3.839404525065859275e-02
1.219985147144036297e+01 1.224999999999980771e+00 -8.391766010262990960e-02
1.230457122656002333e+01 1.225000000000007860e+00 -5.342142090988311054e-02
1.240929098167968192e+01 1.225000000000010747e+00 -6.007977178310142108e-02
1.251401073679934228e+01 1.224999999999985878e+00 -2.229199409828197531e-02
1.261873049191900265e+01 1.224999999999933920e+00 -1.082446036696183000e-02
1.272345024703866301e+01 1.224999999999975442e+00 -5.143293381117075569e-03
1.282817000215832159e+01 1.225000000000028733e+00 -5.368978130906754132e-02
1.293288975727798196e+01 1.225000000000004308e+00 -3.728464566641420674e-02
1.303760951239764054e+01 1.224999999999993205e+00 -2.689222077591146842e-02
1.314232926751730268e+01 1.225000000000027622e+00 -2.228385420761647140e-02
1.324704902263696127e+01 1.224999999999990985e+00 -3.878302674980105280e-02
1.335176877775662163e+01 1.225000000000021627e+00 -1.567250410330878196e-02
1.345648853287628022e+01 1.225000000000013189e+00 2.577313478322906803e-03
1.356120828799594058e+01 1.225000000000004086e+00 -5.043288129327727631e-02
1.366592804311559917e+01 1.224999999999998535e+00 -3.502327858990916809e-02
1.377064779823526131e+01 1.225000000000029843e+00 -2.618271900308499767e-02
1.387536755335491989e+01 1.224999999999992539e+00 -6.136993335891638424e-02
1.398008730847457848e+01 1.225000000000005418e+00 -1.495679816315309552e-02
1.408480706359423884e+01 1.225000000000019407e+00 2.627020768127685812e-02
1.418952681871389743e+01 1.224999999999988765e+00 -8.028684327486601546e-03
1.429424657383355957e+01 1.224999999999984990e+00 3.017981658580026760e-03
1.439896632895321815e+01 1.225000000000030509e+00 1.190822511874678469e-02
1.450368608407287851e+01 1.224999999999978106e+00 8.207071997377468620e-02
1.460840583919253710e+01 1.225000000000022071e+00 -2.994506938762775405e-02
1.471312559431219746e+01 1.225000000000010969e+00 2.531749581859443765e-02
1.481784534943185783e+01 1.225000000000016076e+00 3.160336466843638448e-02
1.492256510455151819e+01 1.225000000000034062e+00 1.209063928545006661e-02
1.502728485967117678e+01 1.225000000000005418e+00 2.056259050709385861e-03
1.513200461479083714e+01 1.225000000000008971e+00 4.212874002222655179e-02
1.523672436991049572e+01 1.225000000000034728e+00 3.218351114313655614e-02
1.534144412503015609e+01 1.225000000000011635e+00 1.284904659071806066e-02
1.544616388014981645e+01 1.225000000000011413e+00 1.915727015439472325e-02
1.555088363526947681e+01 1.225000000000020295e+00 7.286537309801843776e-02
1.565560339038913540e+01 1.224999999999972777e+00 -3.639679953918850686e-02
1.576032314550879576e+01 1.225000000000032285e+00 3.231492224563403681e-02
1.586504290062845435e+01 1.224999999999988098e+00 4.092028724939034134e-02
1.596976265574811649e+01 1.224999999999983880e+00 5.151828325536556008e-02
1.607448241086777685e+01 1.225000000000017408e+00 1.885140052318234893e-02
1.617920216598743366e+01 1.225000000000004086e+00 5.797692742745397254e-02
1.628392192110709402e+01 1.224999999999991651e+00 1.010267508648574619e-01
1.638864167622675438e+01 1.225000000000012745e+00 6.831760806516484763e-02
1.649336143134641475e+01 1.224999999999984768e+00 7.643048278236008741e-02
1.659808118646607511e+01 1.225000000000004308e+00 9.045945920106035487e-02
1.670280094158573192e+01 1.225000000000012301e+00 4.190371069525156145e-02
1.680752069670539228e+01 1.225000000000010303e+00 5.868636744246913395e-02
1.691224045182505265e+01 1.224999999999986322e+00 7.961092925505397488e-02
1.701696020694471301e+01 1.225000000000031397e+00 6.477783063314745959e-02
1.712167996206437337e+01 1.224999999999987210e+00 6.893276232706924134e-02
1.722639971718403373e+01 1.225000000000003864e+00 7.818718910462152394e-02
1.733111947230369054e+01 1.225000000000023404e+00 9.267516469912351340e-02
1.743583922742335091e+01 1.224999999999967226e+00 4.996056635194179307e-02
1.754055898254301127e+01 1.224999999999931477e+00 5.514548845948041844e-02
1.764527873766267163e+01 1.224999999999979439e+00 6.534923882348664392e-02
1.774999849278232844e+01 1.225000000000001199e+00 9.794967634173090687e-02
1.785471824790198880e+01 1.225000000000004752e+00 9.220720488579559060e-02
1.795943800302165272e+01 1.224999999999979883e+00 1.179824641478113278e-01
1.806415775814131308e+01 1.224999999999982991e+00 7.955002280373690837e-02
1.816887751326096989e+01 1.224999999999993205e+00 9.131564925004198585e-02
1.827359726838063025e+01 1.225000000000020073e+00 1.071890720143571230e-01
1.837831702350029062e+01 1.225000000000016298e+00 7.091813768951382713e-02
1.848303677861995098e+01 1.225000000000011191e+00 1.265133547404140302e-01
1.858775653373960779e+01 1.225000000000016964e+00 1.081179380327732531e-01
1.869247628885926815e+01 1.225000000000005418e+00 1.489184241872223424e-01
1.879719604397892851e+01 1.225000000000012745e+00 1.058294539315909333e-01
