7.853981633974482790e-02 7.459310946700270506e-16 -1.938180771011779879e-01
2.356194490192344837e-01 -4.076600168545496672e-16 -4.133482685153783698e-01
3.926990816987241395e-01 -4.458239333260394233e-16 -4.717529144148996378e-01
5.497787143782137953e-01 -5.169475958410885141e-16 -4.912057884533587715e-01
7.068583470577034511e-01 -2.411265631607761861e-16 -5.069789928200791884e-01
8.639379797371929959e-01 -4.961309141293668290e-16 -5.036426389518796620e-01
1.021017612416682763e+00 -4.996003610813204432e-16 -4.768689128758506479e-01
1.178097245096172418e+00 -2.411265631607761861e-16 -4.559159714391244345e-01
1.335176877775662074e+00 -3.408731630294425941e-16 -4.449954764243897465e-01
1.492256510455151730e+00 -5.160802341031001106e-16 -4.340068980935886667e-01
1.649336143134641386e+00 -5.238864897449957425e-16 -4.141247843486846048e-01
1.806415775814131042e+00 -4.198030811863873168e-16 -3.916108243761974861e-01
1.963495408493620697e+00 -2.281161370909501329e-16 -3.754503987767219830e-01
2.120575041173110353e+00 -3.937822290467352104e-16 -3.589061215022694151e-01
2.277654673852600009e+00 -3.634245682171410863e-16 -3.440400061845610424e-01
2.434734306532089665e+00 -4.683753385137379155e-16 -3.310193238163893770e-01
2.591813939211579321e+00 -2.177077962350892903e-16 -3.185787383247361548e-01
2.748893571891068976e+00 -1.691355389077386917e-16 -3.063456029211958920e-01
2.905973204570558632e+00 -1.457167719820517959e-16 -2.919820958157829383e-01
3.063052837250048288e+00 -9.454242944073598665e-17 -2.802644083114821383e-01
3.220132469929537500e+00 -9.714451465470119729e-17 -2.708220512602909635e-01
3.377212102609027600e+00 -1.283695372222837250e-16 -2.623072080161522601e-01
3.534291735288517255e+00 -7.285838599102589797e-17 -2.522517867051926599e-01
3.691371367968007355e+00 -3.295974604355933479e-17 -2.424459634495127469e-01
3.848451000647496123e+00 5.464378949326942347e-17 -2.356134706068221674e-01
4.005530633326985779e+00 1.214306433183764966e-16 -2.281816369021939517e-01
4.162610266006476323e+00 1.387778780781445676e-17 -2.200179994997371602e-01
4.319689898685965979e+00 7.719519468096791570e-17 -2.123481719707960569e-01
4.476769531365454746e+00 2.125036258071588691e-16 -2.065740113337792283e-01
4.633849164044944402e+00 3.157196726277788912e-16 -2.016973150097311762e-01
4.790928796724434946e+00 1.439820485060749888e-16 -1.960269533222960825e-01
4.948008429403924602e+00 2.012279232133096230e-16 -1.899721519869685404e-01
5.105088062083413369e+00 2.584737979205442571e-16 -1.845119289334946344e-01
5.262167694762903025e+00 2.636779683484746784e-16 -1.798731442239732137e-01
5.419247327442393569e+00 2.411265631607761861e-16 -1.752158580479643568e-01
5.576326960121883225e+00 2.229119666630197116e-16 -1.706984278948945333e-01
5.733406592801371993e+00 2.602085213965210642e-17 -1.666212376838083487e-01
5.890486225480861648e+00 5.551115123125782702e-17 -1.623986765516831354e-01
6.047565858160352192e+00 1.630640067418198669e-16 -1.583279914594968030e-01
6.204645490839841848e+00 5.117434254131580929e-17 -1.550146835938957801e-01
6.361725123519330616e+00 1.179611963664228824e-16 -1.518763569930811352e-01
6.518804756198821160e+00 1.014813233446432150e-16 -1.484672423069423042e-01
6.675884388878310816e+00 -5.204170427930421283e-18 -1.448727284489012002e-01
6.832964021557799583e+00 1.734723475976807094e-18 -1.412890685531945911e-01
6.990043654237290127e+00 -5.898059818321144121e-17 -1.382301939134122359e-01
7.147123286916778895e+00 -7.285838599102589797e-17 -1.359038697387120187e-01
7.304202919596268551e+00 -1.058181320345852328e-16 -1.334417883421833428e-01
7.461282552275759095e+00 -1.543903893619358314e-16 -1.303328340996657286e-01
7.618362184955247862e+00 -2.012279232133096230e-16 -1.274643026137047830e-01
7.775441817634738406e+00 -1.908195823574487804e-16 -1.253435067599676100e-01
7.932521450314228062e+00 -1.266348137463069179e-16 -1.234917509486756770e-01
8.089601082993716830e+00 -1.422473250300981817e-16 -1.209918263639606223e-01
8.246680715673207374e+00 -1.474514954580286030e-16 -1.182322764781815888e-01
8.403760348352696141e+00 -6.678685382510707313e-17 -1.163168601770973587e-01
8.560839981032184909e+00 -2.619432448724978713e-16 -1.148309483397397107e-01
8.717919613711675453e+00 -2.046973701652632371e-16 -1.129399418607669736e-01
8.874999246391165997e+00 -2.758210326803123280e-16 -1.109170559992097016e-01
9.032078879070656541e+00 -2.498001805406602216e-16 -1.091968684760893371e-01
9.189158511750145308e+00 -2.281161370909501329e-16 -1.074095107377361497e-01
9.346238144429634076e+00 -1.821459649775647449e-16 -1.052494233969349657e-01
9.503317777109124620e+00 -2.445960101127298003e-16 -1.034064721413309740e-01
9.660397409788613388e+00 -1.890848588814719733e-16 -1.020726265079360956e-01
9.817477042468102155e+00 -1.179611963664228824e-16 -1.008116150249934451e-01
9.974556675147592699e+00 -2.133709875451472726e-16 -9.925648038223650049e-02
1.013163630782708324e+01 -1.058181320345852328e-16 -9.758861247769037850e-02
1.028871594050657379e+01 -9.194034422677077600e-17 -9.627824333298146131e-02
1.044579557318606255e+01 -8.326672684688674053e-17 -9.502048917424511798e-02
1.060287520586555132e+01 -6.765421556309547668e-17 -9.375382847667523833e-02
1.075995483854504187e+01 -2.428612866367529932e-17 -9.225776943882559034e-02
1.091703447122453063e+01 5.464378949326942347e-17 -9.066793316472965270e-02
1.107411410390401940e+01 -4.423544863740858091e-17 -8.939440999883496719e-02
1.123119373658350995e+01 -4.163336342344337027e-17 -8.831854623777585234e-02
1.138827336926300049e+01 4.336808689942017736e-18 -8.734068476588903451e-02
1.154535300194249103e+01 -1.647987302177966740e-17 -8.594110324486645136e-02
1.170243263462197980e+01 -3.035766082959412415e-17 -8.458605998743956578e-02
1.185951226730146857e+01 -4.163336342344337027e-17 -8.369391906599227271e-02
1.201659189998095911e+01 7.719519468096791570e-17 -8.261036064500640319e-02
1.217367153266044788e+01 -3.729655473350135253e-17 -8.150991088242845461e-02
1.233075116533993665e+01 5.290906601729261638e-17 -8.055591825544168583e-02
1.248783079801942719e+01 1.058181320345852328e-16 -7.987926912559308035e-02
1.264491043069891774e+01 1.335737076502141463e-16 -7.897702334315440109e-02
1.280199006337840650e+01 1.275021754842953214e-16 -7.778001305477427740e-02
1.295906969605789527e+01 9.627715291671279374e-17 -7.680071425433177001e-02
1.311614932873738759e+01 4.336808689942017736e-17 -7.598950293101583431e-02
1.327322896141687636e+01 1.214306433183764966e-16 -7.517761633356538631e-02
1.343030859409636513e+01 6.071532165918824830e-17 -7.414778322737723693e-02
1.358738822677585389e+01 4.423544863740858091e-17 -7.334229074523246350e-02
1.374446785945534444e+01 5.030698080332740574e-17 -7.277518730341310527e-02
1.390154749213483498e+01 -8.673617379884035472e-19 -7.199738587848060478e-02
1.405862712481432553e+01 -1.561251128379126385e-17 -7.118414075827186882e-02
1.421570675749381429e+01 -1.127570259384924611e-17 -7.038108192605159463e-02
1.437278639017330306e+01 -4.943961906533900219e-17 -6.969610046335987519e-02
1.452986602285279183e+01 -1.994931997373328159e-17 -6.888718464684556730e-02
1.468694565553228415e+01 -5.724587470723463412e-17 -6.788860668317461822e-02
1.484402528821177292e+01 -8.847089727481716182e-17 -6.716732749444342954e-02
1.500110492089126168e+01 -1.214306433183764966e-17 -6.658769019450408444e-02
1.515818455357075223e+01 1.127570259384924611e-17 -6.609084695081220151e-02
1.531526418625024100e+01 -3.469446951953614189e-17 -6.531990598113619761e-02
1.547234381892972976e+01 -6.938893903907228378e-18 -6.456711629068832836e-02
1.562942345160922208e+01 -1.214306433183764966e-17 -6.409786717836662984e-02
1.578650308428871085e+01 -4.423544863740858091e-17 -6.356613062741965636e-02
1.594358271696819962e+01 -2.255140518769849223e-17 -6.293264826775500642e-02
1.610066234964768839e+01 -8.673617379884035472e-19 -6.210620154970158957e-02
1.625774198232717893e+01 -1.474514954580286030e-17 -6.146551675360781286e-02
1.641482161500666948e+01 2.862293735361731706e-17 -6.094054512902070952e-02
1.657190124768616002e+01 1.214306433183764966e-17 -6.035260990927961144e-02
1.672898088036564701e+01 5.204170427930421283e-18 -5.978139102518729986e-02
1.688606051304513755e+01 4.510281037539698445e-17 -5.925450279779708590e-02
1.704314014572462810e+01 4.510281037539698445e-17 -5.887000454085745266e-02
1.720021977840411864e+01 6.418476861114186249e-17 -5.835801756675246255e-02
1.735729941108360919e+01 7.025630077706068732e-17 -5.774481573562211673e-02
1.751437904376309618e+01 5.811323644522303766e-17 -5.726974921786613659e-02
1.767145867644258672e+01 8.066464163292152989e-17 -5.681068529094528835e-02
1.782853830912207371e+01 8.239936510889833698e-17 -5.628921892538361199e-02
1.798561794180156426e+01 9.887923813067800438e-17 -5.569393864017610496e-02
1.814269757448105480e+01 9.280770596475917955e-17 -5.524901975277413113e-02
1.829977720716054534e+01 1.170938346284344789e-16 -5.490719078567169592e-02
1.845685683984003589e+01 6.071532165918824830e-17 -5.446673708177759282e-02
1.861393647251952288e+01 9.020562075079396891e-17 -5.398896308905543756e-02
1.877101610519901342e+01 6.071532165918824830e-17 -5.353556956902322250e-02
