7.853981633974482790e-02 -2.112893193739751041e-15 -1.647154011697616882e-01
2.356194490192344837e-01 -1.863093013199090819e-15 -3.746013683115680393e-01
3.926990816987241395e-01 -7.181755190543981371e-16 -4.523985270475264220e-01
5.497787143782137953e-01 6.938893903907228378e-18 -4.815381885767666681e-01
7.068583470577034511e-01 -4.406197628981090020e-16 -4.862248060492795343e-01
8.639379797371929959e-01 -6.218983661376853433e-16 -4.739363941271518277e-01
1.021017612416682763e+00 -4.423544863740858091e-17 -4.628124747026165497e-01
1.178097245096172418e+00 -2.081668171172168513e-17 -4.565889875584624447e-01
1.335176877775662074e+00 -6.019490461639520618e-16 -4.427826008807831393e-01
1.492256510455151730e+00 -5.811323644522303766e-16 -4.237536662614004301e-01
1.649336143134641386e+00 -3.642919299551294898e-16 -4.070019371294717470e-01
1.806415775814131042e+00 -5.056718932472392680e-16 -3.892249614124891899e-01
1.963495408493620697e+00 -4.978656376053436361e-16 -3.693596532509103580e-01
2.120575041173110353e+00 -3.747002708109903324e-16 -3.530942827487309477e-01
2.277654673852600009e+00 -3.677613769070831040e-16 -3.411550197735537804e-01
2.434734306532089665e+00 -4.735795089416683368e-16 -3.284877345540359039e-01
2.591813939211579321e+00 -2.966377143920340131e-16 -3.151158812801230780e-01
2.748893571891068976e+00 -2.194425197110660974e-16 -3.025767030783867440e-01
2.905973204570558632e+00 -2.055647319032516407e-16 -2.901253968184756005e-01
3.063052837250048288e+00 -2.411265631607761861e-16 -2.785236343083834498e-01
3.220132469929537500e+00 -1.309716224362489356e-16 -2.686820384886564050e-01
3.377212102609027600e+00 -2.229119666630197116e-16 -2.602410686043965526e-01
3.534291735288517255e+00 -5.030698080332740574e-17 -2.519924196322766430e-01
3.691371367968007355e+00 5.637851296924623057e-17 -2.433734614095125481e-01
3.848451000647496123e+00 -4.683753385137379155e-17 -2.349855349383618563e-01
4.005530633326985779e+00 3.122502256758252770e-17 -2.271675781611945666e-01
4.162610266006476323e+00 2.949029909160572061e-17 -2.197184694017229878e-01
4.319689898685965979e+00 1.682681771697502882e-16 -2.123836101694230039e-01
4.476769531365454746e+00 1.812786032395763414e-16 -2.058691222921333608e-01
4.633849164044944402e+00 2.168404344971008868e-16 -2.001109369964989004e-01
4.790928796724434946e+00 -1.734723475976807094e-18 -1.950147508469393109e-01
4.948008429403924602e+00 1.491862189340054101e-16 -1.898788114627367185e-01
5.105088062083413369e+00 1.032160468206200221e-16 -1.840720751581700620e-01
5.262167694762903025e+00 3.061786935099064522e-16 -1.786159004485846358e-01
5.419247327442393569e+00 2.029626466892864300e-16 -1.743787198277671757e-01
5.576326960121883225e+00 6.765421556309547668e-17 -1.707448760653375031e-01
5.733406592801371993e+00 1.058181320345852328e-16 -1.665330368105046310e-01
5.890486225480861648e+00 5.811323644522303766e-17 -1.620347428232483400e-01
6.047565858160352192e+00 -8.673617379884035472e-18 -1.579984865567602426e-01
6.204645490839841848e+00 1.283695372222837250e-16 -1.543160724403250805e-01
6.361725123519330616e+00 8.153200337090993344e-17 -1.508343032460512378e-01
6.518804756198821160e+00 6.071532165918824830e-18 -1.476158349463569663e-01
6.675884388878310816e+00 2.602085213965210642e-17 -1.446196935108847725e-01
6.832964021557799583e+00 -9.367506770274758310e-17 -1.417922342904753275e-01
6.990043654237290127e+00 -6.505213034913026604e-17 -1.391937719091884684e-01
7.147123286916778895e+00 -2.289834988289385365e-16 -1.365423111562589220e-01
7.304202919596268551e+00 -2.324529457808921507e-16 -1.332254926666650297e-01
7.461282552275759095e+00 -2.099015405931936584e-16 -1.298198010630040033e-01
7.618362184955247862e+00 -3.417405247674309976e-16 -1.272024496718675290e-01
7.775441817634738406e+00 -3.590877595271990685e-16 -1.252961833849804418e-01
7.932521450314228062e+00 -2.116362640691704655e-16 -1.234564482222770265e-01
8.089601082993716830e+00 -3.001071613439876273e-16 -1.212530823927578938e-01
8.246680715673207374e+00 -2.203098814490545010e-16 -1.189082881826112187e-01
8.403760348352696141e+00 -1.717376241217039023e-16 -1.165506008550341033e-01
8.560839981032184909e+00 -3.391384395534657870e-16 -1.143229501839042456e-01
8.717919613711675453e+00 -3.243932900076629267e-16 -1.124425177727018665e-01
8.874999246391165997e+00 -3.443426099813962082e-16 -1.107624899565708976e-01
9.032078879070656541e+00 -1.925543058334255875e-16 -1.089584377347151550e-01
9.189158511750145308e+00 -3.035766082959412415e-16 -1.070394087168355102e-01
9.346238144429634076e+00 -2.463307335887066074e-16 -1.052465064043641568e-01
9.503317777109124620e+00 -3.191891195797325054e-16 -1.036457763851489078e-01
9.660397409788613388e+00 -2.818925648462311528e-16 -1.021600268450032073e-01
9.817477042468102155e+00 -2.506675422786486251e-16 -1.006657977166971057e-01
9.974556675147592699e+00 -1.353084311261909534e-16 -9.898632808740374933e-02
1.013163630782708324e+01 -1.786765180256111307e-16 -9.731593981222992629e-02
1.028871594050657379e+01 -2.411265631607761861e-16 -9.593242998790380005e-02
1.044579557318606255e+01 -1.431146867680865853e-16 -9.473066452382464253e-02
1.060287520586555132e+01 -1.118896642005040576e-16 -9.348591542590692360e-02
1.075995483854504187e+01 -7.112366251504909087e-17 -9.219415037382464040e-02
1.091703447122453063e+01 -1.214306433183764966e-17 -9.087699540418947564e-02
1.107411410390401940e+01 -1.431146867680865853e-16 -8.946281937698383202e-02
1.123119373658350995e+01 -1.387778780781445676e-16 -8.814658412891443473e-02
1.138827336926300049e+01 1.387778780781445676e-17 -8.702408739286289496e-02
1.154535300194249103e+01 -1.205632815803880931e-16 -8.587549407770293797e-02
1.170243263462197980e+01 -4.857225732735059864e-17 -8.464964645260480980e-02
1.185951226730146857e+01 -9.627715291671279374e-17 -8.360392691164370005e-02
1.201659189998095911e+01 -6.158268339717665185e-17 -8.256549029979057264e-02
1.217367153266044788e+01 -1.032160468206200221e-16 -8.135541080344832476e-02
1.233075116533993665e+01 3.209238430557093125e-17 -8.034316500026980612e-02
1.248783079801942719e+01 8.673617379884035472e-19 -7.964482297799141408e-02
1.264491043069891774e+01 -3.816391647148975608e-17 -7.880679305511954780e-02
1.280199006337840650e+01 8.500145032286354763e-17 -7.773113500504719164e-02
1.295906969605789527e+01 1.561251128379126385e-17 -7.680195036203654735e-02
1.311614932873738759e+01 -5.984795992119984476e-17 -7.588632026163839861e-02
1.327322896141687636e+01 0.000000000000000000e+00 -7.486630090555373984e-02
1.343030859409636513e+01 7.979727989493312634e-17 -7.415790594232760102e-02
1.358738822677585389e+01 4.250072516143177381e-17 -7.366982665489357762e-02
1.374446785945534444e+01 -3.556183125752454544e-17 -7.287572691153165749e-02
1.390154749213483498e+01 -1.084202172485504434e-16 -7.194252718527802126e-02
1.405862712481432553e+01 -1.908195823574487804e-17 -7.127563887654753128e-02
1.421570675749381429e+01 -6.505213034913026604e-17 -7.054668315733111927e-02
1.437278639017330306e+01 -1.058181320345852328e-16 -6.951134182262325156e-02
1.452986602285279183e+01 -2.385244779468109755e-16 -6.861739412021931883e-02
1.468694565553228415e+01 -7.546047120499110861e-17 -6.798270164768469015e-02
1.484402528821177292e+01 -1.448494102440633924e-16 -6.735313840687266740e-02
1.500110492089126168e+01 -1.006139616066548115e-16 -6.668874957657981717e-02
1.515818455357075223e+01 -9.280770596475917955e-17 -6.600737626571022421e-02
1.531526418625024100e+01 -7.112366251504909087e-17 -6.531988560774736052e-02
1.547234381892972976e+01 -8.153200337090993344e-17 -6.464670053393214988e-02
1.562942345160922208e+01 -1.205632815803880931e-16 -6.400634508459687733e-02
1.578650308428871085e+01 -1.023486850826316186e-16 -6.340547709541402566e-02
1.594358271696819962e+01 -5.290906601729261638e-17 -6.285497639374294787e-02
1.610066234964768839e+01 -1.517883041479706208e-16 -6.231799283737553957e-02
1.625774198232717893e+01 -6.071532165918824830e-17 -6.160374876446998715e-02
1.641482161500666948e+01 -1.387778780781445676e-17 -6.082255249092347743e-02
1.657190124768616002e+01 6.938893903907228378e-18 -6.029041458919671970e-02
1.672898088036564701e+01 -5.811323644522303766e-17 -5.981694271217256886e-02
1.688606051304513755e+01 -3.295974604355933479e-17 -5.919282332713770439e-02
1.704314014572462810e+01 3.469446951953614189e-17 -5.867810841050408871e-02
1.720021977840411864e+01 5.724587470723463412e-17 -5.835224780591004995e-02
1.735729941108360919e+01 3.903127820947815962e-17 -5.790990718800245740e-02
1.751437904376309618e+01 -2.602085213965210642e-18 -5.732187978334501999e-02
1.767145867644258672e+01 2.515349040166370287e-17 -5.681010995649385387e-02
1.782853830912207371e+01 7.199102425303749442e-17 -5.631151016329626752e-02
1.798561794180156426e+01 2.168404344971008868e-17 -5.576786620698653829e-02
1.814269757448105480e+01 3.035766082959412415e-17 -5.534584710726576234e-02
1.829977720716054534e+01 7.025630077706068732e-17 -5.499070130202865503e-02
1.845685683984003589e+01 1.994931997373328159e-17 -5.452424526375938829e-02
1.861393647251952288e+01 4.943961906533900219e-17 -5.400478953264339910e-02
1.877101610519901342e+01 5.377642775528101993e-17 -5.356581315693106221e-02
