7.853981633974482790e-02 -1.018282680398385764e-15 -1.157817383973048370e-01
2.356194490192344837e-01 -3.877106968808163856e-16 -2.907763058978494186e-01
3.926990816987241395e-01 -1.847480501915299556e-16 -3.770142761876662529e-01
5.497787143782137953e-01 -1.240327285323417073e-16 -4.155887453147998900e-01
7.068583470577034511e-01 -9.280770596475917955e-17 -4.317733181763152017e-01
8.639379797371929959e-01 -1.925543058334255875e-16 -4.347305726956244287e-01
1.021017612416682763e+00 -3.859759734048395785e-16 -4.314265733450775575e-01
1.178097245096172418e+00 -5.342948306008565851e-16 -4.250506476743669548e-01
1.335176877775662074e+00 -5.264885749589609532e-16 -4.158753500753247234e-01
1.492256510455151730e+00 -5.004677228193088467e-16 -4.037437477733336610e-01
1.649336143134641386e+00 -4.518954654919582481e-16 -3.900581527997022402e-01
1.806415775814131042e+00 -4.709774237277031261e-16 -3.761673828880763848e-01
1.963495408493620697e+00 -5.282232984349377602e-16 -3.607361546571691835e-01
2.120575041173110353e+00 -5.299580219109145673e-16 -3.451757199664861608e-01
2.277654673852600009e+00 -5.126107871511464964e-16 -3.333760141936319976e-01
2.434734306532089665e+00 -5.273559366969493567e-16 -3.228940828035986033e-01
2.591813939211579321e+00 -4.232725281383409310e-16 -3.110317987764836811e-01
2.748893571891068976e+00 -3.720981855970251218e-16 -2.993023554080806448e-01
2.905973204570558632e+00 -3.252606517456513302e-16 -2.876062149889687114e-01
3.063052837250048288e+00 -2.367897544708341684e-16 -2.755621868585013678e-01
3.220132469929537500e+00 -2.211772431870429045e-16 -2.644867947263545016e-01
3.377212102609027600e+00 -1.379105163401561640e-16 -2.553635609878667778e-01
3.534291735288517255e+00 -2.185751579730776939e-16 -2.471842920748625327e-01
3.691371367968007355e+00 -5.724587470723463412e-17 -2.392825866042521954e-01
3.848451000647496123e+00 -1.908195823574487804e-17 -2.322805018411170930e-01
4.005530633326985779e+00 3.122502256758252770e-17 -2.257989888775150389e-01
4.162610266006476323e+00 3.729655473350135253e-17 -2.187763052667343888e-01
4.319689898685965979e+00 6.158268339717665185e-17 -2.118214854621970900e-01
4.476769531365454746e+00 1.188285581044112860e-16 -2.060943604756872716e-01
4.633849164044944402e+00 1.595945597898662527e-16 -2.005263830352078946e-01
4.790928796724434946e+00 1.604619215278546562e-16 -1.940120878916782587e-01
4.948008429403924602e+00 7.719519468096791570e-17 -1.876232180039770769e-01
5.105088062083413369e+00 1.396452398161329711e-16 -1.826608271288069629e-01
5.262167694762903025e+00 2.142383492831356762e-16 -1.789297271487544361e-01
5.419247327442393569e+00 2.402592014227877826e-16 -1.751405229306492450e-01
5.576326960121883225e+00 1.682681771697502882e-16 -1.706148691341144441e-01
5.733406592801371993e+00 1.188285581044112860e-16 -1.656519942136819856e-01
5.890486225480861648e+00 1.994931997373328159e-17 -1.609084877257054846e-01
6.047565858160352192e+00 3.382710778154773834e-17 -1.570246220733522158e-01
6.204645490839841848e+00 1.327063459122257427e-16 -1.538639236580224834e-01
6.361725123519330616e+00 1.153591111524576718e-16 -1.503158839029691274e-01
6.518804756198821160e+00 -1.101549407245272505e-16 -1.464005148104657317e-01
6.675884388878310816e+00 -8.586881206085195117e-17 -1.434118153924520134e-01
6.832964021557799583e+00 -1.821459649775647449e-16 -1.411440278393685799e-01
6.990043654237290127e+00 -1.066854937725736363e-16 -1.385101881444434913e-01
7.147123286916778895e+00 -1.396452398161329711e-16 -1.354710500927605032e-01
7.304202919596268551e+00 -2.419939248987645897e-16 -1.323974197981495349e-01
7.461282552275759095e+00 -2.090341788552052549e-16 -1.295291092648007125e-01
7.618362184955247862e+00 -2.341876692568689577e-16 -1.271860586702056040e-01
7.775441817634738406e+00 -3.079134169858832593e-16 -1.252105429561475303e-01
7.932521450314228062e+00 -2.784231178942775387e-16 -1.228731376267025444e-01
8.089601082993716830e+00 -2.784231178942775387e-16 -1.201513180480378862e-01
8.246680715673207374e+00 -3.460773334573730153e-16 -1.179092847982627923e-01
8.403760348352696141e+00 -3.235259282696745231e-16 -1.162461560383415554e-01
8.560839981032184909e+00 -3.356689926015121728e-16 -1.143798800870378385e-01
8.717919613711675453e+00 -3.374037160774889799e-16 -1.120566518187591509e-01
8.874999246391165997e+00 -4.345482307321901772e-16 -1.098626962177274291e-01
9.032078879070656541e+00 -3.321995456495585586e-16 -1.081137093829535600e-01
9.189158511750145308e+00 -2.185751579730776939e-16 -1.064950656236437615e-01
9.346238144429634076e+00 -3.755676325489787359e-16 -1.048880929454294592e-01
9.503317777109124620e+00 -2.914335439641035919e-16 -1.033453066475820414e-01
9.660397409788613388e+00 -2.628106066104862748e-16 -1.018054270589180549e-01
9.817477042468102155e+00 -3.018418848199644344e-16 -1.001042988411374596e-01
9.974556675147592699e+00 -2.055647319032516407e-16 -9.833092950717679803e-02
1.013163630782708324e+01 -2.636779683484746784e-16 -9.690020504957108649e-02
1.028871594050657379e+01 -2.220446049250313081e-16 -9.571661486172552968e-02
1.044579557318606255e+01 -2.524022657546254322e-16 -9.439665504543778840e-02
1.060287520586555132e+01 -1.092875789865388469e-16 -9.293512561346317646e-02
1.075995483854504187e+01 -1.587271980518778491e-16 -9.149343355569372616e-02
1.091703447122453063e+01 -7.112366251504909087e-17 -9.014138963906905000e-02
1.107411410390401940e+01 -1.561251128379126385e-16 -8.888771569454467780e-02
1.123119373658350995e+01 -2.012279232133096230e-16 -8.775123209567395333e-02
1.138827336926300049e+01 -1.431146867680865853e-16 -8.672823489793168861e-02
1.154535300194249103e+01 -9.887923813067800438e-17 -8.569091898776126648e-02
1.170243263462197980e+01 -1.092875789865388469e-16 -8.453837752880216661e-02
1.185951226730146857e+01 -8.586881206085195117e-17 -8.341953564854867609e-02
1.201659189998095911e+01 -8.326672684688674053e-17 -8.242955954915312522e-02
1.217367153266044788e+01 -6.678685382510707313e-17 -8.157796807533103378e-02
1.233075116533993665e+01 -8.066464163292152989e-17 -8.077820021965860520e-02
1.248783079801942719e+01 -8.933825901280556536e-17 -7.991621841163740192e-02
1.264491043069891774e+01 -6.938893903907228378e-17 -7.893420216879022677e-02
1.280199006337840650e+01 1.908195823574487804e-17 -7.794889554607872806e-02
1.295906969605789527e+01 2.775557561562891351e-17 -7.700799784926096181e-02
1.311614932873738759e+01 -5.464378949326942347e-17 -7.609211698619515463e-02
1.327322896141687636e+01 -8.847089727481716182e-17 -7.523171028318878517e-02
1.343030859409636513e+01 -6.678685382510707313e-17 -7.440584940212367770e-02
1.358738822677585389e+01 -2.341876692568689577e-17 -7.359406639644287818e-02
1.374446785945534444e+01 -4.857225732735059864e-17 -7.282576965484360842e-02
1.390154749213483498e+01 -3.209238430557093125e-17 -7.205935727400662738e-02
1.405862712481432553e+01 -8.326672684688674053e-17 -7.123209299018486151e-02
1.421570675749381429e+01 -3.382710778154773834e-17 -7.036598440489089112e-02
1.437278639017330306e+01 -1.066854937725736363e-16 -6.953447326461918709e-02
1.452986602285279183e+01 -1.708702623837154988e-16 -6.882373460964789913e-02
1.468694565553228415e+01 -1.049507702965968292e-16 -6.818141935676577670e-02
1.484402528821177292e+01 -9.627715291671279374e-17 -6.745979927764866879e-02
1.500110492089126168e+01 -9.194034422677077600e-17 -6.671393227286692706e-02
1.515818455357075223e+01 -9.020562075079396891e-17 -6.602397660785730427e-02
1.531526418625024100e+01 -4.597017211338538800e-17 -6.531975128397006503e-02
1.547234381892972976e+01 -1.136243876764808647e-16 -6.463061587009695519e-02
1.562942345160922208e+01 -7.025630077706068732e-17 -6.398317735285603824e-02
1.578650308428871085e+01 -5.551115123125782702e-17 -6.331291874443373269e-02
1.594358271696819962e+01 -1.058181320345852328e-16 -6.269103666267079877e-02
1.610066234964768839e+01 -1.240327285323417073e-16 -6.215589760949827292e-02
1.625774198232717893e+01 -6.852157730108388023e-17 -6.158639966714869740e-02
1.641482161500666948e+01 -4.336808689942017736e-18 -6.095134353101918506e-02
1.657190124768616002e+01 -4.423544863740858091e-17 -6.032005810234092325e-02
1.672898088036564701e+01 5.204170427930421283e-18 -5.974145577791918627e-02
1.688606051304513755e+01 -1.647987302177966740e-17 -5.922352963684152788e-02
1.704314014572462810e+01 8.673617379884035472e-18 -5.872249694485075916e-02
1.720021977840411864e+01 -1.387778780781445676e-17 -5.821406845694194337e-02
1.735729941108360919e+01 -1.561251128379126385e-17 -5.771610953666411747e-02
1.751437904376309618e+01 5.204170427930421283e-18 -5.721806929754989779e-02
1.767145867644258672e+01 3.295974604355933479e-17 -5.671124104711118552e-02
1.782853830912207371e+01 6.158268339717665185e-17 -5.621213570100393186e-02
1.798561794180156426e+01 2.515349040166370287e-17 -5.571262714915541092e-02
1.814269757448105480e+01 3.122502256758252770e-17 -5.523392464869249230e-02
1.829977720716054534e+01 2.515349040166370287e-17 -5.482015890464966845e-02
1.845685683984003589e+01 5.030698080332740574e-17 -5.444139281776746997e-02
1.861393647251952288e+01 5.290906601729261638e-17 -5.405290435210884786e-02
1.877101610519901342e+01 3.989863994746656317e-17 -5.362770939639927709e-02
