7.853981633974482790e-02 -3.117298086330322349e-15 -1.799749063071744426e-01
2.356194490192344837e-01 -9.514958265732786913e-16 -3.833437719243837916e-01
3.926990816987241395e-01 3.712308238590367182e-16 -4.323161298575054490e-01
5.497787143782137953e-01 3.677613769070831040e-16 -4.664866219179235607e-01
7.068583470577034511e-01 -1.491862189340054101e-16 -4.877982293172850037e-01
8.639379797371929959e-01 -2.810252031082427493e-16 -4.709783746842350904e-01
1.021017612416682763e+00 -6.071532165918824830e-18 -4.541954396755357726e-01
1.178097245096172418e+00 -1.726049858596923059e-16 -4.565260247365472424e-01
1.335176877775662074e+00 -5.481726184086710418e-16 -4.482189817677781907e-01
1.492256510455151730e+00 -5.004677228193088467e-16 -4.229461702115543953e-01
1.649336143134641386e+00 -2.966377143920340131e-16 -4.010254154531832649e-01
1.806415775814131042e+00 -3.105155021998484699e-16 -3.864609181663209436e-01
1.963495408493620697e+00 -3.712308238590367182e-16 -3.721803585069315412e-01
2.120575041173110353e+00 -3.747002708109903324e-16 -3.572351642311525355e-01
2.277654673852600009e+00 -3.348016308635237692e-16 -3.430076334655897674e-01
2.434734306532089665e+00 -3.903127820947815962e-16 -3.281493311831257809e-01
2.591813939211579321e+00 -2.263814136149733258e-16 -3.135173282072616363e-01
2.748893571891068976e+00 -9.367506770274758310e-17 -3.013307011080569309e-01
2.905973204570558632e+00 3.209238430557093125e-17 -2.889123610060362890e-01
3.063052837250048288e+00 -2.194425197110660974e-16 -2.775086388816320193e-01
3.220132469929537500e+00 -2.844946500601963635e-16 -2.689759983503349217e-01
3.377212102609027600e+00 1.387778780781445676e-17 -2.610350553888757252e-01
3.534291735288517255e+00 4.943961906533900219e-17 -2.509903547588171469e-01
3.691371367968007355e+00 1.613292832658430598e-16 -2.410715502943743538e-01
3.848451000647496123e+00 1.387778780781445676e-17 -2.340185724526241406e-01
4.005530633326985779e+00 1.283695372222837250e-16 -2.269963523577716580e-01
4.162610266006476323e+00 2.801578413702543457e-16 -2.185009305290739889e-01
4.319689898685965979e+00 2.393918396847993790e-16 -2.112599115777694103e-01
4.476769531365454746e+00 3.087807787238716628e-16 -2.061228814851884805e-01
4.633849164044944402e+00 2.324529457808921507e-16 -2.004410691762752161e-01
4.790928796724434946e+00 3.035766082959412415e-16 -1.952620681674593628e-01
4.948008429403924602e+00 3.096481404618600664e-16 -1.910378409109586562e-01
5.105088062083413369e+00 2.307182223049153436e-16 -1.853029285377683910e-01
5.262167694762903025e+00 4.891920202254596006e-16 -1.791436469876148685e-01
5.419247327442393569e+00 4.024558464266192459e-16 -1.747891925399649993e-01
5.576326960121883225e+00 3.235259282696745231e-16 -1.711959213385820522e-01
5.733406592801371993e+00 1.656660919557850775e-16 -1.662450577284287634e-01
5.890486225480861648e+00 1.491862189340054101e-16 -1.611577274563777695e-01
6.047565858160352192e+00 3.243932900076629267e-16 -1.576368707806581337e-01
6.204645490839841848e+00 3.313321839115701550e-16 -1.547364992905863601e-01
6.361725123519330616e+00 1.561251128379126385e-16 -1.510676750434625792e-01
6.518804756198821160e+00 1.136243876764808647e-16 -1.477641251511915277e-01
6.675884388878310816e+00 2.185751579730776939e-16 -1.453965551828093616e-01
6.832964021557799583e+00 9.714451465470119729e-17 -1.420311430699952304e-01
6.990043654237290127e+00 -4.336808689942017736e-17 -1.381775221202214410e-01
7.147123286916778895e+00 -8.500145032286354763e-17 -1.358016593580322340e-01
7.304202919596268551e+00 -6.765421556309547668e-17 -1.335665747186062791e-01
7.461282552275759095e+00 -3.989863994746656317e-17 -1.303372876882458176e-01
7.618362184955247862e+00 -1.925543058334255875e-16 -1.273969257097956886e-01
7.775441817634738406e+00 -2.029626466892864300e-16 -1.255705150361399181e-01
7.932521450314228062e+00 -8.847089727481716182e-17 -1.235065583705444031e-01
8.089601082993716830e+00 -1.569924745759010420e-16 -1.203853039135777403e-01
8.246680715673207374e+00 -1.752070710736575165e-16 -1.180727976783081806e-01
8.403760348352696141e+00 -6.938893903907228378e-17 -1.167236724628199634e-01
8.560839981032184909e+00 -1.595945597898662527e-16 -1.146614899903187074e-01
8.717919613711675453e+00 -2.151057110211240797e-16 -1.121484097840221850e-01
8.874999246391165997e+00 -2.437286483747413968e-16 -1.105404102346390499e-01
9.032078879070656541e+00 8.673617379884035472e-19 -1.092391657107614905e-01
9.189158511750145308e+00 -1.162264728904460753e-16 -1.070823889546022034e-01
9.346238144429634076e+00 -4.683753385137379155e-17 -1.048766579558057521e-01
9.503317777109124620e+00 -2.211772431870429045e-16 -1.034796390557681800e-01
9.660397409788613388e+00 -7.459310946700270506e-17 -1.023836287021635816e-01
9.817477042468102155e+00 -3.816391647148975608e-17 -1.008009954728492363e-01
9.974556675147592699e+00 8.760353553682875827e-17 -9.876672343456427416e-02
1.013163630782708324e+01 5.117434254131580929e-17 -9.720823903199532490e-02
1.028871594050657379e+01 4.076600168545496672e-17 -9.620888165508423295e-02
1.044579557318606255e+01 7.199102425303749442e-17 -9.499001812678661838e-02
1.060287520586555132e+01 1.613292832658430598e-16 -9.345405345590182544e-02
1.075995483854504187e+01 4.597017211338538800e-17 -9.203985326382602139e-02
1.091703447122453063e+01 3.989863994746656317e-17 -9.081400177250685546e-02
1.107411410390401940e+01 -3.556183125752454544e-17 -8.952695531307054699e-02
1.123119373658350995e+01 5.290906601729261638e-17 -8.828779415318532831e-02
1.138827336926300049e+01 9.280770596475917955e-17 -8.720126997289753823e-02
1.154535300194249103e+01 4.510281037539698445e-17 -8.600664327646578844e-02
1.170243263462197980e+01 1.127570259384924611e-16 -8.467320491524064907e-02
1.185951226730146857e+01 1.786765180256111307e-16 -8.355483089807953789e-02
1.201659189998095911e+01 1.275021754842953214e-16 -8.254150199246057529e-02
1.217367153266044788e+01 9.020562075079396891e-17 -8.146086985630997257e-02
1.233075116533993665e+01 9.887923813067800438e-17 -8.057681552239859268e-02
1.248783079801942719e+01 1.283695372222837250e-16 -7.977868445093011518e-02
1.264491043069891774e+01 2.359223927328457648e-16 -7.872461130263912199e-02
1.280199006337840650e+01 1.752070710736575165e-16 -7.765251978845352787e-02
1.295906969605789527e+01 1.327063459122257427e-16 -7.688974808170961905e-02
1.311614932873738759e+01 1.257674520083185143e-16 -7.598280172457515247e-02
1.327322896141687636e+01 1.778091562876227272e-16 -7.486059886770002336e-02
1.343030859409636513e+01 9.107298248878237246e-17 -7.418581789328852760e-02
1.358738822677585389e+01 1.604619215278546562e-16 -7.373958808114845775e-02
1.374446785945534444e+01 6.245004513516505540e-17 -7.277396639099500963e-02
1.390154749213483498e+01 7.285838599102589797e-17 -7.175345730513696396e-02
1.405862712481432553e+01 5.637851296924623057e-17 -7.123372907384244168e-02
1.421570675749381429e+01 5.898059818321144121e-17 -7.054533706088898792e-02
1.437278639017330306e+01 9.540979117872439019e-18 -6.941015307975184623e-02
1.452986602285279183e+01 -4.336808689942017736e-18 -6.859152850893585063e-02
1.468694565553228415e+01 1.127570259384924611e-17 -6.807408858869702650e-02
1.484402528821177292e+01 2.341876692568689577e-17 -6.732136162821986125e-02
1.500110492089126168e+01 7.372574772901430151e-17 -6.661658478413158557e-02
1.515818455357075223e+01 2.081668171172168513e-17 -6.605994346008092766e-02
1.531526418625024100e+01 -3.295974604355933479e-17 -6.531984217352511390e-02
1.547234381892972976e+01 0.000000000000000000e+00 -6.459660420887225474e-02
1.562942345160922208e+01 5.117434254131580929e-17 -6.407190762761853786e-02
1.578650308428871085e+01 2.949029909160572061e-17 -6.343290196545729731e-02
1.594358271696819962e+01 -1.301042606982605321e-17 -6.277954856864581545e-02
1.610066234964768839e+01 -2.255140518769849223e-17 -6.233834289573871035e-02
1.625774198232717893e+01 1.734723475976807094e-17 -6.167955835925736235e-02
1.641482161500666948e+01 4.423544863740858091e-17 -6.082354418557504167e-02
1.657190124768616002e+01 6.331740687315345895e-17 -6.031883584520653790e-02
1.672898088036564701e+01 5.117434254131580929e-17 -5.993913973512526860e-02
1.688606051304513755e+01 4.770489558936219510e-17 -5.925542931821984466e-02
1.704314014572462810e+01 1.231653667943533037e-16 -5.863720700094946642e-02
1.720021977840411864e+01 5.811323644522303766e-17 -5.833671330100335256e-02
1.735729941108360919e+01 1.101549407245272505e-16 -5.791296159818648537e-02
1.751437904376309618e+01 6.852157730108388023e-17 -5.727314323683800612e-02
1.767145867644258672e+01 8.760353553682875827e-17 -5.676796656216455406e-02
1.782853830912207371e+01 1.240327285323417073e-16 -5.634744771347668241e-02
1.798561794180156426e+01 1.474514954580286030e-16 -5.580351180844567160e-02
1.814269757448105480e+01 1.006139616066548115e-16 -5.529058858246526514e-02
1.829977720716054534e+01 1.144917494144692682e-16 -5.489910492856639457e-02
1.845685683984003589e+01 9.887923813067800438e-17 -5.448493056523437406e-02
1.861393647251952288e+01 1.283695372222837250e-16 -5.401322495141066410e-02
1.877101610519901342e+01 1.222980050563649002e-16 -5.358230629072930490e-02
