7.853981633974482790e-02 -4.632579042596063346e-15 -4.858536266725456410e-02
2.356194490192344837e-01 -2.437286483747413968e-15 -1.388409309358064336e-01
3.926990816987241395e-01 -6.297046217795809753e-16 -2.116987928311469536e-01
5.497787143782137953e-01 6.973588373426764520e-16 -2.637520440905175012e-01
7.068583470577034511e-01 1.863093013199090819e-15 -2.973839159031901880e-01
8.639379797371929959e-01 1.458902443296494766e-15 -3.173116464228249445e-01
1.021017612416682763e+00 -5.022024462952856538e-16 -3.279451418297897325e-01
1.178097245096172418e+00 -2.078198724220214899e-15 -3.325140231404651869e-01
1.335176877775662074e+00 -2.456368441983158846e-15 -3.332951842804985909e-01
1.492256510455151730e+00 -2.776424923300879755e-15 -3.318138196887541191e-01
1.649336143134641386e+00 -2.609024107869117870e-15 -3.286550021278001887e-01
1.806415775814131042e+00 -1.429412144204889046e-15 -3.234592186051949980e-01
1.963495408493620697e+00 -4.206704429243757204e-16 -3.156649217903092497e-01
2.120575041173110353e+00 -3.981190377366772282e-16 -3.055522631868812788e-01
2.277654673852600009e+00 -1.439820485060749888e-16 -2.945848613864687771e-01
2.434734306532089665e+00 4.510281037539698445e-17 -2.846263998937110240e-01
2.591813939211579321e+00 -3.278627369596165408e-16 -2.766758199425154441e-01
2.748893571891068976e+00 -9.003214840319628820e-16 -2.702761788054994230e-01
2.905973204570558632e+00 -6.774095173689431704e-16 -2.641323287296936106e-01
3.063052837250048288e+00 -5.637851296924623057e-16 -2.572822361862205920e-01
3.220132469929537500e+00 -7.207776042683633477e-16 -2.497171757385729385e-01
3.377212102609027600e+00 -3.911801438327699998e-16 -2.420272320074659533e-01
3.534291735288517255e+00 5.637851296924623057e-17 -2.346399122471807264e-01
3.691371367968007355e+00 2.255140518769849223e-16 -2.274969839449864362e-01
3.848451000647496123e+00 1.838806884535415520e-16 -2.203872731573325860e-01
4.005530633326985779e+00 3.278627369596165408e-16 -2.133979376749739199e-01
4.162610266006476323e+00 3.035766082959412415e-16 -2.069293881822671932e-01
4.319689898685965979e+00 2.159730727591124833e-16 -2.013143349782157698e-01
4.476769531365454746e+00 2.550043509685906429e-16 -1.964990122278659768e-01
4.633849164044944402e+00 4.831204880595407758e-16 -1.920990806235484127e-01
4.790928796724434946e+00 3.417405247674309976e-16 -1.877223051643119311e-01
4.948008429403924602e+00 2.983724378680108202e-16 -1.832208261857095621e-01
5.105088062083413369e+00 4.857225732735059864e-16 -1.786798886606882075e-01
5.262167694762903025e+00 4.059252933785728601e-16 -1.742306412706930430e-01
5.419247327442393569e+00 2.662800535624398890e-16 -1.699055331792262979e-01
5.576326960121883225e+00 3.660266534311062969e-16 -1.656505312642701788e-01
5.733406592801371993e+00 4.163336342344337027e-16 -1.614275394888791126e-01
5.890486225480861648e+00 3.582203977892106650e-16 -1.572791626172834745e-01
6.047565858160352192e+00 5.152128723651117070e-16 -1.533073745124120257e-01
6.204645490839841848e+00 5.221517662690189354e-16 -1.496188173191133342e-01
6.361725123519330616e+00 4.293440603042597559e-16 -1.462924462862753849e-01
6.518804756198821160e+00 2.324529457808921507e-16 -1.433646985833124665e-01
6.675884388878310816e+00 1.387778780781445676e-16 -1.408095843332345942e-01
6.832964021557799583e+00 -5.464378949326942347e-17 -1.385186231834764081e-01
6.990043654237290127e+00 -1.960237527853792017e-16 -1.363180073381631829e-01
7.147123286916778895e+00 -2.602085213965210642e-17 -1.340420661262149982e-01
7.304202919596268551e+00 1.439820485060749888e-16 -1.316095554693494374e-01
7.461282552275759095e+00 4.857225732735059864e-17 -1.290368125390347065e-01
7.618362184955247862e+00 7.719519468096791570e-17 -1.263956162965733654e-01
7.775441817634738406e+00 6.678685382510707313e-17 -1.237668784911303277e-01
7.932521450314228062e+00 -9.714451465470119729e-17 -1.212219507723628076e-01
8.089601082993716830e+00 -2.168404344971008868e-16 -1.188214222286612110e-01
8.246680715673207374e+00 -1.422473250300981817e-16 -1.166054370089161796e-01
8.403760348352696141e+00 -5.377642775528101993e-17 -1.145690765305304171e-01
8.560839981032184909e+00 -1.856154119295183591e-16 -1.126530594764517945e-01
8.717919613711675453e+00 -1.760744328116459201e-16 -1.107817408086986810e-01
8.874999246391165997e+00 -1.188285581044112860e-16 -1.089271766948895492e-01
9.032078879070656541e+00 -1.266348137463069179e-16 -1.071365271581561918e-01
9.189158511750145308e+00 -1.474514954580286030e-16 -1.054919327294730758e-01
9.346238144429634076e+00 -5.551115123125782702e-17 -1.040357488424214771e-01
9.503317777109124620e+00 -9.020562075079396891e-17 -1.027216397883250754e-01
9.660397409788613388e+00 -7.892991815694472280e-17 -1.014333731565499053e-01
9.817477042468102155e+00 8.673617379884035472e-19 -1.000613723682615697e-01
9.974556675147592699e+00 4.076600168545496672e-17 -9.857789827459426113e-02
1.013163630782708324e+01 -5.030698080332740574e-17 -9.704709542650409582e-02
1.028871594050657379e+01 -6.418476861114186249e-17 -9.556148821857510245e-02
1.044579557318606255e+01 1.647987302177966740e-17 -9.416639456657312224e-02
1.060287520586555132e+01 4.250072516143177381e-17 -9.283936034356539413e-02
1.075995483854504187e+01 -5.811323644522303766e-17 -9.152785412883807092e-02
1.091703447122453063e+01 -1.387778780781445676e-17 -9.020158698251799778e-02
1.107411410390401940e+01 6.418476861114186249e-17 -8.887451435168111646e-02
1.123119373658350995e+01 3.469446951953614189e-18 -8.758521037259496544e-02
1.138827336926300049e+01 6.852157730108388023e-17 -8.636464089281717382e-02
1.154535300194249103e+01 1.049507702965968292e-16 -8.522612867799919667e-02
1.170243263462197980e+01 1.483188571960170066e-16 -8.417688469981246535e-02
1.185951226730146857e+01 6.245004513516505540e-17 -8.324995135147046643e-02
1.201659189998095911e+01 5.377642775528101993e-17 -8.238120901031675825e-02
1.217367153266044788e+01 2.515349040166370287e-17 -8.155630002408983947e-02
1.233075116533993665e+01 6.938893903907228378e-18 -8.071196510595603224e-02
1.248783079801942719e+01 2.862293735361731706e-17 -7.979727587668505873e-02
1.264491043069891774e+01 1.578598363138894456e-16 -7.880568269669065151e-02
1.280199006337840650e+01 1.275021754842953214e-16 -7.777346869163090370e-02
1.295906969605789527e+01 1.700029006457270953e-16 -7.674913503251705460e-02
1.311614932873738759e+01 2.012279232133096230e-16 -7.576477936296847904e-02
1.327322896141687636e+01 1.960237527853792017e-16 -7.483334845078039310e-02
1.343030859409636513e+01 1.743397093356691130e-16 -7.396671659234416163e-02
1.358738822677585389e+01 1.006139616066548115e-16 -7.318381801792282759e-02
1.374446785945534444e+01 5.117434254131580929e-17 -7.248947391257928863e-02
1.390154749213483498e+01 2.688821387764050996e-17 -7.184557176989515848e-02
1.405862712481432553e+01 -5.204170427930421283e-18 -7.117838184535188462e-02
1.421570675749381429e+01 4.076600168545496672e-17 -7.043087314593375614e-02
1.437278639017330306e+01 1.049507702965968292e-16 -6.961008393808845729e-02
1.452986602285279183e+01 8.847089727481716182e-17 -6.878012477443903872e-02
1.468694565553228415e+01 1.032160468206200221e-16 -6.800893419802313267e-02
1.484402528821177292e+01 3.903127820947815962e-17 -6.731484044412654189e-02
1.500110492089126168e+01 -1.040834085586084257e-17 -6.666053604982677405e-02
1.515818455357075223e+01 -1.647987302177966740e-17 -6.599859067769647814e-02
1.531526418625024100e+01 -6.071532165918824830e-18 -6.531986933689640229e-02
1.547234381892972976e+01 -6.938893903907228378e-18 -6.465503346642410831e-02
1.562942345160922208e+01 8.673617379884035472e-19 -6.403190479663598000e-02
1.578650308428871085e+01 4.423544863740858091e-17 -6.343858416083790475e-02
1.594358271696819962e+01 9.454242944073598665e-17 -6.283341800336068872e-02
1.610066234964768839e+01 9.627715291671279374e-17 -6.219028564213832655e-02
1.625774198232717893e+01 9.627715291671279374e-17 -6.152991862271094126e-02
1.641482161500666948e+01 3.382710778154773834e-17 -6.090513757648476079e-02
1.657190124768616002e+01 3.295974604355933479e-17 -6.035652333991760321e-02
1.672898088036564701e+01 1.821459649775647449e-17 -5.987964095303948547e-02
1.688606051304513755e+01 4.250072516143177381e-17 -5.943052285403642443e-02
1.704314014572462810e+01 9.194034422677077600e-17 -5.896290070820221774e-02
1.720021977840411864e+01 1.144917494144692682e-16 -5.845896027191212208e-02
1.735729941108360919e+01 1.569924745759010420e-16 -5.792748527020825239e-02
1.751437904376309618e+01 1.275021754842953214e-16 -5.738332087939229664e-02
1.767145867644258672e+01 1.092875789865388469e-16 -5.683553827417020532e-02
1.782853830912207371e+01 1.058181320345852328e-16 -5.629222381792392538e-02
1.798561794180156426e+01 1.249000902703301108e-16 -5.576838481809935633e-02
1.814269757448105480e+01 6.505213034913026604e-17 -5.528292489885329453e-02
1.829977720716054534e+01 6.418476861114186249e-17 -5.484604022242757504e-02
1.845685683984003589e+01 7.546047120499110861e-17 -5.444942318481602039e-02
1.861393647251952288e+01 1.101549407245272505e-16 -5.407001536922683566e-02
1.877101610519901342e+01 9.540979117872439019e-17 -5.368467945622481391e-02
