7.853981633974482790e-02 -3.573530360512222614e-16 -1.735306195056932399e+00
2.356194490192344837e-01 -3.599551212651874721e-16 -1.376294682840280670e+00
3.926990816987241395e-01 -1.760744328116459201e-16 -1.155701250796097090e+00
5.497787143782137953e-01 -2.220446049250313081e-16 -9.875976284047118803e-01
7.068583470577034511e-01 -2.498001805406602216e-16 -8.662749781136073191e-01
8.639379797371929959e-01 -2.810252031082427493e-16 -7.769021178761549296e-01
1.021017612416682763e+00 -6.765421556309547668e-17 -7.015883050223226114e-01
1.178097245096172418e+00 -1.422473250300981817e-16 -6.394979112396437237e-01
1.335176877775662074e+00 -4.310787837802365630e-16 -5.877693668338417332e-01
1.492256510455151730e+00 -1.144917494144692682e-16 -5.432913195699760056e-01
1.649336143134641386e+00 -9.194034422677077600e-17 -5.042607031652832639e-01
1.806415775814131042e+00 -3.608224830031758756e-16 -4.699609501737913586e-01
1.963495408493620697e+00 -2.029626466892864300e-16 -4.423363381119705950e-01
2.120575041173110353e+00 -1.535230276239474279e-16 -4.165404934492901723e-01
2.277654673852600009e+00 -2.255140518769849223e-16 -3.921301770248763474e-01
2.434734306532089665e+00 -2.576064361825558535e-16 -3.709722109164209636e-01
2.591813939211579321e+00 1.734723475976807094e-18 -3.517492836743906226e-01
2.748893571891068976e+00 2.645453300864630819e-16 -3.340358646453456259e-01
2.905973204570558632e+00 1.413799632921097782e-16 -3.196408018802419093e-01
3.063052837250048288e+00 5.724587470723463412e-17 -3.051527230309847849e-01
3.220132469929537500e+00 -3.469446951953614189e-18 -2.922546913808208302e-01
3.377212102609027600e+00 2.168404344971008868e-17 -2.801122113341554809e-01
3.534291735288517255e+00 -1.682681771697502882e-16 -2.685816860628709168e-01
3.691371367968007355e+00 1.353084311261909534e-16 -2.574696950354744551e-01
3.848451000647496123e+00 8.500145032286354763e-17 -2.484236853552527213e-01
4.005530633326985779e+00 2.246466901389965187e-16 -2.395718148335009845e-01
4.162610266006476323e+00 -2.315855840429037471e-16 -2.312877094723863602e-01
4.319689898685965979e+00 3.434752482434078047e-16 -2.230838424631321204e-01
4.476769531365454746e+00 2.428612866367529932e-16 -2.159133566716016916e-01
4.633849164044944402e+00 1.726049858596923059e-16 -2.086943428573466708e-01
4.790928796724434946e+00 2.116362640691704655e-16 -2.023865450490902884e-01
4.948008429403924602e+00 1.552577510999242349e-16 -1.961403512611266109e-01
5.105088062083413369e+00 3.781697177629439466e-16 -1.903325457454336234e-01
5.262167694762903025e+00 4.354155924701785807e-16 -1.853387923861606057e-01
5.419247327442393569e+00 1.942890293094023946e-16 -1.801535977358279528e-01
5.576326960121883225e+00 2.602085213965210642e-16 -1.752034641277080973e-01
5.733406592801371993e+00 -8.326672684688674053e-17 -1.709183224368666654e-01
5.890486225480861648e+00 -6.938893903907228378e-18 -1.663494305161093700e-01
6.047565858160352192e+00 6.591949208711866959e-17 -1.621796686821430911e-01
6.204645490839841848e+00 3.486794186713382260e-16 -1.582020182691218357e-01
6.361725123519330616e+00 9.454242944073598665e-17 -1.543212862850557032e-01
6.518804756198821160e+00 1.127570259384924611e-16 -1.508224806155286368e-01
6.675884388878310816e+00 5.377642775528101993e-17 -1.474657989441466588e-01
6.832964021557799583e+00 -3.642919299551294898e-17 -1.443503112428215496e-01
6.990043654237290127e+00 -3.469446951953614189e-18 -1.411207166204799246e-01
7.147123286916778895e+00 2.541369892306022393e-16 -1.380312889581906122e-01
7.304202919596268551e+00 -2.081668171172168513e-17 -1.351630272830906809e-01
7.461282552275759095e+00 7.285838599102589797e-17 -1.323766735785724680e-01
7.618362184955247862e+00 -2.020952849512980265e-16 -1.295221579860660333e-01
7.775441817634738406e+00 -9.367506770274758310e-17 -1.269136458701248249e-01
7.932521450314228062e+00 1.908195823574487804e-17 -1.244437070120114897e-01
8.089601082993716830e+00 -1.032160468206200221e-16 -1.222387392072728785e-01
8.246680715673207374e+00 2.168404344971008868e-17 -1.200402748324065905e-01
8.403760348352696141e+00 1.691355389077386917e-16 -1.178496770508645208e-01
8.560839981032184909e+00 -1.726049858596923059e-16 -1.158345831028654016e-01
8.717919613711675453e+00 -1.500535806719938137e-16 -1.137682478071403158e-01
8.874999246391165997e+00 -1.431146867680865853e-16 -1.116676880650808029e-01
9.032078879070656541e+00 1.006139616066548115e-16 -1.097685537416009521e-01
9.189158511750145308e+00 -8.673617379884035472e-17 -1.079678699654145063e-01
9.346238144429634076e+00 -1.569924745759010420e-16 -1.061926565838787473e-01
9.503317777109124620e+00 1.517883041479706208e-16 -1.044884506143992642e-01
9.660397409788613388e+00 -1.084202172485504434e-16 -1.027801946976236031e-01
9.817477042468102155e+00 -1.066854937725736363e-16 -1.013083851090497839e-01
9.974556675147592699e+00 1.214306433183764966e-17 -9.968936495652105934e-02
1.013163630782708324e+01 -3.903127820947815962e-17 -9.813347982701534078e-02
1.028871594050657379e+01 7.892991815694472280e-17 -9.663215856204712684e-02
1.044579557318606255e+01 -1.838806884535415520e-16 -9.521086028215722252e-02
1.060287520586555132e+01 1.639313684798082704e-16 -9.385689719250632501e-02
1.075995483854504187e+01 3.426078865054194011e-16 -9.248871350758473830e-02
1.091703447122453063e+01 -1.058181320345852328e-16 -9.118050665691782020e-02
1.107411410390401940e+01 -1.986258379993444123e-16 -8.991283260009533262e-02
1.123119373658350995e+01 -6.852157730108388023e-17 -8.879328137525804854e-02
1.138827336926300049e+01 -6.852157730108388023e-17 -8.746393264800363110e-02
1.154535300194249103e+01 -5.204170427930421283e-17 -8.629673497925216541e-02
1.170243263462197980e+01 -4.943961906533900219e-17 -8.513825901895936965e-02
1.185951226730146857e+01 5.464378949326942347e-17 -8.399203496506639499e-02
1.201659189998095911e+01 -1.214306433183764966e-17 -8.299940821625735599e-02
1.217367153266044788e+01 -4.076600168545496672e-17 -8.193617106445566511e-02
1.233075116533993665e+01 3.382710778154773834e-17 -8.087095078840797480e-02
1.248783079801942719e+01 1.127570259384924611e-17 -7.992462489496018896e-02
1.264491043069891774e+01 1.509209424099822172e-16 -7.895422057585455011e-02
1.280199006337840650e+01 1.344410693882025498e-16 -7.803637866680179780e-02
1.295906969605789527e+01 8.933825901280556536e-17 -7.707840274524255242e-02
1.311614932873738759e+01 6.071532165918824830e-18 -7.618195177354195047e-02
1.327322896141687636e+01 -3.469446951953614189e-18 -7.524981717594994568e-02
1.343030859409636513e+01 5.637851296924623057e-17 -7.437783582082765910e-02
1.358738822677585389e+01 1.101549407245272505e-16 -7.356928407921622948e-02
1.374446785945534444e+01 -6.158268339717665185e-17 -7.264538296807743212e-02
1.390154749213483498e+01 -4.597017211338538800e-17 -7.184762907382070962e-02
1.405862712481432553e+01 7.979727989493312634e-17 -7.112222279237055689e-02
1.421570675749381429e+01 8.847089727481716182e-17 -7.031548310561411275e-02
1.437278639017330306e+01 -3.295974604355933479e-17 -6.953274176387817807e-02
1.452986602285279183e+01 -2.471980953266950110e-16 -6.883457047388756578e-02
1.468694565553228415e+01 3.382710778154773834e-17 -6.810837204594943906e-02
1.484402528821177292e+01 2.949029909160572061e-17 -6.736952351259940797e-02
1.500110492089126168e+01 -1.647987302177966740e-17 -6.665831467549467038e-02
1.515818455357075223e+01 -8.066464163292152989e-17 -6.600596838104762221e-02
1.531526418625024100e+01 2.046973701652632371e-16 -6.531977843560285435e-02
1.547234381892972976e+01 -9.367506770274758310e-17 -6.464781114776170512e-02
1.562942345160922208e+01 -1.214306433183764966e-17 -6.403378150898476895e-02
1.578650308428871085e+01 6.071532165918824830e-18 -6.339115724150734543e-02
1.594358271696819962e+01 2.341876692568689577e-17 -6.275135899722567023e-02
1.610066234964768839e+01 -1.474514954580286030e-16 -6.214747625642865619e-02
1.625774198232717893e+01 -4.943961906533900219e-17 -6.158772697786889239e-02
1.641482161500666948e+01 1.049507702965968292e-16 -6.098731522579572961e-02
1.657190124768616002e+01 3.903127820947815962e-17 -6.039457638516551596e-02
1.672898088036564701e+01 3.469446951953614189e-18 -5.987822323391396584e-02
1.688606051304513755e+01 2.602085213965210642e-17 -5.933442632891690327e-02
1.704314014572462810e+01 5.204170427930421283e-17 -5.873689875638317404e-02
1.720021977840411864e+01 6.331740687315345895e-17 -5.822958821765826520e-02
1.735729941108360919e+01 1.647987302177966740e-17 -5.770640505585070135e-02
1.751437904376309618e+01 4.423544863740858091e-17 -5.717263250991251600e-02
1.767145867644258672e+01 4.770489558936219510e-17 -5.667734518568550567e-02
1.782853830912207371e+01 5.290906601729261638e-17 -5.617210257272581275e-02
1.798561794180156426e+01 8.066464163292152989e-17 -5.570384339585095212e-02
1.814269757448105480e+01 5.637851296924623057e-17 -5.523034977914518390e-02
1.829977720716054534e+01 1.110223024625156540e-16 -5.478368987728794715e-02
1.845685683984003589e+01 3.035766082959412415e-17 -5.430787485185072094e-02
1.861393647251952288e+01 1.170938346284344789e-16 -5.385125257444021984e-02
1.877101610519901342e+01 1.474514954580286030e-16 -5.343541440601949633e-02
