7.853981633974482790e-02 -2.177077962350892903e-16 -9.054807214998681353e-01
2.356194490192344837e-01 -7.632783294297951215e-17 -6.454149932160572201e-01
3.926990816987241395e-01 -1.179611963664228824e-16 -5.676133235401368271e-01
5.497787143782137953e-01 -8.586881206085195117e-17 -5.378119752827400513e-01
7.068583470577034511e-01 -1.188285581044112860e-16 -5.289871188748898057e-01
8.639379797371929959e-01 -7.025630077706068732e-17 -5.238203482253852572e-01
1.021017612416682763e+00 -1.543903893619358314e-16 -4.879628089256113910e-01
1.178097245096172418e+00 -2.307182223049153436e-16 -4.760060435876903862e-01
1.335176877775662074e+00 -2.966377143920340131e-16 -4.573192852796960084e-01
1.492256510455151730e+00 -2.541369892306022393e-16 -4.368223174337756975e-01
1.649336143134641386e+00 -3.061786935099064522e-16 -4.182825840854311750e-01
1.806415775814131042e+00 -3.113828639378368734e-16 -3.957733233408207707e-01
1.963495408493620697e+00 -2.940356291780688025e-16 -3.827319002276148296e-01
2.120575041173110353e+00 -2.541369892306022393e-16 -3.592573447201631298e-01
2.277654673852600009e+00 -2.966377143920340131e-16 -3.489291774003579483e-01
2.434734306532089665e+00 -2.229119666630197116e-16 -3.293554080070140166e-01
2.591813939211579321e+00 -1.309716224362489356e-16 -3.205493769029572615e-01
2.748893571891068976e+00 -2.688821387764050996e-17 -3.049066754405881929e-01
2.905973204570558632e+00 4.597017211338538800e-17 -2.916612081182636262e-01
3.063052837250048288e+00 2.515349040166370287e-17 -2.820705331483290279e-01
3.220132469929537500e+00 -5.811323644522303766e-17 -2.709690347094247942e-01
3.377212102609027600e+00 -6.852157730108388023e-17 -2.601976315907219561e-01
3.534291735288517255e+00 4.336808689942017736e-18 -2.509102718024771583e-01
3.691371367968007355e+00 1.222980050563649002e-16 -2.463385535371059865e-01
3.848451000647496123e+00 1.569924745759010420e-16 -2.365638790126817770e-01
4.005530633326985779e+00 1.986258379993444123e-16 -2.264068026744692208e-01
4.162610266006476323e+00 7.892991815694472280e-17 -2.194735368844213108e-01
4.319689898685965979e+00 3.894454203567931927e-16 -2.157294610181455796e-01
4.476769531365454746e+00 2.723515857283587138e-16 -2.058263618156291885e-01
4.633849164044944402e+00 3.391384395534657870e-16 -2.016392017694521588e-01
4.790928796724434946e+00 3.417405247674309976e-16 -1.980950781461498500e-01
4.948008429403924602e+00 3.313321839115701550e-16 -1.900571826195722180e-01
5.105088062083413369e+00 4.657732532997727048e-16 -1.849188300701852528e-01
5.262167694762903025e+00 4.831204880595407758e-16 -1.802458904801931272e-01
5.419247327442393569e+00 3.703634621210483147e-16 -1.744758425173991712e-01
5.576326960121883225e+00 2.324529457808921507e-16 -1.707967591672494012e-01
5.733406592801371993e+00 1.535230276239474279e-16 -1.674853627031361314e-01
5.890486225480861648e+00 -6.071532165918824830e-18 -1.624700603334416071e-01
6.047565858160352192e+00 2.454633718507182039e-16 -1.589269747582318926e-01
6.204645490839841848e+00 2.558717127065790464e-16 -1.544594126727485695e-01
6.361725123519330616e+00 2.367897544708341684e-16 -1.510335419684949998e-01
6.518804756198821160e+00 4.336808689942017736e-18 -1.474699873681906137e-01
6.675884388878310816e+00 3.911801438327699998e-16 -1.445552510597376550e-01
6.832964021557799583e+00 7.025630077706068732e-17 -1.418431967264000559e-01
6.990043654237290127e+00 3.191891195797325054e-16 -1.389776163951255694e-01
7.147123286916778895e+00 -4.250072516143177381e-17 -1.355980892523313830e-01
7.304202919596268551e+00 6.071532165918824830e-18 -1.338473301492634771e-01
7.461282552275759095e+00 3.729655473350135253e-17 -1.303481821345794378e-01
7.618362184955247862e+00 4.076600168545496672e-17 -1.282081801448963776e-01
7.775441817634738406e+00 -3.903127820947815962e-17 -1.261236332946986116e-01
7.932521450314228062e+00 1.994931997373328159e-17 -1.242571470654101895e-01
8.089601082993716830e+00 -1.708702623837154988e-16 -1.210842099639388714e-01
8.246680715673207374e+00 3.989863994746656317e-17 -1.183258409951661178e-01
8.403760348352696141e+00 -6.331740687315345895e-17 -1.166882219124147080e-01
8.560839981032184909e+00 -1.309716224362489356e-16 -1.145271490342233411e-01
8.717919613711675453e+00 -7.546047120499110861e-17 -1.127552825008677206e-01
8.874999246391165997e+00 -1.327063459122257427e-16 -1.106608433432110378e-01
9.032078879070656541e+00 1.474514954580286030e-17 -1.092546122667840680e-01
9.189158511750145308e+00 -9.974659986866640793e-17 -1.071737355414433823e-01
9.346238144429634076e+00 -1.535230276239474279e-16 -1.053421072658144442e-01
9.503317777109124620e+00 -9.887923813067800438e-17 -1.034752266242512098e-01
9.660397409788613388e+00 -1.994931997373328159e-17 -1.018377318772919204e-01
9.817477042468102155e+00 -4.336808689942017736e-17 -1.006052249285580291e-01
9.974556675147592699e+00 5.204170427930421283e-18 -9.918861173847351442e-02
1.013163630782708324e+01 2.428612866367529932e-17 -9.754974153216254551e-02
1.028871594050657379e+01 -1.734723475976807094e-17 -9.620837011248170589e-02
1.044579557318606255e+01 8.586881206085195117e-17 -9.526449127159274111e-02
1.060287520586555132e+01 1.387778780781445676e-16 -9.328167710160975568e-02
1.075995483854504187e+01 1.084202172485504434e-16 -9.214095610945699510e-02
1.091703447122453063e+01 1.526556658859590243e-16 -9.084931858039135832e-02
1.107411410390401940e+01 -1.587271980518778491e-16 -8.955985205835284568e-02
1.123119373658350995e+01 -5.464378949326942347e-17 -8.862317985938633624e-02
1.138827336926300049e+01 -8.673617379884035472e-18 -8.688187624181767377e-02
1.154535300194249103e+01 -7.806255641895631925e-17 -8.597216694143569593e-02
1.170243263462197980e+01 -8.673617379884035472e-19 -8.463110875352657103e-02
1.185951226730146857e+01 5.204170427930421283e-18 -8.358402019959254581e-02
1.201659189998095911e+01 5.030698080332740574e-17 -8.270011663318882489e-02
1.217367153266044788e+01 3.295974604355933479e-17 -8.150744712659781233e-02
1.233075116533993665e+01 -1.561251128379126385e-17 -8.063678119718042936e-02
1.248783079801942719e+01 5.724587470723463412e-17 -7.985869113446644740e-02
1.264491043069891774e+01 7.546047120499110861e-17 -7.850907973378161431e-02
1.280199006337840650e+01 2.515349040166370287e-16 -7.783434443497411204e-02
1.295906969605789527e+01 1.405126015541213746e-16 -7.681026946082541995e-02
1.311614932873738759e+01 -6.071532165918824830e-18 -7.583359940971517998e-02
1.327322896141687636e+01 4.076600168545496672e-17 -7.500929154370690466e-02
1.343030859409636513e+01 1.257674520083185143e-16 -7.421594583160723291e-02
1.358738822677585389e+01 4.163336342344337027e-17 -7.363913995809898139e-02
1.374446785945534444e+01 7.719519468096791570e-17 -7.257692949520881676e-02
1.390154749213483498e+01 8.326672684688674053e-17 -7.198951017011094577e-02
1.405862712481432553e+01 7.979727989493312634e-17 -7.122997217123878955e-02
1.421570675749381429e+01 2.775557561562891351e-17 -7.027880215099420458e-02
1.437278639017330306e+01 -5.030698080332740574e-17 -6.934628663388965608e-02
1.452986602285279183e+01 -1.275021754842953214e-16 -6.887661542246692470e-02
1.468694565553228415e+01 -8.673617379884035472e-18 -6.802610775455436576e-02
1.484402528821177292e+01 -4.076600168545496672e-17 -6.737598156120472304e-02
1.500110492089126168e+01 3.989863994746656317e-17 -6.665359999935879798e-02
1.515818455357075223e+01 -3.556183125752454544e-17 -6.594324690573236114e-02
1.531526418625024100e+01 -3.295974604355933479e-17 -6.531987056747937115e-02
1.547234381892972976e+01 -5.377642775528101993e-17 -6.470781395797144120e-02
1.562942345160922208e+01 3.556183125752454544e-17 -6.403831676893556590e-02
1.578650308428871085e+01 2.862293735361731706e-17 -6.338562200628128362e-02
1.594358271696819962e+01 -6.071532165918824830e-18 -6.281916520722931330e-02
1.610066234964768839e+01 -8.239936510889833698e-17 -6.211455673791310694e-02
1.625774198232717893e+01 -2.255140518769849223e-17 -6.172714102381483825e-02
1.641482161500666948e+01 4.597017211338538800e-17 -6.101342477468031655e-02
1.657190124768616002e+01 7.546047120499110861e-17 -6.032154311497707477e-02
1.672898088036564701e+01 7.546047120499110861e-17 -5.978667268577411709e-02
1.688606051304513755e+01 6.852157730108388023e-17 -5.937657040988558038e-02
1.704314014572462810e+01 7.112366251504909087e-17 -5.869602342922446148e-02
1.720021977840411864e+01 1.014813233446432150e-16 -5.831989123074059200e-02
1.735729941108360919e+01 3.989863994746656317e-17 -5.783402605615524383e-02
1.751437904376309618e+01 2.081668171172168513e-17 -5.734853386744767634e-02
1.767145867644258672e+01 9.280770596475917955e-17 -5.680613770018177328e-02
1.782853830912207371e+01 1.413799632921097782e-16 -5.626431634470337173e-02
1.798561794180156426e+01 5.811323644522303766e-17 -5.589711277607029710e-02
1.814269757448105480e+01 9.194034422677077600e-17 -5.525757261613187948e-02
1.829977720716054534e+01 4.943961906533900219e-17 -5.487553681003237011e-02
1.845685683984003589e+01 6.418476861114186249e-17 -5.446763910386815538e-02
1.861393647251952288e+01 1.058181320345852328e-16 -5.395711768404913566e-02
1.877101610519901342e+01 7.285838599102589797e-17 -5.357246739924583639e-02
