7.853981633974482790e-02 -5.922866364027612462e-14 -2.108599974779052921e-01
2.356194490192344837e-01 -2.369111851141525449e-14 -4.011496014532837662e-01
3.926990816987241395e-01 -1.639747365667076906e-14 -4.220158759370255530e-01
5.497787143782137953e-01 -1.685023648390071571e-14 -4.579701228881805086e-01
7.068583470577034511e-01 -9.950373858202965494e-15 -4.778388024832100900e-01
8.639379797371929959e-01 -6.581540867856006116e-15 -4.588018394672397360e-01
1.021017612416682763e+00 -7.755948661092304519e-15 -4.465976422619245545e-01
1.178097245096172418e+00 -7.138387103644561194e-15 -4.511394132335762031e-01
1.335176877775662074e+00 -4.708039513801054454e-15 -4.463189793908481917e-01
1.492256510455151730e+00 -3.259545411360420530e-15 -4.228661015673360057e-01
1.649336143134641386e+00 -3.377506607726843413e-15 -3.977712223779624190e-01
1.806415775814131042e+00 -2.959438250016432903e-15 -3.825561487447984854e-01
1.963495408493620697e+00 -3.312454477377713147e-15 -3.657421506636867048e-01
2.120575041173110353e+00 -4.032364719908088091e-15 -3.536290628806419423e-01
2.277654673852600009e+00 -3.027092465579528380e-15 -3.391449511809362938e-01
2.434734306532089665e+00 -3.011479954295737116e-15 -3.214556756674650240e-01
2.591813939211579321e+00 -3.724451302922204832e-15 -3.129679936370574067e-01
2.748893571891068976e+00 -2.976785484776200974e-15 -3.054176681519920611e-01
2.905973204570558632e+00 -2.180547409302846518e-15 -2.894197392055337659e-01
3.063052837250048288e+00 -2.768618667658984123e-15 -2.750981649544791963e-01
3.220132469929537500e+00 -3.660266534311062969e-15 -2.687806219216708481e-01
3.377212102609027600e+00 -3.233524559220768424e-15 -2.616430561349649131e-01
3.534291735288517255e+00 -3.023623018627574766e-15 -2.508226622741797640e-01
3.691371367968007355e+00 -3.259545411360420530e-15 -2.415157051735693505e-01
3.848451000647496123e+00 -3.185819663631406229e-15 -2.353830597186292728e-01
4.005530633326985779e+00 -2.655861641720491662e-15 -2.267034521562423244e-01
4.162610266006476323e+00 -2.258609965721802837e-15 -2.167432006684750778e-01
4.319689898685965979e+00 -1.852684672343229977e-15 -2.103375141026944672e-01
4.476769531365454746e+00 -1.490994827602065698e-15 -2.069082642884461087e-01
4.633849164044944402e+00 -9.367506770274758310e-16 -2.016224324813686852e-01
4.790928796724434946e+00 -3.790370795009323501e-16 -1.949286777581947794e-01
4.948008429403924602e+00 -1.595945597898662527e-16 -1.898096393256784309e-01
5.105088062083413369e+00 -1.734723475976807094e-18 -1.844603437745933050e-01
5.262167694762903025e+00 2.376571162088225719e-16 -1.787886524798676935e-01
5.419247327442393569e+00 -3.816391647148975608e-17 -1.744063214966638520e-01
5.576326960121883225e+00 -1.283695372222837250e-16 -1.709653190321478444e-01
5.733406592801371993e+00 -3.070460552478948557e-16 -1.661910541053286117e-01
5.890486225480861648e+00 -4.371503159461553878e-16 -1.613265790447573067e-01
6.047565858160352192e+00 -6.192962809237201327e-16 -1.572356038206501327e-01
6.204645490839841848e+00 -8.994541222939744785e-16 -1.538316944920742890e-01
6.361725123519330616e+00 -1.110223024625156540e-15 -1.505469235898181102e-01
6.518804756198821160e+00 -1.081600087271539223e-15 -1.473935070013659143e-01
6.675884388878310816e+00 -1.224714774039625809e-15 -1.445395484569473310e-01
6.832964021557799583e+00 -1.344410693882025498e-15 -1.413325363876429541e-01
6.990043654237290127e+00 -1.375635716449608026e-15 -1.385704428069566285e-01
7.147123286916778895e+00 -1.193489751472043281e-15 -1.361373914487134240e-01
7.304202919596268551e+00 -1.278491201794906829e-15 -1.335437284763306143e-01
7.461282552275759095e+00 -1.154458473262565121e-15 -1.303874262061002209e-01
7.618362184955247862e+00 -1.066854937725736363e-15 -1.275286670088468521e-01
7.775441817634738406e+00 -9.731798700229887800e-16 -1.247428892752478757e-01
7.932521450314228062e+00 -1.141448047192739068e-15 -1.223392910677578993e-01
8.089601082993716830e+00 -1.031293106468211818e-15 -1.208500072358590638e-01
8.246680715673207374e+00 -1.117161918529063769e-15 -1.192356672027096304e-01
8.403760348352696141e+00 -8.638922910364499330e-16 -1.168861140818892030e-01
8.560839981032184909e+00 -8.075137780672037024e-16 -1.140662862247534687e-01
8.717919613711675453e+00 -7.537373503119226825e-16 -1.122660688235442017e-01
8.874999246391165997e+00 -7.077671781985372945e-16 -1.107254201144002165e-01
9.032078879070656541e+00 -5.568462357885550773e-16 -1.088362105106866345e-01
9.189158511750145308e+00 -4.943961906533900219e-16 -1.072970817801124216e-01
9.346238144429634076e+00 -3.894454203567931927e-16 -1.058741704021845531e-01
9.503317777109124620e+00 -4.388850394221321949e-16 -1.036755595284587078e-01
9.660397409788613388e+00 -3.616898447411642792e-16 -1.018810091115791294e-01
9.817477042468102155e+00 -3.148523108897904876e-16 -1.008877403502146386e-01
9.974556675147592699e+00 -1.240327285323417073e-16 -9.899704053274155369e-02
1.013163630782708324e+01 -2.454633718507182039e-16 -9.726264285002705900e-02
1.028871594050657379e+01 -1.804112415015879378e-16 -9.610614584147415818e-02
1.044579557318606255e+01 -2.463307335887066074e-16 -9.497829404345076165e-02
1.060287520586555132e+01 -1.786765180256111307e-16 -9.333959254106652392e-02
1.075995483854504187e+01 -2.333203075188805542e-16 -9.186019807743020515e-02
1.091703447122453063e+01 -2.038300084272748336e-16 -9.120226481524068562e-02
1.107411410390401940e+01 -2.706168622523819067e-16 -8.976094309164243945e-02
1.123119373658350995e+01 -2.714842239903703103e-16 -8.801011614874211519e-02
1.138827336926300049e+01 -3.157196726277788912e-16 -8.706366971763856988e-02
1.154535300194249103e+01 -9.801187639268960083e-17 -8.604501047794713142e-02
1.170243263462197980e+01 -2.142383492831356762e-16 -8.454483806560059156e-02
1.185951226730146857e+01 -9.020562075079396891e-17 -8.356595603799554794e-02
1.201659189998095911e+01 -1.301042606982605321e-17 -8.249071477975146449e-02
1.217367153266044788e+01 -8.933825901280556536e-17 -8.142644176579380555e-02
1.233075116533993665e+01 -1.292368989602721285e-16 -8.083886020688291207e-02
1.248783079801942719e+01 -2.341876692568689577e-17 -7.969431080260377942e-02
1.264491043069891774e+01 1.283695372222837250e-16 -7.840612959175922991e-02
1.280199006337840650e+01 -1.908195823574487804e-17 -7.780848167872633780e-02
1.295906969605789527e+01 -9.020562075079396891e-17 -7.724574340005832540e-02
1.311614932873738759e+01 -5.898059818321144121e-17 -7.608510474204975560e-02
1.327322896141687636e+01 -1.188285581044112860e-16 -7.494772790892226255e-02
1.343030859409636513e+01 -1.621966450038314633e-16 -7.434365385311747509e-02
1.358738822677585389e+01 -1.144917494144692682e-16 -7.383548554129362729e-02
1.374446785945534444e+01 -1.509209424099822172e-16 -7.273332339047237916e-02
1.390154749213483498e+01 -1.734723475976807094e-16 -7.169026952862309066e-02
1.405862712481432553e+01 -2.116362640691704655e-16 -7.123426276964947568e-02
1.421570675749381429e+01 -1.656660919557850775e-16 -7.047477205492300167e-02
1.437278639017330306e+01 -2.914335439641035919e-16 -6.929669189377653249e-02
1.452986602285279183e+01 -2.654126918244514854e-16 -6.845699361630136481e-02
1.468694565553228415e+01 -2.463307335887066074e-16 -6.801124619108386837e-02
1.484402528821177292e+01 -2.246466901389965187e-16 -6.744397390871331721e-02
1.500110492089126168e+01 -2.376571162088225719e-16 -6.658364974303973560e-02
1.515818455357075223e+01 -2.072994553792284478e-16 -6.575825594847219124e-02
1.531526418625024100e+01 -2.402592014227877826e-16 -6.531965925576926901e-02
1.547234381892972976e+01 -2.185751579730776939e-16 -6.488392674033001406e-02
1.562942345160922208e+01 -2.081668171172168513e-16 -6.410192287886447293e-02
1.578650308428871085e+01 -1.882174971434835697e-16 -6.332681004186285767e-02
1.594358271696819962e+01 -1.856154119295183591e-16 -6.283118099775916732e-02
1.610066234964768839e+01 -2.064320936412400442e-16 -6.244399572427876410e-02
1.625774198232717893e+01 -2.324529457808921507e-16 -6.176445930155560760e-02
1.641482161500666948e+01 -1.136243876764808647e-16 -6.087379963186045906e-02
1.657190124768616002e+01 -1.214306433183764966e-16 -6.031855139826261536e-02
1.672898088036564701e+01 -1.153591111524576718e-16 -5.998002141864240688e-02
1.688606051304513755e+01 -9.714451465470119729e-17 -5.928052680635173544e-02
1.704314014572462810e+01 -7.199102425303749442e-17 -5.858114016245194455e-02
1.720021977840411864e+01 -7.025630077706068732e-17 -5.824860403068017611e-02
1.735729941108360919e+01 -2.775557561562891351e-17 -5.786666510902223337e-02
1.751437904376309618e+01 -9.540979117872439019e-18 -5.722167974024574416e-02
1.767145867644258672e+01 -2.862293735361731706e-17 -5.659705600442493933e-02
1.782853830912207371e+01 3.469446951953614189e-17 -5.627610123066907610e-02
1.798561794180156426e+01 9.801187639268960083e-17 -5.594181375074537554e-02
1.814269757448105480e+01 4.250072516143177381e-17 -5.532548577390081213e-02
1.829977720716054534e+01 1.647987302177966740e-17 -5.479633052052498843e-02
1.845685683984003589e+01 4.336808689942017736e-17 -5.449770940164422317e-02
1.861393647251952288e+01 5.984795992119984476e-17 -5.403115734947337712e-02
1.877101610519901342e+01 3.209238430557093125e-17 -5.357856741124868150e-02
