7.853981633974482790e-02 -1.994931997373328159e-16 -1.774129674886816055e+00
2.356194490192344837e-01 -5.811323644522303766e-17 -1.439680020369962454e+00
3.926990816987241395e-01 -2.975050761300224167e-16 -1.207671281797220164e+00
5.497787143782137953e-01 -9.627715291671279374e-17 -1.040376009583025674e+00
7.068583470577034511e-01 -2.818925648462311528e-16 -9.104806052222955692e-01
8.639379797371929959e-01 -2.107689023311820620e-16 -8.094323954570894486e-01
1.021017612416682763e+00 -1.639313684798082704e-16 -7.268506829747720666e-01
1.178097245096172418e+00 -7.806255641895631925e-18 -6.618620376187061005e-01
1.335176877775662074e+00 -1.188285581044112860e-16 -6.045101033361636178e-01
1.492256510455151730e+00 -1.986258379993444123e-16 -5.598887298651787914e-01
1.649336143134641386e+00 -1.595945597898662527e-16 -5.180773267938593163e-01
1.806415775814131042e+00 -2.428612866367529932e-17 -4.822218344142018553e-01
1.963495408493620697e+00 -1.656660919557850775e-16 -4.520264356070495260e-01
2.120575041173110353e+00 -6.678685382510707313e-17 -4.242050164482490393e-01
2.277654673852600009e+00 -9.974659986866640793e-17 -4.004243269676499573e-01
2.434734306532089665e+00 -1.101549407245272505e-16 -3.774696013611417156e-01
2.591813939211579321e+00 6.938893903907228378e-18 -3.567670994572338938e-01
2.748893571891068976e+00 2.012279232133096230e-16 -3.393356982405849598e-01
2.905973204570558632e+00 2.905661822261151883e-16 -3.226908530870015723e-01
3.063052837250048288e+00 1.222980050563649002e-16 -3.081778562029425239e-01
3.220132469929537500e+00 -8.673617379884035472e-19 -2.945959848980505003e-01
3.377212102609027600e+00 -3.235259282696745231e-16 -2.820322116252907962e-01
3.534291735288517255e+00 -1.275021754842953214e-16 -2.706879945966774170e-01
3.691371367968007355e+00 4.250072516143177381e-17 -2.596866590233647965e-01
3.848451000647496123e+00 2.133709875451472726e-16 -2.502292496310797310e-01
4.005530633326985779e+00 1.084202172485504434e-16 -2.409106784852406424e-01
4.162610266006476323e+00 4.597017211338538800e-17 -2.325856500642847768e-01
4.319689898685965979e+00 3.070460552478948557e-16 -2.242642589535071562e-01
4.476769531365454746e+00 2.185751579730776939e-16 -2.167316085994132613e-01
4.633849164044944402e+00 9.540979117872439019e-18 -2.100315183036365607e-01
4.790928796724434946e+00 3.460773334573730153e-16 -2.032345005370960744e-01
4.948008429403924602e+00 1.040834085586084257e-16 -1.972100627268063289e-01
5.105088062083413369e+00 2.125036258071588691e-16 -1.914728201813704622e-01
5.262167694762903025e+00 3.391384395534657870e-16 -1.860289458532987661e-01
5.419247327442393569e+00 1.483188571960170066e-16 -1.810834268756557341e-01
5.576326960121883225e+00 8.413408858487514408e-17 -1.759745217766645331e-01
5.733406592801371993e+00 4.597017211338538800e-17 -1.714257283760429740e-01
5.890486225480861648e+00 -7.546047120499110861e-17 -1.670003935964745612e-01
6.047565858160352192e+00 2.818925648462311528e-16 -1.625760433856431320e-01
6.204645490839841848e+00 1.231653667943533037e-16 -1.586182831521776859e-01
6.361725123519330616e+00 1.847480501915299556e-16 -1.547892105882073821e-01
6.518804756198821160e+00 1.569924745759010420e-16 -1.512980711364866615e-01
6.675884388878310816e+00 2.766883944183007316e-16 -1.479136766184014906e-01
6.832964021557799583e+00 -1.647987302177966740e-17 -1.446008443892095596e-01
6.990043654237290127e+00 -9.280770596475917955e-17 -1.414490102883543821e-01
7.147123286916778895e+00 1.344410693882025498e-16 -1.383611935261340464e-01
7.304202919596268551e+00 -1.066854937725736363e-16 -1.351952353039480581e-01
7.461282552275759095e+00 1.066854937725736363e-16 -1.325080628845038966e-01
7.618362184955247862e+00 1.014813233446432150e-16 -1.297587566630579170e-01
7.775441817634738406e+00 -1.778091562876227272e-16 -1.272999773369917487e-01
7.932521450314228062e+00 1.552577510999242349e-16 -1.249906210481362689e-01
8.089601082993716830e+00 -6.071532165918824830e-18 -1.224964197819808503e-01
8.246680715673207374e+00 6.852157730108388023e-17 -1.202109278264749670e-01
8.403760348352696141e+00 1.986258379993444123e-16 -1.180835291355548933e-01
8.560839981032184909e+00 -4.770489558936219510e-17 -1.160019513998761659e-01
8.717919613711675453e+00 1.032160468206200221e-16 -1.138299152712645701e-01
8.874999246391165997e+00 -1.240327285323417073e-16 -1.118658276436537979e-01
9.032078879070656541e+00 6.678685382510707313e-17 -1.098896003234139523e-01
9.189158511750145308e+00 -8.153200337090993344e-17 -1.080639878080867228e-01
9.346238144429634076e+00 -6.852157730108388023e-17 -1.064539911431692798e-01
9.503317777109124620e+00 1.908195823574487804e-17 -1.047309162996689913e-01
9.660397409788613388e+00 -2.602085213965210642e-18 -1.030326256072286312e-01
9.817477042468102155e+00 6.071532165918824830e-18 -1.013887206903072435e-01
9.974556675147592699e+00 5.984795992119984476e-17 -9.974579656164063446e-02
1.013163630782708324e+01 -4.163336342344337027e-17 -9.820733522748463507e-02
1.028871594050657379e+01 1.292368989602721285e-16 -9.669852844729043273e-02
1.044579557318606255e+01 1.743397093356691130e-16 -9.530623086832913649e-02
1.060287520586555132e+01 1.413799632921097782e-16 -9.391902375551507143e-02
1.075995483854504187e+01 1.249000902703301108e-16 -9.258938992671018886e-02
1.091703447122453063e+01 3.651592916931178934e-16 -9.115934037902070908e-02
1.107411410390401940e+01 -5.030698080332740574e-17 -8.990787016368458062e-02
1.123119373658350995e+01 -5.290906601729261638e-17 -8.865528382533249818e-02
1.138827336926300049e+01 -2.081668171172168513e-17 -8.745615766168618466e-02
1.154535300194249103e+01 -4.076600168545496672e-17 -8.628711346155606976e-02
1.170243263462197980e+01 -9.801187639268960083e-17 -8.513207081599760695e-02
1.185951226730146857e+01 1.387778780781445676e-16 -8.408744460801605147e-02
1.201659189998095911e+01 4.076600168545496672e-17 -8.299553600354292460e-02
1.217367153266044788e+01 6.852157730108388023e-17 -8.198770536554458865e-02
1.233075116533993665e+01 -1.361757928641793569e-16 -8.091561419895099139e-02
1.248783079801942719e+01 -1.301042606982605321e-17 -7.989464344291113962e-02
1.264491043069891774e+01 2.654126918244514854e-16 -7.893133435986049440e-02
1.280199006337840650e+01 1.127570259384924611e-16 -7.800259304841296315e-02
1.295906969605789527e+01 1.301042606982605321e-17 -7.708834843614327526e-02
1.311614932873738759e+01 3.903127820947815962e-17 -7.616269457544802557e-02
1.327322896141687636e+01 4.423544863740858091e-17 -7.523073590594404891e-02
1.343030859409636513e+01 -5.290906601729261638e-17 -7.438914121336590024e-02
1.358738822677585389e+01 1.283695372222837250e-16 -7.354070374301946433e-02
1.374446785945534444e+01 -1.387778780781445676e-17 -7.269940850314748904e-02
1.390154749213483498e+01 1.994931997373328159e-17 -7.187787613428117672e-02
1.405862712481432553e+01 -1.734723475976807094e-18 -7.111154992223717164e-02
1.421570675749381429e+01 3.382710778154773834e-17 -7.038454056110110546e-02
1.437278639017330306e+01 -5.290906601729261638e-17 -6.954439308480259152e-02
1.452986602285279183e+01 -8.673617379884035472e-18 -6.882101525920741869e-02
1.468694565553228415e+01 -9.194034422677077600e-17 -6.807183202320163384e-02
1.484402528821177292e+01 -3.295974604355933479e-17 -6.738421470668842783e-02
1.500110492089126168e+01 7.719519468096791570e-17 -6.666870947842420958e-02
1.515818455357075223e+01 1.821459649775647449e-17 -6.597012252234585317e-02
1.531526418625024100e+01 5.204170427930421283e-18 -6.531946925385478941e-02
1.547234381892972976e+01 -1.647987302177966740e-17 -6.468260631110567260e-02
1.562942345160922208e+01 9.020562075079396891e-17 -6.402377623821824126e-02
1.578650308428871085e+01 -8.673617379884035472e-18 -6.337903267030070564e-02
1.594358271696819962e+01 -9.974659986866640793e-17 -6.278090231001635935e-02
1.610066234964768839e+01 8.673617379884035472e-19 -6.215862476682927629e-02
1.625774198232717893e+01 2.602085213965210642e-18 -6.157846707237145389e-02
1.641482161500666948e+01 1.144917494144692682e-16 -6.093862255883512880e-02
1.657190124768616002e+01 4.336808689942017736e-17 -6.040128497724891327e-02
1.672898088036564701e+01 8.673617379884035472e-18 -5.985917107912690216e-02
1.688606051304513755e+01 4.597017211338538800e-17 -5.930071396087672336e-02
1.704314014572462810e+01 1.075528555105620399e-16 -5.875416079702028282e-02
1.720021977840411864e+01 2.775557561562891351e-17 -5.822281178098445698e-02
1.735729941108360919e+01 1.301042606982605321e-17 -5.771697877705506130e-02
1.751437904376309618e+01 6.245004513516505540e-17 -5.718191259029558465e-02
1.767145867644258672e+01 4.683753385137379155e-17 -5.667299672752421774e-02
1.782853830912207371e+01 4.943961906533900219e-17 -5.618708270274308525e-02
1.798561794180156426e+01 1.413799632921097782e-16 -5.571418443136885723e-02
1.814269757448105480e+01 3.729655473350135253e-17 -5.524231681471433036e-02
1.829977720716054534e+01 2.602085213965210642e-17 -5.476655129305937897e-02
1.845685683984003589e+01 7.719519468096791570e-17 -5.428829268771637184e-02
1.861393647251952288e+01 8.413408858487514408e-17 -5.385300558416426797e-02
1.877101610519901342e+01 1.535230276239474279e-16 -5.340302087308096413e-02
