7.853981633974482790e-02 6.340414304695229930e-16 -1.139061767999341446e-01
2.356194490192344837e-01 -3.469446951953614189e-16 -2.953744501189946026e-01
3.926990816987241395e-01 -3.348016308635237692e-16 -3.950518891305847546e-01
5.497787143782137953e-01 -1.025221574302292993e-15 -4.349428842878211299e-01
7.068583470577034511e-01 -6.175615574477433256e-16 -4.418238280058442990e-01
8.639379797371929959e-01 -5.551115123125782702e-16 -4.355174759616855518e-01
1.021017612416682763e+00 -5.577135975265434809e-16 -4.284582959797403889e-01
1.178097245096172418e+00 -1.301042606982605321e-16 -4.240737567154719834e-01
1.335176877775662074e+00 -3.981190377366772282e-16 -4.195306123418443001e-01
1.492256510455151730e+00 -2.359223927328457648e-16 -4.110706410267568334e-01
1.649336143134641386e+00 -3.400058012914541905e-16 -3.976901174753673107e-01
1.806415775814131042e+00 -5.724587470723463412e-16 -3.815608983900569129e-01
1.963495408493620697e+00 -2.281161370909501329e-16 -3.649088228540458556e-01
2.120575041173110353e+00 -5.273559366969493567e-16 -3.490431815126623372e-01
2.277654673852600009e+00 -3.400058012914541905e-16 -3.350101500488302797e-01
2.434734306532089665e+00 -3.486794186713382260e-16 -3.226205306663330052e-01
2.591813939211579321e+00 -2.827599265842195564e-16 -3.110567188584761333e-01
2.748893571891068976e+00 -1.231653667943533037e-16 -2.994174440700106965e-01
2.905973204570558632e+00 -2.168404344971008868e-16 -2.874987498429425470e-01
3.063052837250048288e+00 -4.163336342344337027e-17 -2.762239663452351612e-01
3.220132469929537500e+00 -1.118896642005040576e-16 -2.661220389787785079e-01
3.377212102609027600e+00 7.025630077706068732e-17 -2.572319992415180723e-01
3.534291735288517255e+00 1.040834085586084257e-16 -2.492337206114626502e-01
3.691371367968007355e+00 1.214306433183764966e-17 -2.414748539253279702e-01
3.848451000647496123e+00 1.960237527853792017e-16 -2.335210017716957964e-01
4.005530633326985779e+00 1.977584762613560088e-16 -2.255064592178848970e-01
4.162610266006476323e+00 2.445960101127298003e-16 -2.181895796570814394e-01
4.319689898685965979e+00 2.298508605669269400e-16 -2.121978098891964537e-01
4.476769531365454746e+00 2.489328188026718180e-16 -2.069681439956352065e-01
4.633849164044944402e+00 3.417405247674309976e-16 -2.015265919313276588e-01
4.790928796724434946e+00 1.804112415015879378e-16 -1.958719630892782892e-01
4.948008429403924602e+00 2.532696274926138358e-16 -1.902081355102065441e-01
5.105088062083413369e+00 3.018418848199644344e-16 -1.845175468478875702e-01
5.262167694762903025e+00 3.139849491518020841e-16 -1.791439597495963765e-01
5.419247327442393569e+00 4.423544863740858091e-16 -1.744452630334477061e-01
5.576326960121883225e+00 1.856154119295183591e-16 -1.703034191815910314e-01
5.733406592801371993e+00 2.168404344971008868e-16 -1.661684088286733418e-01
5.890486225480861648e+00 2.480654570646834145e-16 -1.617173084238962555e-01
6.047565858160352192e+00 2.263814136149733258e-16 -1.574639335498028703e-01
6.204645490839841848e+00 1.500535806719938137e-16 -1.538582939654472292e-01
6.361725123519330616e+00 1.561251128379126385e-16 -1.504837453826894100e-01
6.518804756198821160e+00 1.344410693882025498e-16 -1.471421532951114886e-01
6.675884388878310816e+00 2.255140518769849223e-17 -1.442291666421201823e-01
6.832964021557799583e+00 -6.938893903907228378e-18 -1.415864734431185878e-01
6.990043654237290127e+00 -6.245004513516505540e-17 -1.387313745528783171e-01
7.147123286916778895e+00 -1.361757928641793569e-16 -1.356271284144296985e-01
7.304202919596268551e+00 -1.752070710736575165e-16 -1.325387358345670730e-01
7.461282552275759095e+00 -8.847089727481716182e-17 -1.297504317048668310e-01
7.618362184955247862e+00 -1.249000902703301108e-16 -1.273245258990303441e-01
7.775441817634738406e+00 -2.220446049250313081e-16 -1.250693601980890080e-01
7.932521450314228062e+00 -2.324529457808921507e-16 -1.228580261904859694e-01
8.089601082993716830e+00 -2.307182223049153436e-16 -1.206825283244034874e-01
8.246680715673207374e+00 -3.139849491518020841e-16 -1.185124502378816225e-01
8.403760348352696141e+00 -1.752070710736575165e-16 -1.163193554810973418e-01
8.560839981032184909e+00 -1.335737076502141463e-16 -1.141947417588562858e-01
8.717919613711675453e+00 -2.636779683484746784e-16 -1.123105673925514081e-01
8.874999246391165997e+00 -2.775557561562891351e-16 -1.105912009781533784e-01
9.032078879070656541e+00 -1.812786032395763414e-16 -1.087213480832454754e-01
9.189158511750145308e+00 -2.151057110211240797e-16 -1.067003963168407510e-01
9.346238144429634076e+00 -2.133709875451472726e-16 -1.048703401505159949e-01
9.503317777109124620e+00 -2.125036258071588691e-16 -1.032806844554766956e-01
9.660397409788613388e+00 -1.465841337200401995e-16 -1.017574296185890237e-01
9.817477042468102155e+00 -1.656660919557850775e-16 -1.002425387200728962e-01
9.974556675147592699e+00 -1.639313684798082704e-16 -9.872103466662637827e-02
1.013163630782708324e+01 -1.214306433183764966e-16 -9.720362843291259491e-02
1.028871594050657379e+01 -1.665334536937734811e-16 -9.570869083901821506e-02
1.044579557318606255e+01 1.561251128379126385e-17 -9.426783071392746960e-02
1.060287520586555132e+01 -4.770489558936219510e-17 -9.290021337303278059e-02
1.075995483854504187e+01 -9.627715291671279374e-17 -9.154827925349605378e-02
1.091703447122453063e+01 2.081668171172168513e-17 -9.020869234994048635e-02
1.107411410390401940e+01 -9.454242944073598665e-17 -8.898249810153126271e-02
1.123119373658350995e+01 -1.040834085586084257e-16 -8.790837183516435338e-02
1.138827336926300049e+01 -1.014813233446432150e-16 -8.688667377437249428e-02
1.154535300194249103e+01 -1.994931997373328159e-17 -8.581667081235715144e-02
1.170243263462197980e+01 -1.387778780781445676e-17 -8.467522384066689112e-02
1.185951226730146857e+01 4.683753385137379155e-17 -8.354303016323205711e-02
1.201659189998095911e+01 4.250072516143177381e-17 -8.245334463921762114e-02
1.217367153266044788e+01 7.285838599102589797e-17 -8.149245928281387275e-02
1.233075116533993665e+01 5.898059818321144121e-17 -8.066459098958145280e-02
1.248783079801942719e+01 2.255140518769849223e-17 -7.988163072357068462e-02
1.264491043069891774e+01 1.951563910473907981e-16 -7.902199015340599653e-02
1.280199006337840650e+01 7.199102425303749442e-17 -7.807825681642424631e-02
1.295906969605789527e+01 7.892991815694472280e-17 -7.712301512478560162e-02
1.311614932873738759e+01 9.194034422677077600e-17 -7.620390142926200538e-02
1.327322896141687636e+01 1.283695372222837250e-16 -7.532490716240465567e-02
1.343030859409636513e+01 6.938893903907228378e-17 -7.448024854795211314e-02
1.358738822677585389e+01 1.301042606982605321e-17 -7.367790296448867293e-02
1.374446785945534444e+01 1.474514954580286030e-17 -7.291388299766628223e-02
1.390154749213483498e+01 3.556183125752454544e-17 -7.212917039883853798e-02
1.405862712481432553e+01 4.336808689942017736e-17 -7.128256230360910384e-02
1.421570675749381429e+01 8.413408858487514408e-17 -7.041754802572317007e-02
1.437278639017330306e+01 2.515349040166370287e-17 -6.958781158845513126e-02
1.452986602285279183e+01 -4.597017211338538800e-17 -6.880340630013412340e-02
1.468694565553228415e+01 -9.540979117872439019e-18 -6.805021555653351095e-02
1.484402528821177292e+01 -3.903127820947815962e-17 -6.733375308782318935e-02
1.500110492089126168e+01 -4.943961906533900219e-17 -6.667341035876220290e-02
1.515818455357075223e+01 2.168404344971008868e-17 -6.602072317242692334e-02
1.531526418625024100e+01 1.734723475976807094e-18 -6.531969264390292962e-02
1.547234381892972976e+01 2.081668171172168513e-17 -6.463359865986746666e-02
1.562942345160922208e+01 -3.469446951953614189e-17 -6.401988817264413212e-02
1.578650308428871085e+01 -2.428612866367529932e-17 -6.342194591867816866e-02
1.594358271696819962e+01 -5.204170427930421283e-18 -6.279918917358155717e-02
1.610066234964768839e+01 -1.908195823574487804e-17 -6.217185636585202679e-02
1.625774198232717893e+01 2.602085213965210642e-17 -6.154647207389429830e-02
1.641482161500666948e+01 5.811323644522303766e-17 -6.091456170018678951e-02
1.657190124768616002e+01 2.341876692568689577e-17 -6.028576640419096300e-02
1.672898088036564701e+01 3.295974604355933479e-17 -5.969629399034238892e-02
1.688606051304513755e+01 2.428612866367529932e-17 -5.916929027972113453e-02
1.704314014572462810e+01 1.994931997373328159e-17 -5.867341836874288841e-02
1.720021977840411864e+01 5.030698080332740574e-17 -5.817263220351694131e-02
1.735729941108360919e+01 9.454242944073598665e-17 -5.766668543945437098e-02
1.751437904376309618e+01 7.632783294297951215e-17 -5.716165271558902583e-02
1.767145867644258672e+01 6.331740687315345895e-17 -5.665602039971817661e-02
1.782853830912207371e+01 6.418476861114186249e-17 -5.615306827492351494e-02
1.798561794180156426e+01 1.231653667943533037e-16 -5.567450206861108281e-02
1.814269757448105480e+01 7.632783294297951215e-17 -5.524815806914966376e-02
1.829977720716054534e+01 8.153200337090993344e-17 -5.486467669511208706e-02
1.845685683984003589e+01 8.586881206085195117e-17 -5.447325125773887222e-02
1.861393647251952288e+01 8.326672684688674053e-17 -5.404451103782866028e-02
1.877101610519901342e+01 1.006139616066548115e-16 -5.358625380231250845e-02
