0.000000000000000000e+00 -4.999999999999993339e-01 7.161627746453004388e-05
2.051282051282051211e-01 -3.852744229363464501e-01 4.667244091920213979e-05
4.102564102564102422e-01 -3.003996914034501864e-01 4.596562059177682476e-05
6.153846153846154188e-01 -2.365069308141784787e-01 3.934671885764865173e-05
8.205128205128204844e-01 -1.875959487740068987e-01 3.382173685699275392e-05
1.025641025641025550e+00 -1.507575504392708043e-01 3.153049937388427621e-05
1.230769230769230838e+00 -1.225996437556599178e-01 3.382181944154869440e-05
1.435897435897435903e+00 -1.006776156500925057e-01 3.420078201319183716e-05
1.641025641025640969e+00 -8.316206926822601597e-02 3.395008174754071489e-05
1.846153846153846034e+00 -6.930710679798333940e-02 3.401283285268461015e-05
2.051282051282051100e+00 -5.777441538483900352e-02 3.313725966580072739e-05
2.256410256410256387e+00 -4.873355890151051528e-02 3.237673173870280960e-05
2.461538461538461675e+00 -4.150394732999433678e-02 3.298462921575892446e-05
2.666666666666666519e+00 -3.634046526932331600e-02 3.587380767438202626e-05
2.871794871794871806e+00 -3.191531149928702321e-02 3.720366116787221050e-05
3.076923076923076650e+00 -2.769779227124319690e-02 3.608373002498372148e-05
3.282051282051281937e+00 -2.402697596580264869e-02 3.397640416343876099e-05
3.487179487179487225e+00 -2.104634922402668154e-02 3.144634066822836482e-05
3.692307692307692069e+00 -1.857253135473608402e-02 3.077132266916853204e-05
3.897435897435897356e+00 -1.650980035294414075e-02 3.071862778241277810e-05
4.102564102564102200e+00 -1.525357606669230752e-02 3.210498444975221598e-05
4.307692307692307487e+00 -1.420562016057598693e-02 3.541188166286168609e-05
4.512820512820512775e+00 -1.334060008018170783e-02 3.989679950187008194e-05
4.717948717948718063e+00 -1.213008203772130041e-02 3.953047957909161097e-05
4.923076923076923350e+00 -1.119833714858274078e-02 4.146760408218875220e-05
5.128205128205127750e+00 -9.664730206575239402e-03 3.517110730944808338e-05
5.333333333333333037e+00 -8.208398154547104711e-03 2.921927918494878257e-05
5.538461538461538325e+00 -7.206327643780222926e-03 2.725672709086798354e-05
5.743589743589743613e+00 -6.071129417152533632e-03 2.284281855886878798e-05
5.948717948717948900e+00 -5.330662440788469861e-03 2.136681487457158259e-05
6.153846153846153300e+00 -4.487517203611635259e-03 1.678949121986092466e-05
6.358974358974358587e+00 -3.962792655486060966e-03 1.408127619068217450e-05
6.564102564102563875e+00 -3.654330730045006557e-03 1.403998773499150375e-05
6.769230769230769162e+00 -3.267168297820648767e-03 1.305212901473198760e-05
6.974358974358974450e+00 -2.858170776851488674e-03 1.136561515968460391e-05
7.179487179487178850e+00 -2.637901133878801929e-03 1.206801674930750430e-05
7.384615384615384137e+00 -2.152973199909444333e-03 9.999889327369645707e-06
7.589743589743589425e+00 -1.781183526888104312e-03 1.061008899825172757e-05
7.794871794871794712e+00 -1.536343297353011264e-03 8.322520960988663794e-06
8.000000000000000000e+00 -1.290060234629157891e-03 8.413192136194364029e-06
8.205128205128204399e+00 -1.213338625798754183e-03 7.691584395817058581e-06
8.410256410256410575e+00 -1.121966251283528990e-03 6.501642273467691006e-06
8.615384615384614975e+00 -1.045726044409196883e-03 5.360207609715214201e-06
8.820512820512819374e+00 -9.382534189356329327e-04 4.437114289707446046e-06
9.025641025641025550e+00 -9.046867031095326504e-04 4.426443926945078683e-06
9.230769230769229949e+00 -8.695843759460889985e-04 4.936286293775970912e-06
9.435897435897436125e+00 -7.757125549090191415e-04 4.464893981344243820e-06
9.641025641025640525e+00 -6.838115605897732673e-04 3.949178549401359184e-06
9.846153846153846700e+00 -6.276469896042467887e-04 3.741093551192277817e-06
1.005128205128205110e+01 -5.477305506756374297e-04 3.170817239506591086e-06
1.025641025641025550e+01 -5.322953890155041751e-04 3.684877992793270357e-06
1.046153846153846168e+01 -5.596038893747051638e-04 4.879235101716139223e-06
1.066666666666666607e+01 -4.781723712580133339e-04 3.996308099617642041e-06
1.087179487179487225e+01 -3.960466016651441887e-04 3.050687949878983964e-06
1.107692307692307665e+01 -3.743737380669986329e-04 3.123672989081994915e-06
1.128205128205128105e+01 -3.994063210295857721e-04 4.031063678417267058e-06
1.148717948717948723e+01 -3.357073309094143207e-04 3.230979065570535811e-06
1.169230769230769162e+01 -2.789093809450818306e-04 2.456681603519119379e-06
1.189743589743589780e+01 -2.368616768308926771e-04 1.968555301271196703e-06
1.210256410256410220e+01 -2.201098994975590815e-04 1.898456191786925287e-06
1.230769230769230660e+01 -1.940434266744686231e-04 1.568214865514309833e-06
1.251282051282051277e+01 -1.687354519192938059e-04 1.308726081316456292e-06
1.271794871794871717e+01 -1.575224900165548669e-04 1.322448137011695042e-06
1.292307692307692335e+01 -1.642717578678812578e-04 1.654188538043020494e-06
1.312820512820512775e+01 -1.533410644668211850e-04 1.596895630518919425e-06
1.333333333333333215e+01 -1.405145585476349861e-04 1.493377806201867782e-06
1.353846153846153832e+01 -1.130144731838713030e-04 1.153790433220752237e-06
1.374358974358974272e+01 -1.005625693452526963e-04 1.042518842355964036e-06
1.394871794871794890e+01 -9.799724596130755870e-05 1.074933911350193441e-06
1.415384615384615330e+01 -1.034643828142935135e-04 1.314238180089931669e-06
1.435897435897435770e+01 -8.764689251261072699e-05 1.044496499943932903e-06
1.456410256410256387e+01 -6.962544482743561307e-05 7.699246971839844962e-07
1.476923076923076827e+01 -5.558308983714873994e-05 5.489242177450694690e-07
1.497435897435897445e+01 -4.697116163290112267e-05 4.095338639085281470e-07
1.517948717948717885e+01 -3.829259545757317436e-05 3.316008980617796250e-07
1.538461538461538325e+01 -3.728003125264374500e-05 3.212771780471230991e-07
1.558974358974358942e+01 -3.340111139319711683e-05 2.817188110692170300e-07
1.579487179487179382e+01 -2.959183712937797539e-05 2.542006463264427398e-07
1.600000000000000000e+01 -3.152192536671038071e-05 2.785830467708570329e-07
1.620512820512820440e+01 -2.953523889843752556e-05 2.996460509585266546e-07
1.641025641025640880e+01 -2.640497759237074934e-05 2.537737042014778689e-07
1.661538461538461320e+01 -2.686061540911448015e-05 2.765341786253711652e-07
1.682051282051282115e+01 -2.462672360082219974e-05 2.923182935293003685e-07
1.702564102564102555e+01 -2.191115370369078739e-05 2.288754317712045112e-07
1.723076923076922995e+01 -1.667418991213705861e-05 1.619517862118596801e-07
1.743589743589743435e+01 -1.334357502102473203e-05 1.099474052203840615e-07
1.764102564102563875e+01 -1.224603347156019214e-05 7.708958205394107296e-08
1.784615384615384670e+01 -8.982533406749903070e-06 5.934543129777251497e-08
1.805128205128205110e+01 -1.024543078667201292e-05 6.309225906566819455e-08
1.825641025641025550e+01 -9.634816927431127649e-06 6.492290071023662298e-08
1.846153846153845990e+01 -7.995459954403639298e-06 5.499247674147597919e-08
1.866666666666666430e+01 -9.249189578476968055e-06 5.192317700276775425e-08
1.887179487179487225e+01 -7.319202979294897122e-06 5.045162492830707540e-08
1.907692307692307665e+01 -7.789011233569868384e-06 4.722439764922590957e-08
1.928205128205128105e+01 -8.096706986156924346e-06 4.593661727499629722e-08
1.948717948717948545e+01 -6.208997530561894882e-06 3.867374200866510393e-08
1.969230769230769340e+01 -7.687881523950931394e-06 3.407583421041671552e-08
1.989743589743589780e+01 -6.399376357224698128e-06 3.164756323890458024e-08
2.010256410256410220e+01 -6.399376357207785421e-06 3.164756323891744455e-08
2.030769230769230660e+01 -7.687881523973570891e-06 3.407583421046547947e-08
2.051282051282051100e+01 -6.208997530600926160e-06 3.867374200869848232e-08
2.071794871794871895e+01 -8.096706986157798484e-06 4.593661727502720069e-08
2.092307692307692335e+01 -7.789011233549553146e-06 4.722439764925619762e-08
2.112820512820512775e+01 -7.319202979340225243e-06 5.045162492833733697e-08
2.133333333333333215e+01 -9.249189578480237602e-06 5.192317700279637470e-08
2.153846153846153655e+01 -7.995459954353877806e-06 5.499247674148590535e-08
2.174358974358974450e+01 -9.634816927409599460e-06 6.492290071024055374e-08
2.194871794871794890e+01 -1.024543078665409140e-05 6.309225906566898864e-08
2.215384615384615330e+01 -8.982533406776679476e-06 5.934543129777252159e-08
2.235897435897435770e+01 -1.224603347155877421e-05 7.708958205393407170e-08
2.256410256410256210e+01 -1.334357502100596348e-05 1.099474052203753662e-07
2.276923076923077005e+01 -1.667418991213502573e-05 1.619517862118545979e-07
2.297435897435897445e+01 -2.191115370372006085e-05 2.288754317711987937e-07
2.317948717948717885e+01 -2.462672360079988889e-05 2.923182935292966627e-07
2.338461538461538325e+01 -2.686061540911152570e-05 2.765341786253667712e-07
2.358974358974358765e+01 -2.640497759234395600e-05 2.537737042014740572e-07
2.379487179487179560e+01 -2.953523889847386327e-05 2.996460509585269723e-07
2.400000000000000000e+01 -3.152192536670432273e-05 2.785830467708643915e-07
2.420512820512820440e+01 -2.959183712938992533e-05 2.542006463264493572e-07
2.441025641025640880e+01 -3.340111139315826174e-05 2.817188110692206299e-07
2.461538461538461320e+01 -3.728003125262325357e-05 3.212771780471293460e-07
2.482051282051282115e+01 -3.829259545759318466e-05 3.316008980617834895e-07
2.502564102564102555e+01 -4.697116163287722279e-05 4.095338639085312175e-07
2.523076923076922995e+01 -5.558308983714880771e-05 5.489242177450734924e-07
2.543589743589743435e+01 -6.962544482739793704e-05 7.699246971839856609e-07
2.564102564102563875e+01 -8.764689251259609026e-05 1.044496499943933538e-06
2.584615384615384670e+01 -1.034643828142702980e-04 1.314238180089935692e-06
2.605128205128205110e+01 -9.799724596131101459e-05 1.074933911350203182e-06
2.625641025641025550e+01 -1.005625693452159419e-04 1.042518842355977165e-06
2.646153846153845990e+01 -1.130144731838639575e-04 1.153790433220766849e-06
2.666666666666666430e+01 -1.405145585476531736e-04 1.493377806201881758e-06
2.687179487179487225e+01 -1.533410644668161435e-04 1.596895630518928742e-06
2.707692307692307665e+01 -1.642717578678414947e-04 1.654188538043040188e-06
2.728205128205128105e+01 -1.575224900165917840e-04 1.322448137011708171e-06
2.748717948717948545e+01 -1.687354519193020187e-04 1.308726081316472174e-06
2.769230769230768985e+01 -1.940434266744443369e-04 1.568214865514328045e-06
2.789743589743589780e+01 -2.201098994975672130e-04 1.898456191786944133e-06
2.810256410256410220e+01 -2.368616768308882048e-04 1.968555301271215338e-06
2.830769230769230660e+01 -2.789093809450942990e-04 2.456681603519146484e-06
2.851282051282051100e+01 -3.357073309093932872e-04 3.230979065570568422e-06
2.871794871794871540e+01 -3.994063210295820316e-04 4.031063678417305175e-06
2.892307692307692335e+01 -3.743737380670153839e-04 3.123672989082028796e-06
2.912820512820512775e+01 -3.960466016651312325e-04 3.050687949879016151e-06
2.933333333333333215e+01 -4.781723712579676348e-04 3.996308099617674228e-06
2.953846153846153655e+01 -5.596038893746949723e-04 4.879235101716169717e-06
2.974358974358974095e+01 -5.322953890155304128e-04 3.684877992793287721e-06
2.994871794871794890e+01 -5.477305506756457781e-04 3.170817239506608451e-06
3.015384615384615330e+01 -6.276469896042742190e-04 3.741093551192305769e-06
3.035897435897435770e+01 -6.838115605897409580e-04 3.949178549401394760e-06
3.056410256410256210e+01 -7.757125549090174068e-04 4.464893981344303959e-06
3.076923076923076650e+01 -8.695843759460788070e-04 4.936286293776041216e-06
3.097435897435897445e+01 -9.046867031095425166e-04 4.426443926945122728e-06
3.117948717948717885e+01 -9.382534189356357517e-04 4.437114289707425718e-06
3.138461538461538325e+01 -1.045726044409184523e-03 5.360207609715090534e-06
3.158974358974358765e+01 -1.121966251283595343e-03 6.501642273467370827e-06
3.179487179487179205e+01 -1.213338625798810778e-03 7.691584395816419918e-06
3.200000000000000000e+01 -1.290060234629220775e-03 8.413192136193286603e-06
3.220512820512820440e+01 -1.536343297353015818e-03 8.322520960987377997e-06
3.241025641025640880e+01 -1.781183526888158088e-03 1.061008899824995050e-05
3.261538461538461320e+01 -2.152973199909521962e-03 9.999889327368425979e-06
3.282051282051281760e+01 -2.637901133878880425e-03 1.206801674930783294e-05
3.302564102564102200e+01 -2.858170776851564135e-03 1.136561515968510535e-05
3.323076923076922640e+01 -3.267168297820728564e-03 1.305212901473269742e-05
3.343589743589743790e+01 -3.654330730045085920e-03 1.403998773499239144e-05
3.364102564102564230e+01 -3.962792655486140764e-03 1.408127619068306558e-05
3.384615384615384670e+01 -4.487517203611703781e-03 1.678949121986216811e-05
3.405128205128205110e+01 -5.330662440788557464e-03 2.136681487457316146e-05
3.425641025641025550e+01 -6.071129417152602153e-03 2.284281855886998737e-05
3.446153846153845990e+01 -7.206327643780277570e-03 2.725672709086909146e-05
3.466666666666666430e+01 -8.208398154547141140e-03 2.921927918494914849e-05
3.487179487179486870e+01 -9.664730206575208177e-03 3.517110730944756838e-05
3.507692307692307310e+01 -1.119833714858273384e-02 4.146760408218774254e-05
3.528205128205127750e+01 -1.213008203772132816e-02 3.953047957909049966e-05
3.548717948717948900e+01 -1.334060008018165579e-02 3.989679950186873346e-05
3.569230769230769340e+01 -1.420562016057597826e-02 3.541188166286085261e-05
3.589743589743589780e+01 -1.525357606669231446e-02 3.210498444975180940e-05
3.610256410256410220e+01 -1.650980035294413034e-02 3.071862778241260869e-05
3.630769230769230660e+01 -1.857253135473610831e-02 3.077132266916864046e-05
3.651282051282051100e+01 -2.104634922402665032e-02 3.144634066822836482e-05
3.671794871794871540e+01 -2.402697596580257236e-02 3.397640416343873388e-05
3.692307692307691980e+01 -2.769779227124311016e-02 3.608373002498359273e-05
3.712820512820512420e+01 -3.191531149928699546e-02 3.720366116787193945e-05
3.733333333333332860e+01 -3.634046526932331600e-02 3.587380767438162646e-05
3.753846153846154010e+01 -4.150394732999429515e-02 3.298462921575862631e-05
3.774358974358974450e+01 -4.873355890151050834e-02 3.237673173870264697e-05
3.794871794871794890e+01 -5.777441538483902433e-02 3.313725966580068674e-05
3.815384615384615330e+01 -6.930710679798350593e-02 3.401283285268457627e-05
3.835897435897435770e+01 -8.316206926822611312e-02 3.395008174754073521e-05
3.856410256410256210e+01 -1.006776156500926722e-01 3.420078201319173551e-05
3.876923076923076650e+01 -1.225996437556600427e-01 3.382181944154858598e-05
3.897435897435897090e+01 -1.507575504392708321e-01 3.153049937388405260e-05
3.917948717948717530e+01 -1.875959487740070930e-01 3.382173685699208307e-05
3.938461538461538680e+01 -2.365069308141786730e-01 3.934671885764753365e-05
3.958974358974359120e+01 -3.003996914034501864e-01 4.596562059177521201e-05
3.979487179487179560e+01 -3.852744229363466166e-01 4.667244091920184841e-05
4.000000000000000000e+01 -5.000000000000006661e-01 7.161627746453004388e-05
