0.000000000000000000e+00 -5.000000000000000000e-01 1.085103031668450382e-04
2.051282051282051211e-01 -4.211686300994662568e-01 8.939042201712377124e-05
4.102564102564102422e-01 -3.602128824249705152e-01 7.508415840132493576e-05
6.153846153846154188e-01 -3.123949801387714276e-01 6.446733508170830241e-05
8.205128205128204844e-01 -2.744935626100877823e-01 5.636498883746325075e-05
1.025641025641025550e+00 -2.445650142965916096e-01 5.036709322095923229e-05
1.230769230769230838e+00 -2.203259025016968131e-01 4.584934908742160198e-05
1.435897435897435903e+00 -2.012683960990645504e-01 4.258504584451778402e-05
1.641025641025640969e+00 -1.852625616477753256e-01 3.993718663191985971e-05
1.846153846153846034e+00 -1.720739407828719703e-01 3.804040883234784668e-05
2.051282051282051100e+00 -1.609448427433718409e-01 3.655505143904500432e-05
2.256410256410256387e+00 -1.511700793325796432e-01 3.507152392388303443e-05
2.461538461538461675e+00 -1.430646050681950721e-01 3.397918891097516836e-05
2.666666666666666519e+00 -1.359800931960373216e-01 3.296551029749591674e-05
2.871794871794871806e+00 -1.295866003897963303e-01 3.212454681061744873e-05
3.076923076923076650e+00 -1.237771803989846792e-01 3.129978890844748639e-05
3.282051282051281937e+00 -1.187449861794344919e-01 3.033865629086789981e-05
3.487179487179487225e+00 -1.141903421804093682e-01 2.951919952851922885e-05
3.692307692307692069e+00 -1.107119421897428124e-01 2.932000666054351953e-05
3.897435897435897356e+00 -1.072690620383682236e-01 2.883011198450112308e-05
4.102564102564102200e+00 -1.038677555838322109e-01 2.819592162645375300e-05
4.307692307692307487e+00 -1.007486968438727759e-01 2.767971209737095175e-05
4.512820512820512775e+00 -9.807402450114177661e-02 2.709345421484971552e-05
4.717948717948718063e+00 -9.558627008952669257e-02 2.654792352078109413e-05
4.923076923076923350e+00 -9.320694573083578016e-02 2.598306586587679730e-05
5.128205128205127750e+00 -9.105290899272797112e-02 2.573362926791873678e-05
5.333333333333333037e+00 -8.899394298356150257e-02 2.537086282099872624e-05
5.538461538461538325e+00 -8.700948104944337957e-02 2.499948544486516901e-05
5.743589743589743613e+00 -8.531006392496204294e-02 2.480028555415587213e-05
5.948717948717948900e+00 -8.384519920909795643e-02 2.473998878262101539e-05
6.153846153846153300e+00 -8.241123384223304760e-02 2.466156503246879093e-05
6.358974358974358587e+00 -8.090591808789032724e-02 2.458841311664560731e-05
6.564102564102563875e+00 -7.938187657491094229e-02 2.444996208743429233e-05
6.769230769230769162e+00 -7.786429450778042938e-02 2.423857615372698265e-05
6.974358974358974450e+00 -7.652721007119520080e-02 2.410428357089946692e-05
7.179487179487178850e+00 -7.500663535246154812e-02 2.359410278594692038e-05
7.384615384615384137e+00 -7.373062314071268664e-02 2.334850401249381670e-05
7.589743589743589425e+00 -7.234036297476774402e-02 2.307927986828155171e-05
7.794871794871794712e+00 -7.099888276344731852e-02 2.269100057340171168e-05
8.000000000000000000e+00 -6.971039241765975003e-02 2.241440524571857313e-05
8.205128205128204399e+00 -6.858316793265428757e-02 2.200299713095177242e-05
8.410256410256410575e+00 -6.772744201591657243e-02 2.185997014409886657e-05
8.615384615384614975e+00 -6.688821272648838578e-02 2.184828726161598857e-05
8.820512820512819374e+00 -6.585724063087133873e-02 2.169575204652125029e-05
9.025641025641025550e+00 -6.471231221225771935e-02 2.147928994260483283e-05
9.230769230769229949e+00 -6.348205450779299819e-02 2.107097254753374424e-05
9.435897435897436125e+00 -6.240405064619015257e-02 2.087255384074973694e-05
9.641025641025640525e+00 -6.140851315334300287e-02 2.047269410326097507e-05
9.846153846153846700e+00 -6.047077128116502831e-02 2.016251830164905750e-05
1.005128205128205110e+01 -5.963579017037587415e-02 2.001289774975623573e-05
1.025641025641025550e+01 -5.901483727245915301e-02 2.000794607072959685e-05
1.046153846153846168e+01 -5.839723784667537332e-02 1.992693648775668806e-05
1.066666666666666607e+01 -5.792910398841194519e-02 2.002221205846680730e-05
1.087179487179487225e+01 -5.745889767686537808e-02 1.999985068927121560e-05
1.107692307692307665e+01 -5.689629834471214564e-02 1.966333986204578491e-05
1.128205128205128105e+01 -5.636266945178421139e-02 1.945151082556659369e-05
1.148717948717948723e+01 -5.575216677008169169e-02 1.938573341432930358e-05
1.169230769230769162e+01 -5.525386484286348709e-02 1.947564350390782649e-05
1.189743589743589780e+01 -5.483043935558351567e-02 1.956583933327847414e-05
1.210256410256410220e+01 -5.431080743283207835e-02 1.952635737761428673e-05
1.230769230769230660e+01 -5.367027277796614787e-02 1.931078837559582046e-05
1.251282051282051277e+01 -5.301324908322281593e-02 1.891209754747934214e-05
1.271794871794871717e+01 -5.253572835312513706e-02 1.875831278917640155e-05
1.292307692307692335e+01 -5.196921820516157975e-02 1.865300147581811727e-05
1.312820512820512775e+01 -5.153359618774683293e-02 1.863796784009348059e-05
1.333333333333333215e+01 -5.123434527862128635e-02 1.868132008297594541e-05
1.353846153846153832e+01 -5.110314854475578317e-02 1.901055257786576081e-05
1.374358974358974272e+01 -5.088645480205522542e-02 1.894640894186662113e-05
1.394871794871794890e+01 -5.036780802496088755e-02 1.856654072677502642e-05
1.415384615384615330e+01 -4.996419576629360787e-02 1.846665045429269795e-05
1.435897435897435770e+01 -4.971396922576743621e-02 1.838761745406403901e-05
1.456410256410256387e+01 -4.942521925824508444e-02 1.839375824189339742e-05
1.476923076923076827e+01 -4.918126106742619352e-02 1.851137932861896074e-05
1.497435897435897445e+01 -4.905574285755485986e-02 1.846598530683656844e-05
1.517948717948717885e+01 -4.879741548498901793e-02 1.823335440313863100e-05
1.538461538461538325e+01 -4.858446346287870199e-02 1.840744880018167854e-05
1.558974358974358942e+01 -4.830133459432920523e-02 1.812072903557758284e-05
1.579487179487179382e+01 -4.813979590363380578e-02 1.811294504800104585e-05
1.600000000000000000e+01 -4.783054084408386308e-02 1.802556315720440337e-05
1.620512820512820440e+01 -4.759346871326923523e-02 1.793127939886056236e-05
1.641025641025640880e+01 -4.746185922695109888e-02 1.787240205256386349e-05
1.661538461538461320e+01 -4.731209493133164967e-02 1.811039317304402282e-05
1.682051282051282115e+01 -4.722827418388246545e-02 1.830477990343143719e-05
1.702564102564102555e+01 -4.709851275750927962e-02 1.854818109831303836e-05
1.723076923076922995e+01 -4.687348587496920072e-02 1.857384719780570361e-05
1.743589743589743435e+01 -4.670091695517412933e-02 1.871471194783721242e-05
1.764102564102563875e+01 -4.653782385728228582e-02 1.873180953983234957e-05
1.784615384615384670e+01 -4.640638069277145533e-02 1.858679735853403184e-05
1.805128205128205110e+01 -4.640007592793443658e-02 1.853886420280806437e-05
1.825641025641025550e+01 -4.641074197389090383e-02 1.847119086136085134e-05
1.846153846153845990e+01 -4.638159122741081219e-02 1.827892094436069223e-05
1.866666666666666430e+01 -4.616213742165715950e-02 1.778560019571485132e-05
1.887179487179487225e+01 -4.595245648756368650e-02 1.756375258671577676e-05
1.907692307692307665e+01 -4.584937564171588653e-02 1.755262250725324834e-05
1.928205128205128105e+01 -4.565203851922489120e-02 1.736581166459703180e-05
1.948717948717948545e+01 -4.543940595967199680e-02 1.700506837954003073e-05
1.969230769230769340e+01 -4.539007589844515356e-02 1.701236204922973379e-05
1.989743589743589780e+01 -4.548502816939931082e-02 1.722874110906634623e-05
2.010256410256410220e+01 -4.548502816939931082e-02 1.722874110906635978e-05
2.030769230769230660e+01 -4.539007589844516743e-02 1.701236204922974057e-05
2.051282051282051100e+01 -4.543940595967201068e-02 1.700506837954003750e-05
2.071794871794871895e+01 -4.565203851922472467e-02 1.736581166459702841e-05
2.092307692307692335e+01 -4.584937564171594204e-02 1.755262250725325173e-05
2.112820512820512775e+01 -4.595245648756368650e-02 1.756375258671578354e-05
2.133333333333333215e+01 -4.616213742165713174e-02 1.778560019571484455e-05
2.153846153846153655e+01 -4.638159122741082607e-02 1.827892094436067867e-05
2.174358974358974450e+01 -4.641074197389091771e-02 1.847119086136084795e-05
2.194871794871794890e+01 -4.640007592793450597e-02 1.853886420280805421e-05
2.215384615384615330e+01 -4.640638069277142064e-02 1.858679735853404201e-05
2.235897435897435770e+01 -4.653782385728224419e-02 1.873180953983233940e-05
2.256410256410256210e+01 -4.670091695517418484e-02 1.871471194783720903e-05
2.276923076923077005e+01 -4.687348587496908969e-02 1.857384719780571378e-05
2.297435897435897445e+01 -4.709851275750932820e-02 1.854818109831303836e-05
2.317948717948717885e+01 -4.722827418388238913e-02 1.830477990343144058e-05
2.338461538461538325e+01 -4.731209493133164967e-02 1.811039317304402959e-05
2.358974358974358765e+01 -4.746185922695113357e-02 1.787240205256384655e-05
2.379487179487179560e+01 -4.759346871326921441e-02 1.793127939886055559e-05
2.400000000000000000e+01 -4.783054084408387696e-02 1.802556315720441353e-05
2.420512820512820440e+01 -4.813979590363375027e-02 1.811294504800106957e-05
2.441025641025640880e+01 -4.830133459432919829e-02 1.812072903557759301e-05
2.461538461538461320e+01 -4.858446346287864648e-02 1.840744880018167854e-05
2.482051282051282115e+01 -4.879741548498903181e-02 1.823335440313862083e-05
2.502564102564102555e+01 -4.905574285755497088e-02 1.846598530683654811e-05
2.523076923076922995e+01 -4.918126106742606862e-02 1.851137932861894380e-05
2.543589743589743435e+01 -4.942521925824508444e-02 1.839375824189339403e-05
2.564102564102563875e+01 -4.971396922576739458e-02 1.838761745406403901e-05
2.584615384615384670e+01 -4.996419576629369808e-02 1.846665045429266068e-05
2.605128205128205110e+01 -5.036780802496086673e-02 1.856654072677503320e-05
2.625641025641025550e+01 -5.088645480205521154e-02 1.894640894186661774e-05
2.646153846153845990e+01 -5.110314854475571378e-02 1.901055257786576420e-05
2.666666666666666430e+01 -5.123434527862139043e-02 1.868132008297595218e-05
2.687179487179487225e+01 -5.153359618774684681e-02 1.863796784009346365e-05
2.707692307692307665e+01 -5.196921820516149648e-02 1.865300147581812405e-05
2.728205128205128105e+01 -5.253572835312503297e-02 1.875831278917639477e-05
2.748717948717948545e+01 -5.301324908322255225e-02 1.891209754747937602e-05
2.769230769230768985e+01 -5.367027277796615481e-02 1.931078837559583401e-05
2.789743589743589780e+01 -5.431080743283209916e-02 1.952635737761427317e-05
2.810256410256410220e+01 -5.483043935558355730e-02 1.956583933327844365e-05
2.830769230769230660e+01 -5.525386484286347322e-02 1.947564350390784004e-05
2.851282051282051100e+01 -5.575216677008163618e-02 1.938573341432927647e-05
2.871794871794871540e+01 -5.636266945178428078e-02 1.945151082556657675e-05
2.892307692307692335e+01 -5.689629834471220116e-02 1.966333986204576458e-05
2.912820512820512775e+01 -5.745889767686531563e-02 1.999985068927122238e-05
2.933333333333333215e+01 -5.792910398841187580e-02 2.002221205846677342e-05
2.953846153846153655e+01 -5.839723784667536638e-02 1.992693648775671178e-05
2.974358974358974095e+01 -5.901483727245914607e-02 2.000794607072959685e-05
2.994871794871794890e+01 -5.963579017037584640e-02 2.001289774975621878e-05
3.015384615384615330e+01 -6.047077128116518097e-02 2.016251830164903717e-05
3.035897435897435770e+01 -6.140851315334286409e-02 2.047269410326096152e-05
3.056410256410256210e+01 -6.240405064619029135e-02 2.087255384074973016e-05
3.076923076923076650e+01 -6.348205450779292880e-02 2.107097254753374424e-05
3.097435897435897445e+01 -6.471231221225767771e-02 2.147928994260482605e-05
3.117948717948717885e+01 -6.585724063087147750e-02 2.169575204652122319e-05
3.138461538461538325e+01 -6.688821272648828864e-02 2.184828726161598179e-05
3.158974358974358765e+01 -6.772744201591654467e-02 2.185997014409889029e-05
3.179487179487179205e+01 -6.858316793265445410e-02 2.200299713095174871e-05
3.200000000000000000e+01 -6.971039241765972228e-02 2.241440524571855958e-05
3.220512820512820440e+01 -7.099888276344731852e-02 2.269100057340170829e-05
3.241025641025640880e+01 -7.234036297476767463e-02 2.307927986828155171e-05
3.261538461538461320e+01 -7.373062314071260337e-02 2.334850401249380315e-05
3.282051282051281760e+01 -7.500663535246143709e-02 2.359410278594691361e-05
3.302564102564102200e+01 -7.652721007119536734e-02 2.410428357089942287e-05
3.323076923076922640e+01 -7.786429450778042938e-02 2.423857615372693522e-05
3.343589743589743790e+01 -7.938187657491098392e-02 2.444996208743423812e-05
3.364102564102564230e+01 -8.090591808789043826e-02 2.458841311664561070e-05
3.384615384615384670e+01 -8.241123384223306148e-02 2.466156503246878077e-05
3.405128205128205110e+01 -8.384519920909805357e-02 2.473998878262103571e-05
3.425641025641025550e+01 -8.531006392496197355e-02 2.480028555415589585e-05
3.446153846153845990e+01 -8.700948104944314365e-02 2.499948544486518256e-05
3.466666666666666430e+01 -8.899394298356143318e-02 2.537086282099870592e-05
3.487179487179486870e+01 -9.105290899272773519e-02 2.573362926791872323e-05
3.507692307692307310e+01 -9.320694573083602996e-02 2.598306586587674309e-05
3.528205128205127750e+01 -9.558627008952685911e-02 2.654792352078111446e-05
3.548717948717948900e+01 -9.807402450114185988e-02 2.709345421484969180e-05
3.569230769230769340e+01 -1.007486968438726371e-01 2.767971209737096191e-05
3.589743589743589780e+01 -1.038677555838323219e-01 2.819592162645372590e-05
3.610256410256410220e+01 -1.072690620383681404e-01 2.883011198450107903e-05
3.630769230769230660e+01 -1.107119421897429512e-01 2.932000666054350259e-05
3.651282051282051100e+01 -1.141903421804092433e-01 2.951919952851922207e-05
3.671794871794871540e+01 -1.187449861794341033e-01 3.033865629086796419e-05
3.692307692307691980e+01 -1.237771803989845265e-01 3.129978890844745251e-05
3.712820512820512420e+01 -1.295866003897965801e-01 3.212454681061739452e-05
3.733333333333332860e+01 -1.359800931960372938e-01 3.296551029749590319e-05
3.753846153846154010e+01 -1.430646050681952941e-01 3.397918891097515481e-05
3.774358974358974450e+01 -1.511700793325796432e-01 3.507152392388304121e-05
3.794871794871794890e+01 -1.609448427433717854e-01 3.655505143904500432e-05
3.815384615384615330e+01 -1.720739407828719703e-01 3.804040883234781280e-05
3.835897435897435770e+01 -1.852625616477752701e-01 3.993718663191980550e-05
3.856410256410256210e+01 -2.012683960990644672e-01 4.258504584451786533e-05
3.876923076923076650e+01 -2.203259025016967576e-01 4.584934908742158843e-05
3.897435897435897090e+01 -2.445650142965911100e-01 5.036709322095923229e-05
3.917948717948717530e+01 -2.744935626100879489e-01 5.636498883746313555e-05
3.938461538461538680e+01 -3.123949801387715941e-01 6.446733508170826175e-05
3.958974358974359120e+01 -3.602128824249705152e-01 7.508415840132485444e-05
3.979487179487179560e+01 -4.211686300994663679e-01 8.939042201712378479e-05
4.000000000000000000e+01 -4.999999999999999445e-01 1.085103031668450382e-04
