0.000000000000000000e+00 -5.000000000000001110e-01 9.232495777645603795e-06
2.051282051282051211e-01 -3.554365380555236653e-01 1.430587547927155812e-05
4.102564102564102422e-01 -2.562955990087493197e-01 2.267171450831593379e-05
6.153846153846154188e-01 -1.871256862739320848e-01 3.577907664541838268e-05
8.205128205128204844e-01 -1.382463014008306346e-01 3.428562110690622374e-05
1.025641025641025550e+00 -1.035775848906970026e-01 3.205464441359588489e-05
1.230769230769230838e+00 -7.783404307559639579e-02 3.196753468642291165e-05
1.435897435897435903e+00 -5.995483964251779874e-02 3.440623581706874179e-05
1.641025641025640969e+00 -4.644280674001283193e-02 3.506045215320996038e-05
1.846153846153846034e+00 -3.692485443029763087e-02 3.840492893758697514e-05
2.051282051282051100e+00 -2.886084747487997759e-02 3.721519889606027498e-05
2.256410256410256387e+00 -2.240268213208180051e-02 3.482296008143658585e-05
2.461538461538461675e+00 -1.789127917794103295e-02 3.556376478401540505e-05
2.666666666666666519e+00 -1.441180189101350442e-02 3.743362981702433805e-05
2.871794871794871806e+00 -1.127410251302227162e-02 3.068699096952549757e-05
3.076923076923076650e+00 -9.083309301822771117e-03 2.888806949766410879e-05
3.282051282051281937e+00 -7.534885150872664902e-03 3.058004842390740975e-05
3.487179487179487225e+00 -6.124093891039796358e-03 2.840536841354946059e-05
3.692307692307692069e+00 -5.406503729970522400e-03 3.050409893067654557e-05
3.897435897435897356e+00 -4.580871367453880072e-03 2.920769659156423312e-05
4.102564102564102200e+00 -3.555635686618514348e-03 2.380128623160378542e-05
4.307692307692307487e+00 -3.087719012778196957e-03 2.553383311657303776e-05
4.512820512820512775e+00 -2.433125929361476623e-03 2.170896418702904202e-05
4.717948717948718063e+00 -2.243148092592408063e-03 2.384871031622176485e-05
4.923076923076923350e+00 -1.629724188898773723e-03 1.643405280212279735e-05
5.128205128205127750e+00 -1.414994776767526967e-03 1.611314003507302822e-05
5.333333333333333037e+00 -1.175635868509425147e-03 1.381538076577416472e-05
5.538461538461538325e+00 -8.761689288778855018e-04 9.969503857523507784e-06
5.743589743589743613e+00 -7.369921972397177300e-04 8.664610914958320803e-06
5.948717948717948900e+00 -5.949247984548172762e-04 6.736944247726114680e-06
6.153846153846153300e+00 -4.538981970540618125e-04 4.709360004197329387e-06
6.358974358974358587e+00 -4.103603796347984997e-04 4.047020542798571378e-06
6.564102564102563875e+00 -3.329061474709215968e-04 2.908708941505844186e-06
6.769230769230769162e+00 -2.953519212438200647e-04 2.618358288035038033e-06
6.974358974358974450e+00 -2.541290471418943030e-04 2.328659070700972078e-06
7.179487179487178850e+00 -2.194019634187372120e-04 2.218879794214400365e-06
7.384615384615384137e+00 -1.558220779971134743e-04 1.556421047440470522e-06
7.589743589743589425e+00 -1.015244138155721129e-04 1.118053954901009678e-06
7.794871794871794712e+00 -6.836548076993983689e-05 6.993708967767238288e-07
8.000000000000000000e+00 -4.775856951156574057e-05 6.243646455703979974e-07
8.205128205128204399e+00 -3.319319524048384702e-05 4.301494849940485431e-07
8.410256410256410575e+00 -2.788437291237683331e-05 2.807425802179388243e-07
8.615384615384614975e+00 -2.293117900222875119e-05 1.843971754161239469e-07
8.820512820512819374e+00 -1.779617363743495983e-05 1.353218724529883874e-07
9.025641025641025550e+00 -1.724745234025369309e-05 9.935153591785888682e-08
9.230769230769229949e+00 -1.215535723263792549e-05 7.248649318501544098e-08
9.435897435897436125e+00 -8.990567204458791147e-06 4.932036366335333730e-08
9.641025641025640525e+00 -8.869537173897976487e-06 4.122678161337526471e-08
9.846153846153846700e+00 -5.364320377746201456e-06 3.912529220678671099e-08
1.005128205128205110e+01 -6.217134366121692047e-06 3.483706254583194488e-08
1.025641025641025550e+01 -4.730759188637837260e-06 3.157105139465758299e-08
1.046153846153846168e+01 -2.803247846783927543e-06 2.861912371452493531e-08
1.066666666666666607e+01 -4.067866956766338274e-06 2.082516306558398288e-08
1.087179487179487225e+01 -1.459306136207810185e-06 1.826990175587097901e-08
1.107692307692307665e+01 -2.065915953117636091e-06 1.385906392925502319e-08
1.128205128205128105e+01 -2.271027490949191396e-06 1.123515321630740939e-08
1.148717948717948723e+01 -2.284965822860829463e-07 8.799318298608404736e-09
1.169230769230769162e+01 -2.113388662553235881e-06 7.252342956249396998e-09
1.189743589743589780e+01 -4.504851970683210953e-07 5.538360269091641593e-09
1.210256410256410220e+01 -2.743106344928299700e-07 4.187482618653339402e-09
1.230769230769230660e+01 -1.441415887508301939e-06 3.005625121137535745e-09
1.251282051282051277e+01 6.689773064419622245e-07 2.443340819537442147e-09
1.271794871794871717e+01 -8.914014707008681876e-07 2.116307004818708378e-09
1.292307692307692335e+01 -3.421083009001728413e-07 1.941366405689990949e-09
1.312820512820512775e+01 5.915671086051273128e-07 1.477835896408029269e-09
1.333333333333333215e+01 -1.178783931030749722e-06 1.441760982673797859e-09
1.353846153846153832e+01 6.388673586164181697e-07 1.216067644842489171e-09
1.374358974358974272e+01 -2.532287885458993896e-07 1.161844724681806209e-09
1.394871794871794890e+01 -6.755162295886049244e-07 1.201282460929173647e-09
1.415384615384615330e+01 8.841948705953284934e-07 1.099243587597692229e-09
1.435897435897435770e+01 -9.660991555388871857e-07 1.194103800164032204e-09
1.456410256410256387e+01 2.829598572148183531e-07 1.107004702263752474e-09
1.476923076923076827e+01 2.769422108056560893e-07 1.095250603019156195e-09
1.497435897435897445e+01 -9.255015393553451907e-07 9.674428361679358409e-10
1.517948717948717885e+01 8.806684014518856522e-07 6.884708924420206328e-10
1.538461538461538325e+01 -6.175711744572796974e-07 7.099188073721978836e-10
1.558974358974358942e+01 -1.711654701577537938e-07 5.753337575463348901e-10
1.579487179487179382e+01 6.529724620630765191e-07 5.417593137343736970e-10
1.600000000000000000e+01 -9.886445117466599096e-07 4.488331940961636864e-10
1.620512820512820440e+01 6.686691616628043321e-07 4.119821524322087042e-10
1.641025641025640880e+01 -1.492274284281907266e-07 4.082662985948730361e-10
1.661538461538461320e+01 -5.644107245468527182e-07 4.774281036703136900e-10
1.682051282051282115e+01 8.682079388222629523e-07 4.610523223055527211e-10
1.702564102564102555e+01 -8.595582814051302075e-07 4.588988583045086416e-10
1.723076923076922995e+01 2.921867485037200450e-07 4.265771911110718763e-10
1.743589743589743435e+01 2.859399517822521974e-07 4.477230337448952368e-10
1.764102564102563875e+01 -8.337198933907833215e-07 3.829437049895330481e-10
1.784615384615384670e+01 8.696482141334746990e-07 4.161280291902307141e-10
1.805128205128205110e+01 -5.275058812474448770e-07 4.312851456214699447e-10
1.825641025641025550e+01 -1.119926186299721979e-07 4.708906616592914881e-10
1.846153846153845990e+01 6.751828902043276300e-07 5.366635515273984931e-10
1.866666666666666430e+01 -8.900558311987436104e-07 5.101920818565187223e-10
1.887179487179487225e+01 7.095479297584174745e-07 5.667382810398227321e-10
1.907692307692307665e+01 -6.775847066326941529e-08 5.345967112566628371e-10
1.928205128205128105e+01 -4.688396506406799014e-07 4.897763047900978728e-10
1.948717948717948545e+01 9.237864580139842540e-07 5.329251854361637495e-10
1.969230769230769340e+01 -7.500822378364534716e-07 4.935025769407741621e-10
1.989743589743589780e+01 3.713154875964766373e-07 4.921640298085130098e-10
2.010256410256410220e+01 3.713154875844850331e-07 4.921640298108236354e-10
2.030769230769230660e+01 -7.500822378372405770e-07 4.935025769445996656e-10
2.051282051282051100e+01 9.237864580309956402e-07 5.329251854287836441e-10
2.071794871794871895e+01 -4.688396506680791408e-07 4.897763047913158963e-10
2.092307692307692335e+01 -6.775847067641911211e-08 5.345967112646190738e-10
2.112820512820512775e+01 7.095479297589034597e-07 5.667382810442432887e-10
2.133333333333333215e+01 -8.900558312021671059e-07 5.101920818697043948e-10
2.153846153846153655e+01 6.751828902014107661e-07 5.366635515400223032e-10
2.174358974358974450e+01 -1.119926186361436270e-07 4.708906616544476219e-10
2.194871794871794890e+01 -5.275058812522098608e-07 4.312851456192834995e-10
2.215384615384615330e+01 8.696482141326748882e-07 4.161280291870603893e-10
2.235897435897435770e+01 -8.337198934387385153e-07 3.829437050195807975e-10
2.256410256410256210e+01 2.859399518127565538e-07 4.477230338031197564e-10
2.276923076923077005e+01 2.921867485287232400e-07 4.265771911685897768e-10
2.297435897435897445e+01 -8.595582814159314658e-07 4.588988583793094987e-10
2.317948717948717885e+01 8.682079388139862758e-07 4.610523223565883174e-10
2.338461538461538325e+01 -5.644107245334962791e-07 4.774281037092257136e-10
2.358974358974358765e+01 -1.492274284900333697e-07 4.082662986249727427e-10
2.379487179487179560e+01 6.686691616853303263e-07 4.119821524507218335e-10
2.400000000000000000e+01 -9.886445117191008456e-07 4.488331941001680160e-10
2.420512820512820440e+01 6.529724620325763450e-07 5.417593137437800847e-10
2.441025641025640880e+01 -1.711654701501363206e-07 5.753337575349123530e-10
2.461538461538461320e+01 -6.175711744431581759e-07 7.099188073652793450e-10
2.482051282051282115e+01 8.806684014601162714e-07 6.884708924330111884e-10
2.502564102564102555e+01 -9.255015393487634270e-07 9.674428361414964602e-10
2.523076923076922995e+01 2.769422107943115123e-07 1.095250602988258518e-09
2.543589743589743435e+01 2.829598572115528294e-07 1.107004702210145173e-09
2.564102564102563875e+01 -9.660991555179224850e-07 1.194103800089608490e-09
2.584615384615384670e+01 8.841948706044951898e-07 1.099243587515191717e-09
2.605128205128205110e+01 -6.755162295200035143e-07 1.201282460817878977e-09
2.625641025641025550e+01 -2.532287885439413141e-07 1.161844724554310587e-09
2.646153846153845990e+01 6.388673585591497427e-07 1.216067644748940214e-09
2.666666666666666430e+01 -1.178783931043295127e-06 1.441760982595600340e-09
2.687179487179487225e+01 5.915671085985681014e-07 1.477835896342663389e-09
2.707692307692307665e+01 -3.421083009000045464e-07 1.941366405607636847e-09
2.728205128205128105e+01 -8.914014706299008027e-07 2.116307004751633129e-09
2.748717948717948545e+01 6.689773064188631067e-07 2.443340819494050320e-09
2.769230769230768985e+01 -1.441415887488159284e-06 3.005625121112250902e-09
2.789743589743589780e+01 -2.743106345433824845e-07 4.187482618633613626e-09
2.810256410256410220e+01 -4.504851970333890331e-07 5.538360269093778200e-09
2.830769230769230660e+01 -2.113388662561288200e-06 7.252342956262092566e-09
2.851282051282051100e+01 -2.284965822853807560e-07 8.799318298619072058e-09
2.871794871794871540e+01 -2.271027490918436476e-06 1.123515321630930860e-08
2.892307692307692335e+01 -2.065915953105794570e-06 1.385906392925764039e-08
2.912820512820512775e+01 -1.459306136207807644e-06 1.826990175586796146e-08
2.933333333333333215e+01 -4.067866956772752007e-06 2.082516306559531856e-08
2.953846153846153655e+01 -2.803247846779523396e-06 2.861912371453976169e-08
2.974358974358974095e+01 -4.730759188643038890e-06 3.157105139468010877e-08
2.994871794871794890e+01 -6.217134366131632826e-06 3.483706254583917113e-08
3.015384615384615330e+01 -5.364320377760346906e-06 3.912529220680494205e-08
3.035897435897435770e+01 -8.869537173903822708e-06 4.122678161339554718e-08
3.056410256410256210e+01 -8.990567204409414208e-06 4.932036366336450093e-08
3.076923076923076650e+01 -1.215535723259157923e-05 7.248649318503545213e-08
3.097435897435897445e+01 -1.724745234026807571e-05 9.935153591789045203e-08
3.117948717948717885e+01 -1.779617363745920192e-05 1.353218724530179806e-07
3.138461538461538325e+01 -2.293117900224904610e-05 1.843971754161406758e-07
3.158974358974358765e+01 -2.788437291237534253e-05 2.807425802179354361e-07
3.179487179487179205e+01 -3.319319524047442124e-05 4.301494849940438844e-07
3.200000000000000000e+01 -4.775856951156580156e-05 6.243646455703616809e-07
3.220512820512820440e+01 -6.836548076993692309e-05 6.993708967766685599e-07
3.241025641025640880e+01 -1.015244138155637239e-04 1.118053954900919257e-06
3.261538461538461320e+01 -1.558220779970919529e-04 1.556421047440296457e-06
3.282051282051281760e+01 -2.194019634187033036e-04 2.218879794214139903e-06
3.302564102564102200e+01 -2.541290471418663848e-04 2.328659070700799283e-06
3.323076923076922640e+01 -2.953519212437982181e-04 2.618358288034857615e-06
3.343589743589743790e+01 -3.329061474709147121e-04 2.908708941505834445e-06
3.364102564102564230e+01 -4.103603796348337363e-04 4.047020542798695045e-06
3.384615384615384670e+01 -4.538981970540377432e-04 4.709360004197492018e-06
3.405128205128205110e+01 -5.949247984548545727e-04 6.736944247726346767e-06
3.425641025641025550e+01 -7.369921972397095985e-04 8.664610914958625735e-06
3.446153846153845990e+01 -8.761689288778639262e-04 9.969503857523848291e-06
3.466666666666666430e+01 -1.175635868509438591e-03 1.381538076577463059e-05
3.487179487179486870e+01 -1.414994776767516125e-03 1.611314003507357032e-05
3.507692307692307310e+01 -1.629724188898802996e-03 1.643405280212335300e-05
3.528205128205127750e+01 -2.243148092592491764e-03 2.384871031622256784e-05
3.548717948717948900e+01 -2.433125929361568129e-03 2.170896418702974675e-05
3.569230769230769340e+01 -3.087719012778229050e-03 2.553383311657381703e-05
3.589743589743589780e+01 -3.555635686618543838e-03 2.380128623160424281e-05
3.610256410256410220e+01 -4.580871367453875735e-03 2.920769659156441608e-05
3.630769230769230660e+01 -5.406503729970534543e-03 3.050409893067594926e-05
3.651282051282051100e+01 -6.124093891039803297e-03 2.840536841354897947e-05
3.671794871794871540e+01 -7.534885150872696127e-03 3.058004842390669146e-05
3.692307692307691980e+01 -9.083309301822830098e-03 2.888806949766417655e-05
3.712820512820512420e+01 -1.127410251302238785e-02 3.068699096952656145e-05
3.733333333333332860e+01 -1.441180189101367096e-02 3.743362981702623541e-05
3.753846153846154010e+01 -1.789127917794120295e-02 3.556376478401655024e-05
3.774358974358974450e+01 -2.240268213208186990e-02 3.482296008143705341e-05
3.794871794871794890e+01 -2.886084747488001576e-02 3.721519889606051215e-05
3.815384615384615330e+01 -3.692485443029780434e-02 3.840492893758715810e-05
3.835897435897435770e+01 -4.644280674001288745e-02 3.506045215321019077e-05
3.856410256410256210e+01 -5.995483964251786813e-02 3.440623581706888409e-05
3.876923076923076650e+01 -7.783404307559643742e-02 3.196753468642296586e-05
3.897435897435897090e+01 -1.035775848906970997e-01 3.205464441359589844e-05
3.917948717948717530e+01 -1.382463014008306901e-01 3.428562110690639315e-05
3.938461538461538680e+01 -1.871256862739323068e-01 3.577907664541847077e-05
3.958974358974359120e+01 -2.562955990087494307e-01 2.267171450831593040e-05
3.979487179487179560e+01 -3.554365380555237208e-01 1.430587547927177835e-05
4.000000000000000000e+01 -4.999999999999999445e-01 9.232495777645603795e-06
