0.000000000000000000e+00 -5.000000000000004441e-01 2.148345236498800189e-05
2.051282051282051211e-01 -3.736893182013079073e-01 1.994926432580699182e-05
4.102564102564102422e-01 -2.823910892201632050e-01 2.079178290922796820e-05
6.153846153846154188e-01 -2.159215828225718448e-01 2.352948249663718543e-05
8.205128205128204844e-01 -1.669187126471777805e-01 2.656938069266497925e-05
1.025641025641025550e+00 -1.309038357066607539e-01 2.875381191873521372e-05
1.230769230769230838e+00 -1.036533632909170388e-01 3.107646748601030300e-05
1.435897435897435903e+00 -8.290921679754821583e-02 3.272875079073867747e-05
1.641025641025640969e+00 -6.653791933124472702e-02 3.287460771608468712e-05
1.846153846153846034e+00 -5.390990512590747297e-02 3.311402793246400145e-05
2.051282051282051100e+00 -4.364911450159448397e-02 3.243326967923842601e-05
2.256410256410256387e+00 -3.544262271730590913e-02 3.104487771550596455e-05
2.461538461538461675e+00 -2.923328292506485390e-02 3.132896809460749193e-05
2.666666666666666519e+00 -2.489049320026292741e-02 3.454350869493667624e-05
2.871794871794871806e+00 -2.092843197853768572e-02 3.558658542129437558e-05
3.076923076923076650e+00 -1.785951559527360066e-02 3.624141700650560080e-05
3.282051282051281937e+00 -1.547680926524535108e-02 3.759217897647754766e-05
3.487179487179487225e+00 -1.353302932841896761e-02 3.946519277283450192e-05
3.692307692307692069e+00 -1.230559459350748230e-02 3.908149971301704001e-05
3.897435897435897356e+00 -1.091186980064886257e-02 3.631671022055564106e-05
4.102564102564102200e+00 -9.623493147309130497e-03 3.473273610759881094e-05
4.307692307692307487e+00 -8.480913309581710607e-03 3.286032196845621654e-05
4.512820512820512775e+00 -7.437050539169841323e-03 3.086294163044312378e-05
4.717948717948718063e+00 -6.825343082463174518e-03 3.106989271356983863e-05
4.923076923076923350e+00 -6.573800013632291779e-03 3.509599439652140587e-05
5.128205128205127750e+00 -5.834665559030468782e-03 3.349107453312062351e-05
5.333333333333333037e+00 -4.662539773412246839e-03 2.574378528467106131e-05
5.538461538461538325e+00 -3.856367758404227741e-03 2.080315604048979842e-05
5.743589743589743613e+00 -3.055585744951774731e-03 1.594718647975218066e-05
5.948717948717948900e+00 -2.402266822044562319e-03 1.136003245934073317e-05
6.153846153846153300e+00 -2.000519365729005322e-03 9.272509823920133061e-06
6.358974358974358587e+00 -1.794750190790932870e-03 9.194672120986263048e-06
6.564102564102563875e+00 -1.640817762209801278e-03 1.056441860954371731e-05
6.769230769230769162e+00 -1.563288042815848223e-03 1.397266349802976347e-05
6.974358974358974450e+00 -1.440530303224768407e-03 1.425916099551630116e-05
7.179487179487178850e+00 -1.541756456681425127e-03 1.834530133322605276e-05
7.384615384615384137e+00 -1.267696735055940608e-03 1.574300117093296072e-05
7.589743589743589425e+00 -1.294365264939913987e-03 1.811299321648657300e-05
7.794871794871794712e+00 -1.001595262185993275e-03 1.325270483805821673e-05
8.000000000000000000e+00 -9.113836673008007556e-04 1.220231139826802080e-05
8.205128205128204399e+00 -6.876296785196775495e-04 8.437562340101348004e-06
8.410256410256410575e+00 -4.982511135342050515e-04 5.312584255952016671e-06
8.615384615384614975e+00 -3.574794169870362196e-04 3.218137116935636945e-06
8.820512820512819374e+00 -2.598775669592792671e-04 1.954095490718194584e-06
9.025641025641025550e+00 -2.039426044745813445e-04 1.246592641281745121e-06
9.230769230769229949e+00 -1.600914396239524042e-04 8.524697182569344667e-07
9.435897435897436125e+00 -1.303171281786211114e-04 6.277624668312877195e-07
9.641025641025640525e+00 -1.155965263369830131e-04 5.213601071065942481e-07
9.846153846153846700e+00 -1.065348869125807787e-04 5.319911537693855840e-07
1.005128205128205110e+01 -9.826373627278882166e-05 5.336323849882681872e-07
1.025641025641025550e+01 -9.052842400185887593e-05 5.287405486254595419e-07
1.046153846153846168e+01 -8.485584491972687532e-05 6.051324690822135233e-07
1.066666666666666607e+01 -7.169324216365550832e-05 4.813538388762360011e-07
1.087179487179487225e+01 -6.370415562150821864e-05 4.793365210720575517e-07
1.107692307692307665e+01 -5.576593792180819121e-05 4.018009550266041746e-07
1.128205128205128105e+01 -4.780384019427756458e-05 3.313966044650584955e-07
1.148717948717948723e+01 -3.890617402580717537e-05 2.678153485395436139e-07
1.169230769230769162e+01 -3.627403359021274290e-05 2.467470678233427169e-07
1.189743589743589780e+01 -3.083590246608109841e-05 2.336111975628473185e-07
1.210256410256410220e+01 -2.531007492268272255e-05 1.798552348498731744e-07
1.230769230769230660e+01 -2.288514585978921795e-05 1.523717902689516902e-07
1.251282051282051277e+01 -1.792899550409136393e-05 1.246322862176305367e-07
1.271794871794871717e+01 -1.597862300629485346e-05 9.298747016964653309e-08
1.292307692307692335e+01 -1.334081287719826103e-05 7.721794540178296742e-08
1.312820512820512775e+01 -1.099813959463000283e-05 6.990226677084051876e-08
1.333333333333333215e+01 -1.112152333788684308e-05 5.846481733076375100e-08
1.353846153846153832e+01 -8.281248018211793732e-06 5.722865113681830745e-08
1.374358974358974272e+01 -7.943476075925701111e-06 4.873064612218053322e-08
1.394871794871794890e+01 -7.870998249622257090e-06 5.171380304005431115e-08
1.415384615384615330e+01 -5.563229265487405748e-06 4.765313697801184255e-08
1.435897435897435770e+01 -7.105389436081254162e-06 4.905820393607500627e-08
1.456410256410256387e+01 -5.185288440662480275e-06 4.609640286961191450e-08
1.476923076923076827e+01 -4.474898125928331172e-06 4.055336687425731089e-08
1.497435897435897445e+01 -5.071299850364414889e-06 3.619908498757673590e-08
1.517948717948717885e+01 -2.489097981414648253e-06 2.719305903664857088e-08
1.538461538461538325e+01 -3.760215913501046704e-06 2.792235732541011481e-08
1.558974358974358942e+01 -2.771405159390799854e-06 2.148121039895488028e-08
1.579487179487179382e+01 -1.724727801020885215e-06 2.083205226666706910e-08
1.600000000000000000e+01 -2.952441822177539143e-06 1.546170142022986376e-08
1.620512820512820440e+01 -9.328185911277134922e-07 1.180576049831988671e-08
1.641025641025640880e+01 -1.447143781859221729e-06 8.527135165764732460e-09
1.661538461538461320e+01 -1.646746250506904857e-06 6.974212302203675285e-09
1.682051282051282115e+01 -4.223137689518760760e-08 5.669603514661002762e-09
1.702564102564102555e+01 -1.628609317673911040e-06 4.416730111386070758e-09
1.723076923076922995e+01 -3.570840895959174057e-07 3.721969348269228297e-09
1.743589743589743435e+01 -2.808866545808928739e-07 3.109549276876401375e-09
1.764102564102563875e+01 -1.369775784590204968e-06 2.885409072845105977e-09
1.784615384615384670e+01 3.880186696906354527e-07 2.651247779354241557e-09
1.805128205128205110e+01 -9.820756705618553036e-07 2.386264692960315625e-09
1.825641025641025550e+01 -5.375794894187667094e-07 2.371720155194671707e-09
1.846153846153845990e+01 2.959686322668708425e-07 2.300164674220027296e-09
1.866666666666666430e+01 -1.269364789560805625e-06 2.163001628441642286e-09
1.887179487179487225e+01 3.786520700176693825e-07 1.933623979994843909e-09
1.907692307692307665e+01 -3.950578855236850507e-07 1.954666003323952706e-09
1.928205128205128105e+01 -7.920746103527631946e-07 1.977533937408780289e-09
1.948717948717948545e+01 6.067715716479020204e-07 2.083833219572658749e-09
1.969230769230769340e+01 -1.108671015772244031e-06 2.377586521545606065e-09
1.989743589743589780e+01 1.843443166128501759e-08 2.415632497551148580e-09
2.010256410256410220e+01 1.843443166726948734e-08 2.415632497562515696e-09
2.030769230769230660e+01 -1.108671015769732578e-06 2.377586521579928684e-09
2.051282051282051100e+01 6.067715716728469290e-07 2.083833219622311920e-09
2.071794871794871895e+01 -7.920746103574066292e-07 1.977533937463832053e-09
2.092307692307692335e+01 -3.950578855337469551e-07 1.954666003400983901e-09
2.112820512820512775e+01 3.786520700076119250e-07 1.933623980068529158e-09
2.133333333333333215e+01 -1.269364789542020340e-06 2.163001628524722652e-09
2.153846153846153655e+01 2.959686322518724830e-07 2.300164674310268151e-09
2.174358974358974450e+01 -5.375794894348916756e-07 2.371720155270927834e-09
2.194871794871794890e+01 -9.820756705305324488e-07 2.386264693018566097e-09
2.215384615384615330e+01 3.880186696981428645e-07 2.651247779399040418e-09
2.235897435897435770e+01 -1.369775784593802528e-06 2.885409072870916493e-09
2.256410256410256210e+01 -2.808866546142132971e-07 3.109549276897102811e-09
2.276923076923077005e+01 -3.570840896034246057e-07 3.721969348276124502e-09
2.297435897435897445e+01 -1.628609317657745416e-06 4.416730111405732842e-09
2.317948717948717885e+01 -4.223137689263015043e-08 5.669603514679328121e-09
2.338461538461538325e+01 -1.646746250486373413e-06 6.974212302206739162e-09
2.358974358974358765e+01 -1.447143781879927661e-06 8.527135165784561634e-09
2.379487179487179560e+01 -9.328185911124552525e-07 1.180576049833360302e-08
2.400000000000000000e+01 -2.952441822181726027e-06 1.546170142024611621e-08
2.420512820512820440e+01 -1.724727801026136820e-06 2.083205226668360609e-08
2.441025641025640880e+01 -2.771405159415365927e-06 2.148121039896734754e-08
2.461538461538461320e+01 -3.760215913515893498e-06 2.792235732543647871e-08
2.482051282051282115e+01 -2.489097981443571464e-06 2.719305903666879379e-08
2.502564102564102555e+01 -5.071299850378455307e-06 3.619908498759816318e-08
2.523076923076922995e+01 -4.474898125911727633e-06 4.055336687427174354e-08
2.543589743589743435e+01 -5.185288440657597977e-06 4.609640286962765078e-08
2.564102564102563875e+01 -7.105389436141684881e-06 4.905820393608922716e-08
2.584615384615384670e+01 -5.563229265513060682e-06 4.765313697799983189e-08
2.605128205128205110e+01 -7.870998249673612698e-06 5.171380304005327222e-08
2.625641025641025550e+01 -7.943476075953531226e-06 4.873064612218162510e-08
2.646153846153845990e+01 -8.281248018198436023e-06 5.722865113684729185e-08
2.666666666666666430e+01 -1.112152333791906252e-05 5.846481733077703883e-08
2.687179487179487225e+01 -1.099813959461976220e-05 6.990226677085362130e-08
2.707692307692307665e+01 -1.334081287721958762e-05 7.721794540179993455e-08
2.728205128205128105e+01 -1.597862300627331172e-05 9.298747016967895857e-08
2.748717948717948545e+01 -1.792899550414523522e-05 1.246322862176732324e-07
2.769230769230768985e+01 -2.288514585979968728e-05 1.523717902690188440e-07
2.789743589743589780e+01 -2.531007492264370482e-05 1.798552348499489574e-07
2.810256410256410220e+01 -3.083590246613196782e-05 2.336111975629394598e-07
2.830769230769230660e+01 -3.627403359022145040e-05 2.467470678234433021e-07
2.851282051282051100e+01 -3.890617402584048748e-05 2.678153485396456285e-07
2.871794871794871540e+01 -4.780384019428036995e-05 3.313966044651719449e-07
2.892307692307692335e+01 -5.576593792181585516e-05 4.018009550267227063e-07
2.912820512820512775e+01 -6.370415562152568784e-05 4.793365210722092764e-07
2.933333333333333215e+01 -7.169324216362702091e-05 4.813538388763755498e-07
2.953846153846153655e+01 -8.485584491971637211e-05 6.051324690823988117e-07
2.974358974358974095e+01 -9.052842400191388563e-05 5.287405486256056551e-07
2.994871794871794890e+01 -9.826373627279867435e-05 5.336323849884148298e-07
3.015384615384615330e+01 -1.065348869125726201e-04 5.319911537695157094e-07
3.035897435897435770e+01 -1.155965263369963081e-04 5.213601071067242676e-07
3.056410256410256210e+01 -1.303171281786317365e-04 6.277624668314594554e-07
3.076923076923076650e+01 -1.600914396239270067e-04 8.524697182571808474e-07
3.097435897435897445e+01 -2.039426044746551515e-04 1.246592641282129250e-06
3.117948717948717885e+01 -2.598775669593006801e-04 1.954095490718809530e-06
3.138461538461538325e+01 -3.574794169870467906e-04 3.218137116936686419e-06
3.158974358974358765e+01 -4.982511135343277832e-04 5.312584255953754783e-06
3.179487179487179205e+01 -6.876296785197794645e-04 8.437562340104139824e-06
3.200000000000000000e+01 -9.113836673009930930e-04 1.220231139827206793e-05
3.220512820512820440e+01 -1.001595262186205778e-03 1.325270483806257387e-05
3.241025641025640880e+01 -1.294365264940231441e-03 1.811299321649254967e-05
3.261538461538461320e+01 -1.267696735056179349e-03 1.574300117093802937e-05
3.282051282051281760e+01 -1.541756456681678614e-03 1.834530133323201926e-05
3.302564102564102200e+01 -1.440530303225035988e-03 1.425916099552063458e-05
3.323076923076922640e+01 -1.563288042816086965e-03 1.397266349803378519e-05
3.343589743589743790e+01 -1.640817762209949597e-03 1.056441860954622791e-05
3.364102564102564230e+01 -1.794750190791018305e-03 9.194672120987394684e-06
3.384615384615384670e+01 -2.000519365729051292e-03 9.272509823920764948e-06
3.405128205128205110e+01 -2.402266822044657295e-03 1.136003245934058918e-05
3.425641025641025550e+01 -3.055585744951774731e-03 1.594718647975157079e-05
3.446153846153845990e+01 -3.856367758404202154e-03 2.080315604048880231e-05
3.466666666666666430e+01 -4.662539773412212145e-03 2.574378528466939774e-05
3.487179487179486870e+01 -5.834665559030423679e-03 3.349107453311800110e-05
3.507692307692307310e+01 -6.573800013632358566e-03 3.509599439651984732e-05
3.528205128205127750e+01 -6.825343082463290745e-03 3.106989271356954047e-05
3.548717948717948900e+01 -7.437050539169988775e-03 3.086294163044407245e-05
3.569230769230769340e+01 -8.480913309581859794e-03 3.286032196845679930e-05
3.589743589743589780e+01 -9.623493147309356011e-03 3.473273610760009165e-05
3.610256410256410220e+01 -1.091186980064908288e-02 3.631671022055707763e-05
3.630769230769230660e+01 -1.230559459350768527e-02 3.908149971301783283e-05
3.651282051282051100e+01 -1.353302932841915149e-02 3.946519277283524731e-05
3.671794871794871540e+01 -1.547680926524552976e-02 3.759217897647810331e-05
3.692307692307691980e+01 -1.785951559527367699e-02 3.624141700650555337e-05
3.712820512820512420e+01 -2.092843197853776205e-02 3.558658542129428749e-05
3.733333333333332860e+01 -2.489049320026295170e-02 3.454350869493626289e-05
3.753846153846154010e+01 -2.923328292506486431e-02 3.132896809460729542e-05
3.774358974358974450e+01 -3.544262271730593689e-02 3.104487771550624238e-05
3.794871794871794890e+01 -4.364911450159444234e-02 3.243326967923870383e-05
3.815384615384615330e+01 -5.390990512590750766e-02 3.311402793246431315e-05
3.835897435897435770e+01 -6.653791933124472702e-02 3.287460771608487686e-05
3.856410256410256210e+01 -8.290921679754824358e-02 3.272875079073884688e-05
3.876923076923076650e+01 -1.036533632909168723e-01 3.107646748601054017e-05
3.897435897435897090e+01 -1.309038357066606151e-01 2.875381191873535602e-05
3.917948717948717530e+01 -1.669187126471776139e-01 2.656938069266519609e-05
3.938461538461538680e+01 -2.159215828225718725e-01 2.352948249663698553e-05
3.958974358974359120e+01 -2.823910892201631495e-01 2.079178290922788688e-05
3.979487179487179560e+01 -3.736893182013079073e-01 1.994926432580693761e-05
4.000000000000000000e+01 -4.999999999999995559e-01 2.148345236498800189e-05
