0.000000000000000000e+00 -5.000000000000027756e-01 1.269691577699716444e-05
2.051282051282051211e-01 -3.916067010009741667e-01 1.404823999253720760e-05
4.102564102564102422e-01 -3.103240970359088524e-01 1.861382270564672074e-05
6.153846153846154188e-01 -2.489256823337794300e-01 2.213600691828156668e-05
8.205128205128204844e-01 -2.018962987763444072e-01 2.538058999621168736e-05
1.025641025641025550e+00 -1.656740202366741854e-01 2.757503717733142696e-05
1.230769230769230838e+00 -1.370275466741230075e-01 2.949615280653291319e-05
1.435897435897435903e+00 -1.148026964047844517e-01 3.075901295917397112e-05
1.641025641025640969e+00 -9.697738256040559779e-02 3.125185725959974233e-05
1.846153846153846034e+00 -8.287951936937063002e-02 3.219979392639796636e-05
2.051282051282051100e+00 -7.130117259436871691e-02 3.228673488172601754e-05
2.256410256410256387e+00 -6.189442891615964254e-02 3.238100550972784021e-05
2.461538461538461675e+00 -5.437753245391542534e-02 3.301446828915222630e-05
2.666666666666666519e+00 -4.767773215653287044e-02 3.309812923654917690e-05
2.871794871794871806e+00 -4.194918218511096974e-02 3.369151289997254073e-05
3.076923076923076650e+00 -3.704255304129063647e-02 3.341557524503870746e-05
3.282051282051281937e+00 -3.306808345001641114e-02 3.231346394534387404e-05
3.487179487179487225e+00 -2.972894473144609140e-02 3.158251238127425352e-05
3.692307692307692069e+00 -2.703178725518603359e-02 3.150575453157829426e-05
3.897435897435897356e+00 -2.481556988151622373e-02 3.202301717487521173e-05
4.102564102564102200e+00 -2.276056791071156410e-02 3.116838080057485357e-05
4.307692307692307487e+00 -2.073370378480782900e-02 2.997062441470691387e-05
4.512820512820512775e+00 -1.938426151598727706e-02 3.214353643093903685e-05
4.717948717948718063e+00 -1.834998807386457875e-02 3.349194554380272129e-05
4.923076923076923350e+00 -1.768882253614741801e-02 3.648318978298542494e-05
5.128205128205127750e+00 -1.695828310978722206e-02 3.731417435156767040e-05
5.333333333333333037e+00 -1.659070774088143574e-02 3.843629527328896957e-05
5.538461538461538325e+00 -1.685650403329595412e-02 4.613394835732549751e-05
5.743589743589743613e+00 -1.587635796141655120e-02 4.526578008765801142e-05
5.948717948717948900e+00 -1.400283719899651780e-02 3.851447779323118547e-05
6.153846153846153300e+00 -1.242836685063885768e-02 3.381862151023382214e-05
6.358974358974358587e+00 -1.117898100235527152e-02 2.941263508641828165e-05
6.564102564102563875e+00 -1.041095230308133716e-02 2.790678917322771951e-05
6.769230769230769162e+00 -9.876185298734073068e-03 2.850133393044392851e-05
6.974358974358974450e+00 -9.655497400124193191e-03 3.131055450183649303e-05
7.179487179487178850e+00 -9.502278136189949362e-03 3.555398923073378942e-05
7.384615384615384137e+00 -8.680662517949737367e-03 3.200829202732309543e-05
7.589743589743589425e+00 -8.078839981092539660e-03 3.154908366127265817e-05
7.794871794871794712e+00 -8.175071479375916467e-03 3.445542144272290463e-05
8.000000000000000000e+00 -7.778756039005285498e-03 3.270519388624068010e-05
8.205128205128204399e+00 -7.452393971096286582e-03 3.177578938812159408e-05
8.410256410256410575e+00 -7.114040353349182673e-03 3.249766629760568253e-05
8.615384615384614975e+00 -6.498535220084407024e-03 2.881118659427051758e-05
8.820512820512819374e+00 -6.232319624164781545e-03 2.794815551310875587e-05
9.025641025641025550e+00 -6.377984268552244415e-03 3.019282094128689222e-05
9.230769230769229949e+00 -6.400609282956307503e-03 3.168273209855443313e-05
9.435897435897436125e+00 -6.473357452336123315e-03 3.368657342522704968e-05
9.641025641025640525e+00 -6.582996979752058810e-03 3.672040755591187794e-05
9.846153846153846700e+00 -6.763533530982888259e-03 4.045059725997210474e-05
1.005128205128205110e+01 -6.587781499655344895e-03 4.087857912347853974e-05
1.025641025641025550e+01 -6.533061732817692542e-03 4.413914986566707543e-05
1.046153846153846168e+01 -6.607938646083150354e-03 4.683993710501361315e-05
1.066666666666666607e+01 -5.732248370831374840e-03 3.931289012888572617e-05
1.087179487179487225e+01 -5.383228504856909201e-03 3.478861002036991076e-05
1.107692307692307665e+01 -5.537901681858231791e-03 3.688471757521128152e-05
1.128205128205128105e+01 -6.314580798399759692e-03 5.095015199527822588e-05
1.148717948717948723e+01 -6.169817440552395095e-03 5.108705534690555997e-05
1.169230769230769162e+01 -5.231623744659280768e-03 4.182982661546270637e-05
1.189743589743589780e+01 -4.644918523210406908e-03 3.706483567287816928e-05
1.210256410256410220e+01 -4.139687366285623761e-03 3.132694825620852469e-05
1.230769230769230660e+01 -3.426551450428577585e-03 2.397624269588598001e-05
1.251282051282051277e+01 -2.895989110762494517e-03 1.891277314915986848e-05
1.271794871794871717e+01 -2.543461096676832237e-03 1.605532421056771937e-05
1.292307692307692335e+01 -2.451091645090695999e-03 1.729004188772584758e-05
1.312820512820512775e+01 -2.384150348574499804e-03 1.745914026581806792e-05
1.333333333333333215e+01 -2.284396149419543748e-03 1.701434716352970812e-05
1.353846153846153832e+01 -2.085147695249570457e-03 1.528510681329333135e-05
1.374358974358974272e+01 -1.974774701024029511e-03 1.520966354335981773e-05
1.394871794871794890e+01 -1.820171831626389916e-03 1.395780643293614594e-05
1.415384615384615330e+01 -1.834052689324849232e-03 1.564177215463012337e-05
1.435897435897435770e+01 -1.676422913753847655e-03 1.419633556842414009e-05
1.456410256410256387e+01 -1.453944381969115825e-03 1.193574181892744580e-05
1.476923076923076827e+01 -1.295786538137080196e-03 1.046995798099845211e-05
1.497435897435897445e+01 -1.098908328032415904e-03 7.919200095598483358e-06
1.517948717948717885e+01 -9.505967567149174562e-04 6.091884403835042696e-06
1.538461538461538325e+01 -8.749123279051345108e-04 5.433004905017445295e-06
1.558974358974358942e+01 -7.866334604621891182e-04 4.395563779838120365e-06
1.579487179487179382e+01 -7.135191128339032690e-04 3.768934698527454943e-06
1.600000000000000000e+01 -6.789128108570029012e-04 3.921942705205080121e-06
1.620512820512820440e+01 -6.581113410046581739e-04 4.130147869751082287e-06
1.641025641025640880e+01 -6.059981662680062608e-04 3.505734307774843498e-06
1.661538461538461320e+01 -5.944696120463227249e-04 3.346287793075211149e-06
1.682051282051282115e+01 -6.038258288849725946e-04 3.673422706790999438e-06
1.702564102564102555e+01 -5.690121458139906895e-04 3.345343939343932870e-06
1.723076923076922995e+01 -5.406884728469642720e-04 3.095578331561152462e-06
1.743589743589743435e+01 -5.071040993196999002e-04 2.584815873884403715e-06
1.764102564102563875e+01 -4.766829329699352226e-04 2.188252884104988943e-06
1.784615384615384670e+01 -4.568532496639649693e-04 1.981153373322748281e-06
1.805128205128205110e+01 -4.539074801019389745e-04 2.024454048808379465e-06
1.825641025641025550e+01 -4.562496847921252829e-04 2.103438372943215144e-06
1.846153846153845990e+01 -4.378018449630427088e-04 1.896626540201455251e-06
1.866666666666666430e+01 -4.147936965694264859e-04 1.684374447298489407e-06
1.887179487179487225e+01 -3.990056444446414422e-04 1.576755485852857859e-06
1.907692307692307665e+01 -3.820693146673809822e-04 1.431843202403360488e-06
1.928205128205128105e+01 -3.667800769979486343e-04 1.321302632088970830e-06
1.948717948717948545e+01 -3.581515161276136502e-04 1.286409497796352760e-06
1.969230769230769340e+01 -3.539311365509704380e-04 1.238229562220551858e-06
1.989743589743589780e+01 -3.535747186393076755e-04 1.242002892537201887e-06
2.010256410256410220e+01 -3.535747186392232703e-04 1.242002892537183252e-06
2.030769230769230660e+01 -3.539311365508989891e-04 1.238229562220564140e-06
2.051282051282051100e+01 -3.581515161276010734e-04 1.286409497796402735e-06
2.071794871794871895e+01 -3.667800769979516159e-04 1.321302632088956007e-06
2.092307692307692335e+01 -3.820693146673573466e-04 1.431843202403193411e-06
2.112820512820512775e+01 -3.990056444445946046e-04 1.576755485852453189e-06
2.133333333333333215e+01 -4.147936965692185360e-04 1.684374447297897754e-06
2.153846153846153655e+01 -4.378018449630269879e-04 1.896626540200653111e-06
2.174358974358974450e+01 -4.562496847918758622e-04 2.103438372942351171e-06
2.194871794871794890e+01 -4.539074801017608943e-04 2.024454048807660334e-06
2.215384615384615330e+01 -4.568532496637286132e-04 1.981153373321914377e-06
2.235897435897435770e+01 -4.766829329698330365e-04 2.188252884103959374e-06
2.256410256410256210e+01 -5.071040993194634357e-04 2.584815873883124272e-06
2.276923076923077005e+01 -5.406884728467438537e-04 3.095578331559526582e-06
2.297435897435897445e+01 -5.690121458137077128e-04 3.345343939342592440e-06
2.317948717948717885e+01 -6.038258288846311793e-04 3.673422706789985540e-06
2.338461538461538325e+01 -5.944696120460987287e-04 3.346287793074522935e-06
2.358974358974358765e+01 -6.059981662676602919e-04 3.505734307774130720e-06
2.379487179487179560e+01 -6.581113410042385876e-04 4.130147869750082788e-06
2.400000000000000000e+01 -6.789128108565197807e-04 3.921942705203545297e-06
2.420512820512820440e+01 -7.135191128335184856e-04 3.768934698525549119e-06
2.441025641025640880e+01 -7.866334604616370425e-04 4.395563779835386990e-06
2.461538461538461320e+01 -8.749123279045450301e-04 5.433004905013769172e-06
2.482051282051282115e+01 -9.505967567143350228e-04 6.091884403831120934e-06
2.502564102564102555e+01 -1.098908328031755191e-03 7.919200095593560403e-06
2.523076923076922995e+01 -1.295786538136173586e-03 1.046995798099202652e-05
2.543589743589743435e+01 -1.453944381968240223e-03 1.193574181892111339e-05
2.564102564102563875e+01 -1.676422913752983329e-03 1.419633556841764335e-05
2.584615384615384670e+01 -1.834052689323834202e-03 1.564177215462342503e-05
2.605128205128205110e+01 -1.820171831625248902e-03 1.395780643292706575e-05
2.625641025641025550e+01 -1.974774701022728035e-03 1.520966354334876733e-05
2.646153846153845990e+01 -2.085147695248140611e-03 1.528510681328289252e-05
2.666666666666666430e+01 -2.284396149418137321e-03 1.701434716351939464e-05
2.687179487179487225e+01 -2.384150348573216109e-03 1.745914026580906565e-05
2.707692307692307665e+01 -2.451091645089326001e-03 1.729004188771820396e-05
2.728205128205128105e+01 -2.543461096675372467e-03 1.605532421055916095e-05
2.748717948717948545e+01 -2.895989110760900306e-03 1.891277314914957533e-05
2.769230769230768985e+01 -3.426551450426767835e-03 2.397624269587445359e-05
2.789743589743589780e+01 -4.139687366283477908e-03 3.132694825619459947e-05
2.810256410256410220e+01 -4.644918523208145696e-03 3.706483567286224506e-05
2.830769230769230660e+01 -5.231623744656787103e-03 4.182982661544687702e-05
2.851282051282051100e+01 -6.169817440549570965e-03 5.108705534688762320e-05
2.871794871794871540e+01 -6.314580798397064799e-03 5.095015199526156305e-05
2.892307692307692335e+01 -5.537901681855591542e-03 3.688471757519522177e-05
2.912820512820512775e+01 -5.383228504854233390e-03 3.478861002035654797e-05
2.933333333333333215e+01 -5.732248370828468310e-03 3.931289012887266153e-05
2.953846153846153655e+01 -6.607938646080032188e-03 4.683993710499847498e-05
2.974358974358974095e+01 -6.533061732814557029e-03 4.413914986565254034e-05
2.994871794871794890e+01 -6.587781499652230199e-03 4.087857912346438413e-05
3.015384615384615330e+01 -6.763533530979890657e-03 4.045059725995698012e-05
3.035897435897435770e+01 -6.582996979749134933e-03 3.672040755589863034e-05
3.056410256410256210e+01 -6.473357452333346890e-03 3.368657342521457458e-05
3.076923076923076650e+01 -6.400609282953701080e-03 3.168273209854353012e-05
3.097435897435897445e+01 -6.377984268549635391e-03 3.019282094127799838e-05
3.117948717948717885e+01 -6.232319624162336452e-03 2.794815551310086830e-05
3.138461538461538325e+01 -6.498535220081922900e-03 2.881118659426348043e-05
3.158974358974358765e+01 -7.114040353346602272e-03 3.249766629759832351e-05
3.179487179487179205e+01 -7.452393971093436431e-03 3.177578938811323895e-05
3.200000000000000000e+01 -7.778756039002344275e-03 3.270519388623380897e-05
3.220512820512820440e+01 -8.175071479372891109e-03 3.445542144271677212e-05
3.241025641025640880e+01 -8.078839981089587161e-03 3.154908366126687802e-05
3.261538461538461320e+01 -8.680662517946415371e-03 3.200829202731633272e-05
3.282051282051281760e+01 -9.502278136186592672e-03 3.555398923072656593e-05
3.302564102564102200e+01 -9.655497400120836501e-03 3.131055450182970322e-05
3.323076923076922640e+01 -9.876185298730584539e-03 2.850133393043724034e-05
3.343589743589743790e+01 -1.041095230307770639e-02 2.790678917322085854e-05
3.364102564102564230e+01 -1.117898100235130768e-02 2.941263508641095989e-05
3.384615384615384670e+01 -1.242836685063462149e-02 3.381862151022530438e-05
3.405128205128205110e+01 -1.400283719899183231e-02 3.851447779322171903e-05
3.425641025641025550e+01 -1.587635796141128805e-02 4.526578008764717617e-05
3.446153846153845990e+01 -1.685650403329037872e-02 4.613394835731484523e-05
3.466666666666666430e+01 -1.659070774087588115e-02 3.843629527327966576e-05
3.487179487179486870e+01 -1.695828310978136910e-02 3.731417435155911198e-05
3.507692307692307310e+01 -1.768882253614141586e-02 3.648318978297746961e-05
3.528205128205127750e+01 -1.834998807385845171e-02 3.349194554379523352e-05
3.548717948717948900e+01 -1.938426151598099043e-02 3.214353643093167105e-05
3.569230769230769340e+01 -2.073370378480135154e-02 2.997062441469991738e-05
3.589743589743589780e+01 -2.276056791070464949e-02 3.116838080056769783e-05
3.610256410256410220e+01 -2.481556988150892401e-02 3.202301717486804922e-05
3.630769230769230660e+01 -2.703178725517835224e-02 3.150575453157142313e-05
3.651282051282051100e+01 -2.972894473143801453e-02 3.158251238126770087e-05
3.671794871794871540e+01 -3.306808345000789712e-02 3.231346394533759245e-05
3.692307692307691980e+01 -3.704255304128148407e-02 3.341557524503271047e-05
3.712820512820512420e+01 -4.194918218510155367e-02 3.369151289996667249e-05
3.733333333333332860e+01 -4.767773215652292701e-02 3.309812923654315280e-05
3.753846153846154010e+01 -5.437753245390504475e-02 3.301446828914652068e-05
3.774358974358974450e+01 -6.189442891614874154e-02 3.238100550972290031e-05
3.794871794871794890e+01 -7.130117259435736488e-02 3.228673488172166040e-05
3.815384615384615330e+01 -8.287951936935911146e-02 3.219979392639413777e-05
3.835897435897435770e+01 -9.697738256039339921e-02 3.125185725959657104e-05
3.856410256410256210e+01 -1.148026964047726972e-01 3.075901295917094890e-05
3.876923076923076650e+01 -1.370275466741106563e-01 2.949615280653091081e-05
3.897435897435897090e+01 -1.656740202366625003e-01 2.757503717732992941e-05
3.917948717948717530e+01 -2.018962987763338046e-01 2.538058999621015254e-05
3.938461538461538680e+01 -2.489256823337694935e-01 2.213600691828113978e-05
3.958974358974359120e+01 -3.103240970358998596e-01 1.861382270564689354e-05
3.979487179487179560e+01 -3.916067010009674498e-01 1.404823999253525265e-05
4.000000000000000000e+01 -4.999999999999972244e-01 1.269691577699716444e-05
