0.000000000000000000e+00 -4.999999999999996669e-01 1.846414388622851454e-04
2.051282051282051211e-01 -3.899446880098825230e-01 1.423540021207521410e-04
4.102564102564102422e-01 -3.076512667291614322e-01 1.372652221914639255e-04
6.153846153846154188e-01 -2.452804235343890860e-01 1.241279582926261324e-04
8.205128205128204844e-01 -1.977202688891326887e-01 1.082190656579505410e-04
1.025641025641025550e+00 -1.613093460986593786e-01 1.102102843954047041e-04
1.230769230769230838e+00 -1.330168470988256635e-01 9.605739931460977163e-05
1.435897435897435903e+00 -1.111365381230989130e-01 9.081895574124631393e-05
1.641025641025640969e+00 -9.353164209402511919e-02 7.698812850694839794e-05
1.846153846153846034e+00 -7.933247598480461238e-02 7.105728796952213706e-05
2.051282051282051100e+00 -6.750671819213295566e-02 6.611913071626044258e-05
2.256410256410256387e+00 -5.763115978069922180e-02 6.154011436598499517e-05
2.461538461538461675e+00 -4.998974839512504431e-02 5.727394984668301558e-05
2.666666666666666519e+00 -4.348972198782165288e-02 5.575472042889535447e-05
2.871794871794871806e+00 -3.853544878604398677e-02 5.528891291881293628e-05
3.076923076923076650e+00 -3.396876113477155512e-02 5.252426621086316852e-05
3.282051282051281937e+00 -3.013323336028783661e-02 4.711811350038810946e-05
3.487179487179487225e+00 -2.744555415465381454e-02 4.644195818809629552e-05
3.692307692307692069e+00 -2.490952912986415732e-02 5.004803308617520371e-05
3.897435897435897356e+00 -2.262187457146148939e-02 5.361770730360754104e-05
4.102564102564102200e+00 -2.053083030114390486e-02 5.209671143770679174e-05
4.307692307692307487e+00 -1.845794057447783590e-02 5.263147099445026028e-05
4.512820512820512775e+00 -1.676192553096975818e-02 4.786590658345029551e-05
4.717948717948718063e+00 -1.553681897607237482e-02 4.724530499053950948e-05
4.923076923076923350e+00 -1.465413597701369607e-02 4.892578580434919251e-05
5.128205128205127750e+00 -1.398600159256315964e-02 4.677602344761121720e-05
5.333333333333333037e+00 -1.254910347367986685e-02 4.721190194253643770e-05
5.538461538461538325e+00 -1.172847085716612406e-02 4.632428654952900412e-05
5.743589743589743613e+00 -1.062177303219615995e-02 4.259701750873278446e-05
5.948717948717948900e+00 -9.345972343782970107e-03 3.714779606027359673e-05
6.153846153846153300e+00 -8.242200776987286884e-03 3.527459351215778399e-05
6.358974358974358587e+00 -7.237946653616246506e-03 3.417909948167328487e-05
6.564102564102563875e+00 -6.947068333811573689e-03 3.638774582467059341e-05
6.769230769230769162e+00 -6.741988125999857223e-03 4.202610679166058450e-05
6.974358974358974450e+00 -6.125269134778671756e-03 3.922672403549307997e-05
7.179487179487178850e+00 -5.880492916009024892e-03 4.077592945921445665e-05
7.384615384615384137e+00 -4.868267378397755744e-03 3.179437609341795193e-05
7.589743589743589425e+00 -3.982097795089258735e-03 2.548422571614770263e-05
7.794871794871794712e+00 -3.481274900509730499e-03 2.227215669357203724e-05
8.000000000000000000e+00 -3.218533796552275946e-03 2.341295459554683077e-05
8.205128205128204399e+00 -3.212942262779238355e-03 2.613671959215338995e-05
8.410256410256410575e+00 -2.839267702327245325e-03 2.194131498572345670e-05
8.615384615384614975e+00 -2.422786138106956116e-03 1.702864666694990127e-05
8.820512820512819374e+00 -2.143590935811499378e-03 1.482146779495502049e-05
9.025641025641025550e+00 -2.079607640324326791e-03 1.583828168031736977e-05
9.230769230769229949e+00 -1.951789473340838311e-03 1.585817970269538473e-05
9.435897435897436125e+00 -1.810166811749016518e-03 1.574408405031238502e-05
9.641025641025640525e+00 -1.738040446411357257e-03 1.645281368182007381e-05
9.846153846153846700e+00 -1.731585951397802232e-03 1.831669169912545909e-05
1.005128205128205110e+01 -1.513910813800387143e-03 1.547947760067896789e-05
1.025641025641025550e+01 -1.445097212302137897e-03 1.550383983034684429e-05
1.046153846153846168e+01 -1.274671672233588680e-03 1.318058705772146838e-05
1.066666666666666607e+01 -1.136306101557258167e-03 1.124839037726049893e-05
1.087179487179487225e+01 -1.080380480031665168e-03 1.090220212282037794e-05
1.107692307692307665e+01 -1.092082161127758784e-03 1.197153262450739332e-05
1.128205128205128105e+01 -1.027778412971838608e-03 1.142834990090835356e-05
1.148717948717948723e+01 -8.289719777369640528e-04 8.381661285991236709e-06
1.169230769230769162e+01 -6.785211081286020643e-04 6.249575285250645815e-06
1.189743589743589780e+01 -5.813450794012424558e-04 5.040131679422695345e-06
1.210256410256410220e+01 -5.456575572328246177e-04 4.933922873390635248e-06
1.230769230769230660e+01 -4.878116515693638341e-04 4.176958255245600451e-06
1.251282051282051277e+01 -4.154320762291963793e-04 3.196905406261987888e-06
1.271794871794871717e+01 -3.792792482925165911e-04 2.902558802119248912e-06
1.292307692307692335e+01 -3.786515706613332146e-04 3.224065652936350554e-06
1.312820512820512775e+01 -3.653887189572405493e-04 3.339334554091201871e-06
1.333333333333333215e+01 -3.490516372470750029e-04 3.359523312366449799e-06
1.353846153846153832e+01 -3.164244277538441640e-04 3.094203263775237625e-06
1.374358974358974272e+01 -3.005074879085034090e-04 3.098693639806217799e-06
1.394871794871794890e+01 -2.787999236853088889e-04 2.910761056181163743e-06
1.415384615384615330e+01 -2.705326140186605464e-04 3.003493002643522635e-06
1.435897435897435770e+01 -2.274510111331160640e-04 2.332435283169759043e-06
1.456410256410256387e+01 -1.825280727011946175e-04 1.648579188546163326e-06
1.476923076923076827e+01 -1.544831827399667317e-04 1.245951915217011927e-06
1.497435897435897445e+01 -1.341945950449711651e-04 9.875416329409948462e-07
1.517948717948717885e+01 -1.131729373192798840e-04 7.570971023712651213e-07
1.538461538461538325e+01 -1.004474979402342341e-04 6.111583131777905708e-07
1.558974358974358942e+01 -8.975917244048687649e-05 5.209387151963012640e-07
1.579487179487179382e+01 -8.345291694678167382e-05 4.987656223880899686e-07
1.600000000000000000e+01 -8.647653684469337753e-05 5.933747991573842968e-07
1.620512820512820440e+01 -8.454031694448140249e-05 6.424421666901469306e-07
1.641025641025640880e+01 -7.801204393931838164e-05 5.381736960181135559e-07
1.661538461538461320e+01 -7.459211011612745909e-05 5.094055472656196326e-07
1.682051282051282115e+01 -7.238280950295823571e-05 5.567937597959280899e-07
1.702564102564102555e+01 -6.610380489428922693e-05 4.573983521027698295e-07
1.723076923076922995e+01 -5.752270925238231166e-05 3.512453751741195635e-07
1.743589743589743435e+01 -5.086410516450513516e-05 2.727419386281984729e-07
1.764102564102563875e+01 -4.558252248655225854e-05 2.082466939582385496e-07
1.784615384615384670e+01 -4.022040035582759613e-05 1.773934863342603455e-07
1.805128205128205110e+01 -4.047242837966893785e-05 1.825291345702658474e-07
1.825641025641025550e+01 -3.862055947152918982e-05 1.792449604090799635e-07
1.846153846153845990e+01 -3.515859882035127421e-05 1.551425887404121615e-07
1.866666666666666430e+01 -3.519446844501631353e-05 1.473965211863215354e-07
1.887179487179487225e+01 -3.202332119042358390e-05 1.373779676826177513e-07
1.907692307692307665e+01 -3.077880560009286950e-05 1.194310037282117380e-07
1.928205128205128105e+01 -2.916572402260765489e-05 1.003706511602281112e-07
1.948717948717948545e+01 -2.582107033089392950e-05 8.366715189575486061e-08
1.969230769230769340e+01 -2.675624178210040294e-05 7.706604935700617846e-08
1.989743589743589780e+01 -2.498426160456677841e-05 7.269972399801681846e-08
2.010256410256410220e+01 -2.498426160446909518e-05 7.269972399799343241e-08
2.030769230769230660e+01 -2.675624178215444364e-05 7.706604935697544705e-08
2.051282051282051100e+01 -2.582107033086878279e-05 8.366715189572825848e-08
2.071794871794871895e+01 -2.916572402260555764e-05 1.003706511601975386e-07
2.092307692307692335e+01 -3.077880560011458065e-05 1.194310037281651247e-07
2.112820512820512775e+01 -3.202332119047207484e-05 1.373779676826189954e-07
2.133333333333333215e+01 -3.519446844500846662e-05 1.473965211863439024e-07
2.153846153846153655e+01 -3.515859882029490248e-05 1.551425887404240994e-07
2.174358974358974450e+01 -3.862055947155609159e-05 1.792449604090886985e-07
2.194871794871794890e+01 -4.047242837968282919e-05 1.825291345702981406e-07
2.215384615384615330e+01 -4.022040035586112508e-05 1.773934863343310462e-07
2.235897435897435770e+01 -4.558252248650364563e-05 2.082466939582905627e-07
2.256410256410256210e+01 -5.086410516454273665e-05 2.727419386282815351e-07
2.276923076923077005e+01 -5.752270925240777686e-05 3.512453751741723972e-07
2.297435897435897445e+01 -6.610380489428407697e-05 4.573983521028532093e-07
2.317948717948717885e+01 -7.238280950302389770e-05 5.567937597959757355e-07
2.338461538461538325e+01 -7.459211011612075059e-05 5.094055472657049712e-07
2.358974358974358765e+01 -7.801204393934718076e-05 5.381736960181528370e-07
2.379487179487179560e+01 -8.454031694444936432e-05 6.424421666901979643e-07
2.400000000000000000e+01 -8.647653684473136527e-05 5.933747991574650826e-07
2.420512820512820440e+01 -8.345291694680079643e-05 4.987656223881028859e-07
2.441025641025640880e+01 -8.975917244052531146e-05 5.209387151963463685e-07
2.461538461538461320e+01 -1.004474979401948369e-04 6.111583131777675950e-07
2.482051282051282115e+01 -1.131729373192701398e-04 7.570971023712236167e-07
2.502564102564102555e+01 -1.341945950449701080e-04 9.875416329409275071e-07
2.523076923076922995e+01 -1.544831827399672738e-04 1.245951915216975293e-06
2.543589743589743435e+01 -1.825280727012282820e-04 1.648579188546129444e-06
2.564102564102563875e+01 -2.274510111331642839e-04 2.332435283169773442e-06
2.584615384615384670e+01 -2.705326140186771347e-04 3.003493002643569645e-06
2.605128205128205110e+01 -2.787999236854074971e-04 2.910761056181274704e-06
2.625641025641025550e+01 -3.005074879084165102e-04 3.098693639806344854e-06
2.646153846153845990e+01 -3.164244277538469288e-04 3.094203263775367221e-06
2.666666666666666430e+01 -3.490516372471223283e-04 3.359523312366609041e-06
2.687179487179487225e+01 -3.653887189572518250e-04 3.339334554091316221e-06
2.707692307692307665e+01 -3.786515706613164094e-04 3.224065652936476339e-06
2.728205128205128105e+01 -3.792792482925252105e-04 2.902558802119364532e-06
2.748717948717948545e+01 -4.154320762292248396e-04 3.196905406262157295e-06
2.769230769230768985e+01 -4.878116515694184236e-04 4.176958255245770704e-06
2.789743589743589780e+01 -5.456575572328418566e-04 4.933922873390857171e-06
2.810256410256410220e+01 -5.813450794012787765e-04 5.040131679422996042e-06
2.830769230769230660e+01 -6.785211081286660322e-04 6.249575285250937194e-06
2.851282051282051100e+01 -8.289719777369964704e-04 8.381661285991592463e-06
2.871794871794871540e+01 -1.027778412971829067e-03 1.142834990090872456e-05
2.892307692307692335e+01 -1.092082161127827305e-03 1.197153262450782700e-05
2.912820512820512775e+01 -1.080380480031697911e-03 1.090220212282077266e-05
2.933333333333333215e+01 -1.136306101557244506e-03 1.124839037726083097e-05
2.953846153846153655e+01 -1.274671672233667827e-03 1.318058705772180211e-05
2.974358974358974095e+01 -1.445097212302189071e-03 1.550383983034714922e-05
2.994871794871794890e+01 -1.513910813800363507e-03 1.547947760067930331e-05
3.015384615384615330e+01 -1.731585951397846468e-03 1.831669169912581146e-05
3.035897435897435770e+01 -1.738040446411330368e-03 1.645281368182054138e-05
3.056410256410256210e+01 -1.810166811749134262e-03 1.574408405031300505e-05
3.076923076923076650e+01 -1.951789473340949117e-03 1.585817970269601493e-05
3.097435897435897445e+01 -2.079607640324357149e-03 1.583828168031808467e-05
3.117948717948717885e+01 -2.143590935811572236e-03 1.482146779495564221e-05
3.138461538461538325e+01 -2.422786138106935733e-03 1.702864666695042643e-05
3.158974358974358765e+01 -2.839267702327329460e-03 2.194131498572412077e-05
3.179487179487179205e+01 -3.212942262779385372e-03 2.613671959215416244e-05
3.200000000000000000e+01 -3.218533796552352708e-03 2.341295459554763715e-05
3.220512820512820440e+01 -3.481274900509733535e-03 2.227215669357291816e-05
3.241025641025640880e+01 -3.982097795089366288e-03 2.548422571614865809e-05
3.261538461538461320e+01 -4.868267378397871104e-03 3.179437609341913778e-05
3.282051282051281760e+01 -5.880492916009124639e-03 4.077592945921603551e-05
3.302564102564102200e+01 -6.125269134778911148e-03 3.922672403549495022e-05
3.323076923076922640e+01 -6.741988126000009879e-03 4.202610679166250896e-05
3.343589743589743790e+01 -6.947068333811749763e-03 3.638774582467238234e-05
3.364102564102564230e+01 -7.237946653616446867e-03 3.417909948167469433e-05
3.384615384615384670e+01 -8.242200776987455152e-03 3.527459351215918667e-05
3.405128205128205110e+01 -9.345972343783152253e-03 3.714779606027501975e-05
3.425641025641025550e+01 -1.062177303219634557e-02 4.259701750873443109e-05
3.446153846153845990e+01 -1.172847085716635825e-02 4.632428654953072529e-05
3.466666666666666430e+01 -1.254910347368012880e-02 4.721190194253731861e-05
3.487179487179486870e+01 -1.398600159256341464e-02 4.677602344761147470e-05
3.507692307692307310e+01 -1.465413597701399444e-02 4.892578580434896890e-05
3.528205128205127750e+01 -1.553681897607269574e-02 4.724530499053908935e-05
3.548717948717948900e+01 -1.676192553097007043e-02 4.786590658344980085e-05
3.569230769230769340e+01 -1.845794057447810305e-02 5.263147099444970463e-05
3.589743589743589780e+01 -2.053083030114422405e-02 5.209671143770614799e-05
3.610256410256410220e+01 -2.262187457146181552e-02 5.361770730360710736e-05
3.630769230769230660e+01 -2.490952912986452855e-02 5.004803308617485134e-05
3.651282051282051100e+01 -2.744555415465413373e-02 4.644195818809597703e-05
3.671794871794871540e+01 -3.013323336028812804e-02 4.711811350038774354e-05
3.692307692307691980e+01 -3.396876113477185349e-02 5.252426621086265352e-05
3.712820512820512420e+01 -3.853544878604441004e-02 5.528891291881231286e-05
3.733333333333332860e+01 -4.348972198782203452e-02 5.575472042889466329e-05
3.753846153846154010e+01 -4.998974839512549534e-02 5.727394984668231085e-05
3.774358974358974450e+01 -5.763115978069968670e-02 6.154011436598426333e-05
3.794871794871794890e+01 -6.750671819213345526e-02 6.611913071625971075e-05
3.815384615384615330e+01 -7.933247598480515361e-02 7.105728796952143233e-05
3.835897435897435770e+01 -9.353164209402571594e-02 7.698812850694747637e-05
3.856410256410256210e+01 -1.111365381230996069e-01 9.081895574124536526e-05
3.876923076923076650e+01 -1.330168470988264684e-01 9.605739931460879585e-05
3.897435897435897090e+01 -1.613093460986600725e-01 1.102102843954039994e-04
3.917948717948717530e+01 -1.977202688891336047e-01 1.082190656579499176e-04
3.938461538461538680e+01 -2.452804235343901129e-01 1.241279582926255360e-04
3.958974358974359120e+01 -3.076512667291623204e-01 1.372652221914633292e-04
3.979487179487179560e+01 -3.899446880098835777e-01 1.423540021207518971e-04
4.000000000000000000e+01 -5.000000000000003331e-01 1.846414388622851454e-04
