0.000000000000000000e+00 -4.999999999999998335e-01 6.744758368353097160e-05
2.051282051282051211e-01 -4.434553848755539152e-01 5.813368633924000605e-05
4.102564102564102422e-01 -3.975079209274257619e-01 5.082690183731815249e-05
6.153846153846154188e-01 -3.593328021942900907e-01 4.513789369979609109e-05
8.205128205128204844e-01 -3.273808005126610521e-01 4.061189060582532224e-05
1.025641025641025550e+00 -3.003897782565608798e-01 3.687056584071288538e-05
1.230769230769230838e+00 -2.772727795847546028e-01 3.372824203737148153e-05
1.435897435897435903e+00 -2.574983594871661507e-01 3.115110146008567442e-05
1.641025641025640969e+00 -2.401852787743603279e-01 2.897490817209605923e-05
1.846153846153846034e+00 -2.250481976330785117e-01 2.714367086405881799e-05
2.051282051282051100e+00 -2.118861866031926666e-01 2.567893328503868171e-05
2.256410256410256387e+00 -2.001346336350118826e-01 2.434364556496036920e-05
2.461538461538461675e+00 -1.896302561935028774e-01 2.318014674318198931e-05
2.666666666666666519e+00 -1.802485378534475213e-01 2.215404947023338222e-05
2.871794871794871806e+00 -1.717384039576354549e-01 2.126530520854849848e-05
3.076923076923076650e+00 -1.640689658189700695e-01 2.046123657154666031e-05
3.282051282051281937e+00 -1.570963566974820091e-01 1.976295357095441497e-05
3.487179487179487225e+00 -1.506689299486956013e-01 1.912132741906764981e-05
3.692307692307692069e+00 -1.447870678152517465e-01 1.852904166030646234e-05
3.897435897435897356e+00 -1.392950617952450898e-01 1.800015212318236462e-05
4.102564102564102200e+00 -1.341240040114197174e-01 1.745761541768463287e-05
4.307692307692307487e+00 -1.292373655960314116e-01 1.687031289827531626e-05
4.512820512820512775e+00 -1.248203036372086405e-01 1.637879459334179216e-05
4.717948717948718063e+00 -1.207885081615934636e-01 1.603483591196851242e-05
4.923076923076923350e+00 -1.169210169653167875e-01 1.557510374899405479e-05
5.128205128205127750e+00 -1.131935398319672270e-01 1.509236244168535822e-05
5.333333333333333037e+00 -1.098702859870693549e-01 1.466743852336188852e-05
5.538461538461538325e+00 -1.067510510552754782e-01 1.425158884281229531e-05
5.743589743589743613e+00 -1.038042635310014172e-01 1.384259417744196632e-05
5.948717948717948900e+00 -1.010681478951219597e-01 1.348965366375967160e-05
6.153846153846153300e+00 -9.841351967055939065e-02 1.307509627766175584e-05
6.358974358974358587e+00 -9.592446755017809690e-02 1.268834350039977495e-05
6.564102564102563875e+00 -9.359018218176683168e-02 1.238815289388091463e-05
6.769230769230769162e+00 -9.134854597872517357e-02 1.214282634278709782e-05
6.974358974358974450e+00 -8.913029435599453820e-02 1.183863222798608330e-05
7.179487179487178850e+00 -8.709272073798444980e-02 1.160604906417653652e-05
7.384615384615384137e+00 -8.522859955359718409e-02 1.141547711937181604e-05
7.589743589743589425e+00 -8.341507997260771967e-02 1.123546979232216723e-05
7.794871794871794712e+00 -8.173492847581703691e-02 1.102182755389639673e-05
8.000000000000000000e+00 -8.019804284073936418e-02 1.089033789299949842e-05
8.205128205128204399e+00 -7.872337545331775654e-02 1.075695010487659433e-05
8.410256410256410575e+00 -7.731214304096215018e-02 1.058924956750822665e-05
8.615384615384614975e+00 -7.593019538601966656e-02 1.040914360965240014e-05
8.820512820512819374e+00 -7.465950484756136984e-02 1.029383172862812355e-05
9.025641025641025550e+00 -7.343168356915347195e-02 1.021006033957504400e-05
9.230769230769229949e+00 -7.218613034889229119e-02 1.006756217750452023e-05
9.435897435897436125e+00 -7.107714893903276099e-02 9.925213515582344753e-06
9.641025641025640525e+00 -6.996195790920253788e-02 9.755590370825601148e-06
9.846153846153846700e+00 -6.889699163939735915e-02 9.607736569523714885e-06
1.005128205128205110e+01 -6.780953477838087828e-02 9.404952443728688171e-06
1.025641025641025550e+01 -6.681735166102875656e-02 9.257994664503940813e-06
1.046153846153846168e+01 -6.585347643831993003e-02 9.177278956767011731e-06
1.066666666666666607e+01 -6.501033859018769123e-02 9.161711699916240696e-06
1.087179487179487225e+01 -6.419041006622025480e-02 9.138959404121094153e-06
1.107692307692307665e+01 -6.340729810873207972e-02 9.106997199959760233e-06
1.128205128205128105e+01 -6.266209622353653697e-02 9.054727895237113286e-06
1.148717948717948723e+01 -6.191767781376168733e-02 8.962954977977274467e-06
1.169230769230769162e+01 -6.121730101742399455e-02 8.895190201421300960e-06
1.189743589743589780e+01 -6.056649247387740909e-02 8.837311568139652549e-06
1.210256410256410220e+01 -5.994421133553602676e-02 8.765309216727589588e-06
1.230769230769230660e+01 -5.930653121231996977e-02 8.654725785737552409e-06
1.251282051282051277e+01 -5.871774063712151270e-02 8.572191706455099838e-06
1.271794871794871717e+01 -5.816961811552452677e-02 8.489053922045742423e-06
1.292307692307692335e+01 -5.763529220402859032e-02 8.420388940261173288e-06
1.312820512820512775e+01 -5.708293449955083310e-02 8.342240762167691976e-06
1.333333333333333215e+01 -5.658466368161424453e-02 8.273377946416364656e-06
1.353846153846153832e+01 -5.615316222037147059e-02 8.254277593171931843e-06
1.374358974358974272e+01 -5.568214644020370863e-02 8.183262249829084136e-06
1.394871794871794890e+01 -5.522236470910889261e-02 8.152998744982535573e-06
1.415384615384615330e+01 -5.480382259177690035e-02 8.115142990304492158e-06
1.435897435897435770e+01 -5.438249549967776042e-02 8.079694356389226226e-06
1.456410256410256387e+01 -5.390423288002785945e-02 7.987465836685374510e-06
1.476923076923076827e+01 -5.347453547082848396e-02 7.865917679286127531e-06
1.497435897435897445e+01 -5.310595185433920895e-02 7.811203678884168420e-06
1.517948717948717885e+01 -5.278477630866079684e-02 7.777205546246890040e-06
1.538461538461538325e+01 -5.245801608303102270e-02 7.740251328375842788e-06
1.558974358974358942e+01 -5.214220203602902559e-02 7.715738844423908192e-06
1.579487179487179382e+01 -5.183424856425463551e-02 7.712304890992498571e-06
1.600000000000000000e+01 -5.165983021062589553e-02 7.720623847535107171e-06
1.620512820512820440e+01 -5.152004994029509011e-02 7.746845177773458788e-06
1.641025641025640880e+01 -5.140491030740114431e-02 7.777093077085405298e-06
1.661538461538461320e+01 -5.124727698965925171e-02 7.792266530772376575e-06
1.682051282051282115e+01 -5.105764945492159701e-02 7.817888722494276439e-06
1.702564102564102555e+01 -5.087106782310490266e-02 7.865002423376230944e-06
1.723076923076922995e+01 -5.061690580298754127e-02 7.838747342524113505e-06
1.743589743589743435e+01 -5.042064075710769866e-02 7.849815489648460861e-06
1.764102564102563875e+01 -5.026977550935218808e-02 7.885004359185985705e-06
1.784615384615384670e+01 -5.011248900479716578e-02 7.908049272177493572e-06
1.805128205128205110e+01 -4.993536577946960930e-02 7.879363843258063542e-06
1.825641025641025550e+01 -4.981694218394328022e-02 7.875991470531446508e-06
1.846153846153845990e+01 -4.966071548570510918e-02 7.928270274431711864e-06
1.866666666666666430e+01 -4.955312965619724369e-02 7.982635604785037341e-06
1.887179487179487225e+01 -4.939570059699764648e-02 7.985892600625454533e-06
1.907692307692307665e+01 -4.927494586576899871e-02 7.994283408181478300e-06
1.928205128205128105e+01 -4.920568174274411732e-02 7.985785367873974330e-06
1.948717948717948545e+01 -4.915709798990035989e-02 8.004633694491298615e-06
1.969230769230769340e+01 -4.911935464648050503e-02 7.989930861023305660e-06
1.989743589743589780e+01 -4.910765369467313957e-02 8.002146437808516457e-06
2.010256410256410220e+01 -4.910765369467313957e-02 8.002146437808506293e-06
2.030769230769230660e+01 -4.911935464648051197e-02 7.989930861023314130e-06
2.051282051282051100e+01 -4.915709798990047091e-02 8.004633694491288451e-06
2.071794871794871895e+01 -4.920568174274395079e-02 7.985785367873969248e-06
2.092307692307692335e+01 -4.927494586576895708e-02 7.994283408181457971e-06
2.112820512820512775e+01 -4.939570059699759791e-02 7.985892600625464697e-06
2.133333333333333215e+01 -4.955312965619715349e-02 7.982635604785018706e-06
2.153846153846153655e+01 -4.966071548570512306e-02 7.928270274431700005e-06
2.174358974358974450e+01 -4.981694218394314838e-02 7.875991470531424485e-06
2.194871794871794890e+01 -4.993536577946960930e-02 7.879363843258068624e-06
2.215384615384615330e+01 -5.011248900479713109e-02 7.908049272177480020e-06
2.235897435897435770e+01 -5.026977550935217420e-02 7.885004359186000952e-06
2.256410256410256210e+01 -5.042064075710771254e-02 7.849815489648443920e-06
2.276923076923077005e+01 -5.061690580298754127e-02 7.838747342524099952e-06
2.297435897435897445e+01 -5.087106782310475694e-02 7.865002423376219086e-06
2.317948717948717885e+01 -5.105764945492158313e-02 7.817888722494305238e-06
2.338461538461538325e+01 -5.124727698965927947e-02 7.792266530772371492e-06
2.358974358974358765e+01 -5.140491030740108186e-02 7.777093077085420544e-06
2.379487179487179560e+01 -5.152004994029486806e-02 7.746845177773472341e-06
2.400000000000000000e+01 -5.165983021062593716e-02 7.720623847535146135e-06
2.420512820512820440e+01 -5.183424856425473265e-02 7.712304890992515512e-06
2.441025641025640880e+01 -5.214220203602903947e-02 7.715738844423891251e-06
2.461538461538461320e+01 -5.245801608303091862e-02 7.740251328375856340e-06
2.482051282051282115e+01 -5.278477630866075521e-02 7.777205546246879875e-06
2.502564102564102555e+01 -5.310595185433920895e-02 7.811203678884190443e-06
2.523076923076922995e+01 -5.347453547082839376e-02 7.865917679286090261e-06
2.543589743589743435e+01 -5.390423288002781088e-02 7.987465836685364346e-06
2.564102564102563875e+01 -5.438249549967792695e-02 8.079694356389234696e-06
2.584615384615384670e+01 -5.480382259177687954e-02 8.115142990304495546e-06
2.605128205128205110e+01 -5.522236470910892731e-02 8.152998744982549125e-06
2.625641025641025550e+01 -5.568214644020358373e-02 8.183262249829045172e-06
2.646153846153845990e+01 -5.615316222037135957e-02 8.254277593171931843e-06
2.666666666666666430e+01 -5.658466368161443188e-02 8.273377946416351103e-06
2.687179487179487225e+01 -5.708293449955081922e-02 8.342240762167725857e-06
2.707692307692307665e+01 -5.763529220402854869e-02 8.420388940261178370e-06
2.728205128205128105e+01 -5.816961811552440187e-02 8.489053922045752587e-06
2.748717948717948545e+01 -5.871774063712149883e-02 8.572191706455098144e-06
2.769230769230768985e+01 -5.930653121231984487e-02 8.654725785737562573e-06
2.789743589743589780e+01 -5.994421133553603370e-02 8.765309216727570953e-06
2.810256410256410220e+01 -6.056649247387738827e-02 8.837311568139684736e-06
2.830769230769230660e+01 -6.121730101742398067e-02 8.895190201421316207e-06
2.851282051282051100e+01 -6.191767781376186774e-02 8.962954977977328678e-06
2.871794871794871540e+01 -6.266209622353652309e-02 9.054727895237101428e-06
2.892307692307692335e+01 -6.340729810873207972e-02 9.106997199959763621e-06
2.912820512820512775e+01 -6.419041006622025480e-02 9.138959404121090765e-06
2.933333333333333215e+01 -6.501033859018759409e-02 9.161711699916213591e-06
2.953846153846153655e+01 -6.585347643832009656e-02 9.177278956766982932e-06
2.974358974358974095e+01 -6.681735166102879819e-02 9.257994664503942507e-06
2.994871794871794890e+01 -6.780953477838089216e-02 9.404952443728647514e-06
3.015384615384615330e+01 -6.889699163939734528e-02 9.607736569523711497e-06
3.035897435897435770e+01 -6.996195790920253788e-02 9.755590370825614700e-06
3.056410256410256210e+01 -7.107714893903276099e-02 9.925213515582358305e-06
3.076923076923076650e+01 -7.218613034889227731e-02 1.006756217750452023e-05
3.097435897435897445e+01 -7.343168356915340256e-02 1.021006033957506771e-05
3.117948717948717885e+01 -7.465950484756136984e-02 1.029383172862811339e-05
3.138461538461538325e+01 -7.593019538601963880e-02 1.040914360965235101e-05
3.158974358974358765e+01 -7.731214304096235834e-02 1.058924956750829103e-05
3.179487179487179205e+01 -7.872337545331774267e-02 1.075695010487660619e-05
3.200000000000000000e+01 -8.019804284073936418e-02 1.089033789299949164e-05
3.220512820512820440e+01 -8.173492847581695364e-02 1.102182755389637979e-05
3.241025641025640880e+01 -8.341507997260760865e-02 1.123546979232210286e-05
3.261538461538461320e+01 -8.522859955359712858e-02 1.141547711937182790e-05
3.282051282051281760e+01 -8.709272073798432490e-02 1.160604906417654838e-05
3.302564102564102200e+01 -8.913029435599464922e-02 1.183863222798611379e-05
3.323076923076922640e+01 -9.134854597872524296e-02 1.214282634278707410e-05
3.343589743589743790e+01 -9.359018218176690107e-02 1.238815289388098747e-05
3.364102564102564230e+01 -9.592446755017822180e-02 1.268834350039973090e-05
3.384615384615384670e+01 -9.841351967055943228e-02 1.307509627766176600e-05
3.405128205128205110e+01 -1.010681478951220569e-01 1.348965366375967160e-05
3.425641025641025550e+01 -1.038042635310014311e-01 1.384259417744195615e-05
3.446153846153845990e+01 -1.067510510552752284e-01 1.425158884281229870e-05
3.466666666666666430e+01 -1.098702859870692994e-01 1.466743852336186988e-05
3.487179487179486870e+01 -1.131935398319671437e-01 1.509236244168531756e-05
3.507692307692307310e+01 -1.169210169653169262e-01 1.557510374899406157e-05
3.528205128205127750e+01 -1.207885081615936718e-01 1.603483591196848532e-05
3.548717948717948900e+01 -1.248203036372087793e-01 1.637879459334178539e-05
3.569230769230769340e+01 -1.292373655960313839e-01 1.687031289827530949e-05
3.589743589743589780e+01 -1.341240040114198284e-01 1.745761541768459221e-05
3.610256410256410220e+01 -1.392950617952450343e-01 1.800015212318240867e-05
3.630769230769230660e+01 -1.447870678152517465e-01 1.852904166030647589e-05
3.651282051282051100e+01 -1.506689299486954625e-01 1.912132741906769724e-05
3.671794871794871540e+01 -1.570963566974817316e-01 1.976295357095439126e-05
3.692307692307691980e+01 -1.640689658189700417e-01 2.046123657154663321e-05
3.712820512820512420e+01 -1.717384039576357324e-01 2.126530520854843072e-05
3.733333333333332860e+01 -1.802485378534475768e-01 2.215404947023337544e-05
3.753846153846154010e+01 -1.896302561935030995e-01 2.318014674318200286e-05
3.774358974358974450e+01 -2.001346336350119381e-01 2.434364556496036242e-05
3.794871794871794890e+01 -2.118861866031925834e-01 2.567893328503871559e-05
3.815384615384615330e+01 -2.250481976330785117e-01 2.714367086405878411e-05
3.835897435897435770e+01 -2.401852787743602446e-01 2.897490817209604907e-05
3.856410256410256210e+01 -2.574983594871659842e-01 3.115110146008574896e-05
3.876923076923076650e+01 -2.772727795847543808e-01 3.372824203737152896e-05
3.897435897435897090e+01 -3.003897782565604357e-01 3.687056584071287182e-05
3.917948717948717530e+01 -3.273808005126611631e-01 4.061189060582526803e-05
3.938461538461538680e+01 -3.593328021942904793e-01 4.513789369979588780e-05
3.958974358974359120e+01 -3.975079209274257064e-01 5.082690183731817960e-05
3.979487179487179560e+01 -4.434553848755540262e-01 5.813368633924008059e-05
4.000000000000000000e+01 -5.000000000000002220e-01 6.744758368353097160e-05
