0.000000000000000000e+00 -4.999999999999992784e-01 2.170547212512182066e-05
2.051282051282051211e-01 -3.834658095287479807e-01 1.972961322513978920e-05
4.102564102564102422e-01 -2.975088780841025349e-01 2.182785976710164915e-05
6.153846153846154188e-01 -2.339070699153715793e-01 2.420050904465521216e-05
8.205128205128204844e-01 -1.855632132264461998e-01 2.729633045120487641e-05
1.025641025641025550e+00 -1.490393086363027142e-01 2.899073930825720407e-05
1.230769230769230838e+00 -1.204818174572269834e-01 3.061853250534461246e-05
1.435897435897435903e+00 -9.873055477583310424e-02 3.195609797909569280e-05
1.641025641025640969e+00 -8.152072245899821823e-02 3.245574878265297441e-05
1.846153846153846034e+00 -6.811181879028326003e-02 3.327856939441423627e-05
2.051282051282051100e+00 -5.691946598295478943e-02 3.257522081815026976e-05
2.256410256410256387e+00 -4.796278497589965412e-02 3.233819083607482862e-05
2.461538461538461675e+00 -4.093596766396475489e-02 3.378087927964147278e-05
2.666666666666666519e+00 -3.543651647706017038e-02 3.541273016889940240e-05
2.871794871794871806e+00 -3.039332972990638551e-02 3.588727836334369107e-05
3.076923076923076650e+00 -2.584851855587587746e-02 3.397728062114320854e-05
3.282051282051281937e+00 -2.210751445247146826e-02 3.099741695786421955e-05
3.487179487179487225e+00 -1.961415441844724036e-02 2.946986276181154610e-05
3.692307692307692069e+00 -1.766528899169302405e-02 3.028384060934609246e-05
3.897435897435897356e+00 -1.588472546646767930e-02 3.133610959067260936e-05
4.102564102564102200e+00 -1.465877168535314502e-02 3.402994684477718000e-05
4.307692307692307487e+00 -1.344433713802491506e-02 3.787996865684594501e-05
4.512820512820512775e+00 -1.240497787551290108e-02 4.335504689108756447e-05
4.717948717948718063e+00 -1.154342279937273404e-02 4.411330054073532011e-05
4.923076923076923350e+00 -1.069584868514091187e-02 4.591601260807243537e-05
5.128205128205127750e+00 -9.501702660100653716e-03 4.178632111799402142e-05
5.333333333333333037e+00 -7.890474318774398990e-03 3.344217849524742107e-05
5.538461538461538325e+00 -6.875954612953682696e-03 3.110967963653363233e-05
5.743589743589743613e+00 -5.741730323843301578e-03 2.536817410881833394e-05
5.948717948717948900e+00 -4.943577473263437334e-03 2.314942859117719831e-05
6.153846153846153300e+00 -4.188388688449278842e-03 1.796853106419067138e-05
6.358974358974358587e+00 -3.763406209927052260e-03 1.507530674303577095e-05
6.564102564102563875e+00 -3.516085023014393733e-03 1.504921687235712016e-05
6.769230769230769162e+00 -3.174056147197428911e-03 1.364206591191759240e-05
6.974358974358974450e+00 -2.721870004977081613e-03 1.162932185117749443e-05
7.179487179487178850e+00 -2.513400819145785760e-03 1.258649867334152311e-05
7.384615384615384137e+00 -2.039048845382267564e-03 1.019363523643542283e-05
7.589743589743589425e+00 -1.650597265811260764e-03 1.073134359598342126e-05
7.794871794871794712e+00 -1.353567253047363410e-03 8.114377600683399556e-06
8.000000000000000000e+00 -1.057921848248197672e-03 7.550881794923513051e-06
8.205128205128204399e+00 -9.198564389732359452e-04 5.782581286505109042e-06
8.410256410256410575e+00 -8.264528103300948893e-04 4.355392526492943572e-06
8.615384615384614975e+00 -7.768901310889284734e-04 3.699597350165755490e-06
8.820512820512819374e+00 -6.865281717637614686e-04 2.941978917350825826e-06
9.025641025641025550e+00 -6.425155846017830763e-04 2.712155906821172164e-06
9.230769230769229949e+00 -5.522892827791905501e-04 2.067887854110821894e-06
9.435897435897436125e+00 -4.727351925920716914e-04 1.514841868424256070e-06
9.641025641025640525e+00 -4.115433784705774148e-04 1.174730862469669911e-06
9.846153846153846700e+00 -3.775120523696751519e-04 1.061754216446590374e-06
1.005128205128205110e+01 -3.323554136010016449e-04 8.974198233570398372e-07
1.025641025641025550e+01 -2.950082618887474827e-04 8.084883921208722359e-07
1.046153846153846168e+01 -2.649686095693928206e-04 7.742976710618247896e-07
1.066666666666666607e+01 -2.381452904866209949e-04 7.039443452472169163e-07
1.087179487179487225e+01 -2.134496098516434643e-04 6.491736540906435391e-07
1.107692307692307665e+01 -1.946630192823271756e-04 5.793501161814835921e-07
1.128205128205128105e+01 -1.799236469778469933e-04 5.323147863213609422e-07
1.148717948717948723e+01 -1.593787596499726504e-04 4.460091101646305502e-07
1.169230769230769162e+01 -1.420048075254223352e-04 3.829494209301902861e-07
1.189743589743589780e+01 -1.246636778675041894e-04 3.448330643950275747e-07
1.210256410256410220e+01 -1.120612270885801959e-04 2.996859155555139691e-07
1.230769230769230660e+01 -1.057038156087056826e-04 2.787980019570133295e-07
1.251282051282051277e+01 -9.570722230660207879e-05 2.601047208342171027e-07
1.271794871794871717e+01 -8.526159922305906675e-05 2.163393118660779329e-07
1.292307692307692335e+01 -7.550803913963925241e-05 1.903533197250563413e-07
1.312820512820512775e+01 -6.604396083315688449e-05 1.669874075802946545e-07
1.333333333333333215e+01 -6.035204190381550815e-05 1.526604536580615319e-07
1.353846153846153832e+01 -5.093166343703460215e-05 1.232992134399613565e-07
1.374358974358974272e+01 -4.627166364215464910e-05 1.031333852170508905e-07
1.394871794871794890e+01 -4.371603879967360401e-05 1.002087101811627990e-07
1.415384615384615330e+01 -3.889871958743523766e-05 9.760602662876499324e-08
1.435897435897435770e+01 -3.712302829546697941e-05 9.339543214849371880e-08
1.456410256410256387e+01 -3.278899415202240803e-05 9.357056064350434022e-08
1.476923076923076827e+01 -3.007400135610743662e-05 1.001112382275661268e-07
1.497435897435897445e+01 -2.785882382096589241e-05 8.537884157340557640e-08
1.517948717948717885e+01 -2.246957060316643961e-05 7.250223782519243673e-08
1.538461538461538325e+01 -2.107023592449490924e-05 7.095342375913646999e-08
1.558974358974358942e+01 -1.833808257663810309e-05 6.639358017099487277e-08
1.579487179487179382e+01 -1.486537089501032278e-05 7.231797489417080501e-08
1.600000000000000000e+01 -1.442468815030529157e-05 9.124724955917243944e-08
1.620512820512820440e+01 -1.080654058813380840e-05 1.072188950060412954e-07
1.641025641025640880e+01 -1.149257598325043175e-05 8.454482819377370748e-08
1.661538461538461320e+01 -1.209658103741153103e-05 5.887574649052438554e-08
1.682051282051282115e+01 -1.088804205951285810e-05 3.708264395970239523e-08
1.702564102564102555e+01 -1.218346814724369654e-05 2.724022582904986206e-08
1.723076923076922995e+01 -1.054919854721290985e-05 2.540093136003926352e-08
1.743589743589743435e+01 -1.016259070634141428e-05 2.235849426648485627e-08
1.764102564102563875e+01 -1.085294807602981323e-05 1.987949650848286289e-08
1.784615384615384670e+01 -8.767450627936222195e-06 1.796808540798520120e-08
1.805128205128205110e+01 -9.835857083918211235e-06 1.748639053423255428e-08
1.825641025641025550e+01 -9.143330970816600418e-06 1.836948563738013292e-08
1.846153846153845990e+01 -8.031512317165620979e-06 1.937616807075917849e-08
1.866666666666666430e+01 -9.530555154245677269e-06 2.296786959900440447e-08
1.887179487179487225e+01 -7.658068954574467308e-06 2.436329308568542143e-08
1.907692307692307665e+01 -8.389933140162606889e-06 2.446352695742517731e-08
1.928205128205128105e+01 -8.693415005054240356e-06 2.515200913505722503e-08
1.948717948717948545e+01 -7.201708583502163820e-06 2.271943649659463803e-08
1.969230769230769340e+01 -9.082652885379242447e-06 2.474674059085261314e-08
1.989743589743589780e+01 -7.939502016502972899e-06 2.258075087911140702e-08
2.010256410256410220e+01 -7.939502016542766507e-06 2.258075087910021361e-08
2.030769230769230660e+01 -9.082652885395569854e-06 2.474674059084434796e-08
2.051282051282051100e+01 -7.201708583541850702e-06 2.271943649651820655e-08
2.071794871794871895e+01 -8.693415004999151027e-06 2.515200913490853104e-08
2.092307692307692335e+01 -8.389933140227709841e-06 2.446352695729404603e-08
2.112820512820512775e+01 -7.658068954605302695e-06 2.436329308549450484e-08
2.133333333333333215e+01 -9.530555154233488464e-06 2.296786959886848877e-08
2.153846153846153655e+01 -8.031512317195475502e-06 1.937616807067170910e-08
2.174358974358974450e+01 -9.143330970812366948e-06 1.836948563733032010e-08
2.194871794871794890e+01 -9.835857083883789510e-06 1.748639053417939303e-08
2.215384615384615330e+01 -8.767450627964379264e-06 1.796808540790065010e-08
2.235897435897435770e+01 -1.085294807609461125e-05 1.987949650830954208e-08
2.256410256410256210e+01 -1.016259070632172076e-05 2.235849426620115979e-08
2.276923076923077005e+01 -1.054919854722108371e-05 2.540093135962231155e-08
2.297435897435897445e+01 -1.218346814728604819e-05 2.724022582858096976e-08
2.317948717948717885e+01 -1.088804205958276373e-05 3.708264395887346761e-08
2.338461538461538325e+01 -1.209658103752104054e-05 5.887574648883389306e-08
2.358974358974358765e+01 -1.149257598339639924e-05 8.454482819104922601e-08
2.379487179487179560e+01 -1.080654058828189347e-05 1.072188950024722427e-07
2.400000000000000000e+01 -1.442468815042019667e-05 9.124724955641050322e-08
2.420512820512820440e+01 -1.486537089510347777e-05 7.231797489230181358e-08
2.441025641025640880e+01 -1.833808257672930482e-05 6.639358016971894999e-08
2.461538461538461320e+01 -2.107023592449411642e-05 7.095342375805879262e-08
2.482051282051282115e+01 -2.246957060321489667e-05 7.250223782445077997e-08
2.502564102564102555e+01 -2.785882382102131209e-05 8.537884157300805325e-08
2.523076923076922995e+01 -3.007400135610919844e-05 1.001112382273485453e-07
2.543589743589743435e+01 -3.278899415204976380e-05 9.357056064338619236e-08
2.564102564102563875e+01 -3.712302829546213439e-05 9.339543214843919105e-08
2.584615384615384670e+01 -3.889871958746615776e-05 9.760602662873905285e-08
2.605128205128205110e+01 -4.371603879968489326e-05 1.002087101811502523e-07
2.625641025641025550e+01 -4.627166364211596341e-05 1.031333852170450274e-07
2.646153846153845990e+01 -5.093166343703561859e-05 1.232992134399631299e-07
2.666666666666666430e+01 -6.035204190383305868e-05 1.526604536580591496e-07
2.687179487179487225e+01 -6.604396083317172451e-05 1.669874075802983074e-07
2.707692307692307665e+01 -7.550803913962801737e-05 1.903533197250577177e-07
2.728205128205128105e+01 -8.526159922309103716e-05 2.163393118660770858e-07
2.748717948717948545e+01 -9.570722230654670317e-05 2.601047208342202261e-07
2.769230769230768985e+01 -1.057038156086720452e-04 2.787980019570145471e-07
2.789743589743589780e+01 -1.120612270885653288e-04 2.996859155555075105e-07
2.810256410256410220e+01 -1.246636778675231088e-04 3.448330643950088341e-07
2.830769230769230660e+01 -1.420048075254670315e-04 3.829494209301634458e-07
2.851282051282051100e+01 -1.593787596499325349e-04 4.460091101646053509e-07
2.871794871794871540e+01 -1.799236469778400815e-04 5.323147863213307666e-07
2.892307692307692335e+01 -1.946630192822916680e-04 5.793501161814583929e-07
2.912820512820512775e+01 -2.134496098516253581e-04 6.491736540906128342e-07
2.933333333333333215e+01 -2.381452904865652941e-04 7.039443452471802822e-07
2.953846153846153655e+01 -2.649686095694168356e-04 7.742976710618082725e-07
2.974358974358974095e+01 -2.950082618886803705e-04 8.084883921208480955e-07
2.994871794871794890e+01 -3.323554136009811534e-04 8.974198233570024619e-07
3.015384615384615330e+01 -3.775120523696584552e-04 1.061754216446523247e-06
3.035897435897435770e+01 -4.115433784705067790e-04 1.174730862469566361e-06
3.056410256410256210e+01 -4.727351925920773835e-04 1.514841868424088145e-06
3.076923076923076650e+01 -5.522892827792180888e-04 2.067887854110552537e-06
3.097435897435897445e+01 -6.425155846017197589e-04 2.712155906820813022e-06
3.117948717948717885e+01 -6.865281717637540960e-04 2.941978917350509459e-06
3.138461538461538325e+01 -7.768901310888363162e-04 3.699597350165450982e-06
3.158974358974358765e+01 -8.264528103300780842e-04 4.355392526492785177e-06
3.179487179487179205e+01 -9.198564389732345357e-04 5.782581286505085325e-06
3.200000000000000000e+01 -1.057921848248176422e-03 7.550881794923585049e-06
3.220512820512820440e+01 -1.353567253047333920e-03 8.114377600683536775e-06
3.241025641025640880e+01 -1.650597265811189207e-03 1.073134359598363980e-05
3.261538461538461320e+01 -2.039048845382219859e-03 1.019363523643552786e-05
3.282051282051281760e+01 -2.513400819145691217e-03 1.258649867334144857e-05
3.302564102564102200e+01 -2.721870004977101996e-03 1.162932185117712681e-05
3.323076923076922640e+01 -3.174056147197294904e-03 1.364206591191680804e-05
3.343589743589743790e+01 -3.516085023014283578e-03 1.504921687235577507e-05
3.364102564102564230e+01 -3.763406209926919120e-03 1.507530674303428356e-05
3.384615384615384670e+01 -4.188388688449116645e-03 1.796853106418856735e-05
3.405128205128205110e+01 -4.943577473263307230e-03 2.314942859117449458e-05
3.425641025641025550e+01 -5.741730323843136780e-03 2.536817410881626379e-05
3.446153846153845990e+01 -6.875954612953440702e-03 3.110967963653181630e-05
3.466666666666666430e+01 -7.890474318774248069e-03 3.344217849524656726e-05
3.487179487179486870e+01 -9.501702660100502795e-03 4.178632111799402142e-05
3.507692307692307310e+01 -1.069584868514076442e-02 4.591601260807210333e-05
3.528205128205127750e+01 -1.154342279937264730e-02 4.411330054073516426e-05
3.548717948717948900e+01 -1.240497787551277445e-02 4.335504689108730020e-05
3.569230769230769340e+01 -1.344433713802478843e-02 3.787996865684579593e-05
3.589743589743589780e+01 -1.465877168535302533e-02 3.402994684477706481e-05
3.610256410256410220e+01 -1.588472546646756481e-02 3.133610959067249416e-05
3.630769230769230660e+01 -1.766528899169294425e-02 3.028384060934577736e-05
3.651282051282051100e+01 -1.961415441844715016e-02 2.946986276181134620e-05
3.671794871794871540e+01 -2.210751445247129479e-02 3.099741695786433475e-05
3.692307692307691980e+01 -2.584851855587572828e-02 3.397728062114381840e-05
3.712820512820512420e+01 -3.039332972990632653e-02 3.588727836334436869e-05
3.733333333333332860e+01 -3.543651647706002467e-02 3.541273016889915167e-05
3.753846153846154010e+01 -4.093596766396473408e-02 3.378087927964117462e-05
3.774358974358974450e+01 -4.796278497589956391e-02 3.233819083607467277e-05
3.794871794871794890e+01 -5.691946598295472004e-02 3.257522081815020199e-05
3.815384615384615330e+01 -6.811181879028327391e-02 3.327856939441420239e-05
3.835897435897435770e+01 -8.152072245899820435e-02 3.245574878265298119e-05
3.856410256410256210e+01 -9.873055477583318751e-02 3.195609797909569958e-05
3.876923076923076650e+01 -1.204818174572269418e-01 3.061853250534466667e-05
3.897435897435897090e+01 -1.490393086363027420e-01 2.899073930825711598e-05
3.917948717948717530e+01 -1.855632132264462275e-01 2.729633045120499499e-05
3.938461538461538680e+01 -2.339070699153717459e-01 2.420050904465512407e-05
3.958974358974359120e+01 -2.975088780841025904e-01 2.182785976710141198e-05
3.979487179487179560e+01 -3.834658095287480917e-01 1.972961322513940634e-05
4.000000000000000000e+01 -5.000000000000006661e-01 2.170547212512182066e-05
