7.853981633974482790e-02 7.500000000000000000e-01 -8.709470328304969033e-02
2.356194490192344837e-01 7.500000000000000000e-01 -1.748108395723472208e-01
3.926990816987241395e-01 7.500000000000001110e-01 -2.317287445818060343e-01
5.497787143782137953e-01 7.500000000000000000e-01 -2.569792182496367650e-01
7.068583470577034511e-01 7.500000000000002220e-01 -2.693573369129214079e-01
8.639379797371929959e-01 7.500000000000002220e-01 -2.749816607717707750e-01
1.021017612416682763e+00 7.500000000000002220e-01 -2.756071149364456296e-01
1.178097245096172418e+00 7.500000000000003331e-01 -2.607632993005071231e-01
1.335176877775662074e+00 7.500000000000003331e-01 -2.450425354434815350e-01
1.492256510455151730e+00 7.500000000000005551e-01 -2.517134699653820196e-01
1.649336143134641386e+00 7.500000000000001110e-01 -2.338352155182490399e-01
1.806415775814131042e+00 7.500000000000006661e-01 -2.305626991860223463e-01
1.963495408493620697e+00 7.499999999999997780e-01 -2.209963000433816660e-01
2.120575041173110353e+00 7.500000000000009992e-01 -2.115826752911531550e-01
2.277654673852600009e+00 7.500000000000002220e-01 -2.100054302055118782e-01
2.434734306532089665e+00 7.500000000000007772e-01 -2.016613211078905898e-01
2.591813939211579321e+00 7.499999999999997780e-01 -1.803717626078724656e-01
2.748893571891068976e+00 7.499999999999974465e-01 -1.683874173923447515e-01
2.905973204570558632e+00 7.499999999999980016e-01 -1.627275236484799770e-01
3.063052837250048288e+00 7.499999999999995559e-01 -1.667111499123254958e-01
3.220132469929537500e+00 7.499999999999973355e-01 -1.597277697196823887e-01
3.377212102609027600e+00 7.500000000000013323e-01 -1.391040802792247177e-01
3.534291735288517255e+00 7.499999999999983347e-01 -1.393697874821144822e-01
3.691371367968007355e+00 7.499999999999956701e-01 -1.337282341987409140e-01
3.848451000647496123e+00 7.499999999999996669e-01 -1.279839483154905366e-01
4.005530633326985779e+00 7.499999999999956701e-01 -1.291581060702595707e-01
4.162610266006476323e+00 7.499999999999972244e-01 -1.291236000310718168e-01
4.319689898685965979e+00 7.499999999999947820e-01 -1.255716958683654738e-01
4.476769531365454746e+00 7.499999999999926725e-01 -1.063970797690449999e-01
4.633849164044944402e+00 7.499999999999957812e-01 -1.059599378727504870e-01
4.790928796724434946e+00 7.499999999999901190e-01 -1.064302827000984664e-01
4.948008429403924602e+00 7.499999999999891198e-01 -9.987276480253726163e-02
5.105088062083413369e+00 7.499999999999874545e-01 -1.097347122993443946e-01
5.262167694762903025e+00 7.499999999999902300e-01 -9.344411840613542353e-02
5.419247327442393569e+00 7.499999999999887867e-01 -9.802346886720592067e-02
5.576326960121883225e+00 7.499999999999966693e-01 -9.826895370346289127e-02
5.733406592801371993e+00 7.499999999999960032e-01 -7.914606284913272560e-02
5.890486225480861648e+00 7.499999999999993339e-01 -8.340613844732658322e-02
6.047565858160352192e+00 7.499999999999995559e-01 -7.994571016924645335e-02
6.204645490839841848e+00 7.499999999999789058e-01 -8.633089236534718935e-02
6.361725123519330616e+00 7.499999999999935607e-01 -7.164965484690277719e-02
6.518804756198821160e+00 7.499999999999956701e-01 -8.640094435886780389e-02
6.675884388878310816e+00 7.499999999999933387e-01 -7.565651077433521721e-02
6.832964021557799583e+00 7.499999999999994449e-01 -6.975515298305001721e-02
6.990043654237290127e+00 7.500000000000012212e-01 -7.065601891083339581e-02
7.147123286916778895e+00 7.499999999999924505e-01 -7.880875693574296292e-02
7.304202919596268551e+00 7.500000000000084377e-01 -5.918613474175771216e-02
7.461282552275759095e+00 7.499999999999966693e-01 -7.318539664133894007e-02
7.618362184955247862e+00 7.499999999999992228e-01 -5.905439430377779075e-02
7.775441817634738406e+00 7.500000000000113243e-01 -6.309565048034748713e-02
7.932521450314228062e+00 7.499999999999983347e-01 -5.430071694207061483e-02
8.089601082993716830e+00 7.499999999999940048e-01 -5.407414351194361757e-02
8.246680715673207374e+00 7.499999999999918954e-01 -6.422270174824262767e-02
8.403760348352696141e+00 7.500000000000004441e-01 -7.033886816468459813e-02
8.560839981032184909e+00 7.499999999999891198e-01 -4.664118132580519216e-02
8.717919613711675453e+00 7.500000000000198730e-01 -4.937711427303170808e-02
8.874999246391165997e+00 7.500000000000022204e-01 -4.277940034698701766e-02
9.032078879070656541e+00 7.499999999999941158e-01 -4.271713386324194062e-02
9.189158511750145308e+00 7.500000000000041078e-01 -3.235217220705699503e-02
9.346238144429634076e+00 7.500000000000058842e-01 -3.811590871888981269e-02
9.503317777109124620e+00 7.500000000000001110e-01 -4.090038172518006832e-02
9.660397409788613388e+00 7.500000000000230926e-01 -3.098322251991270093e-02
9.817477042468102155e+00 7.500000000000085487e-01 -3.427570639969879096e-02
9.974556675147592699e+00 7.500000000000014433e-01 -2.390111227147784234e-02
1.013163630782708324e+01 7.499999999999956701e-01 -3.018475828643474301e-02
1.028871594050657379e+01 7.499999999999840128e-01 -2.633458741613914356e-02
1.044579557318606255e+01 7.500000000000093259e-01 -2.865402381329751336e-02
1.060287520586555132e+01 7.499999999999830136e-01 -2.734074100918526540e-02
1.075995483854504187e+01 7.499999999999769074e-01 -3.205137973556304587e-02
1.091703447122453063e+01 7.499999999999729106e-01 -4.379313810423646203e-02
1.107411410390401940e+01 7.500000000000254241e-01 -1.203437178533128815e-02
1.123119373658350995e+01 7.500000000000136557e-01 -2.196714809326216766e-02
1.138827336926300049e+01 7.499999999999944489e-01 -2.204157714890264685e-02
1.154535300194249103e+01 7.500000000000136557e-01 -1.298064928541720064e-02
1.170243263462197980e+01 7.499999999999926725e-01 -3.063831677967243650e-02
1.185951226730146857e+01 7.499999999999794609e-01 -3.372112794407300385e-02
1.201659189998095911e+01 7.499999999999977796e-01 -2.302828191103323263e-02
1.217367153266044788e+01 7.499999999999857891e-01 -1.417971052554278799e-02
1.233075116533993665e+01 7.499999999999903411e-01 -2.720630815380609135e-02
1.248783079801942719e+01 7.499999999999868994e-01 -9.124703483713858532e-03
1.264491043069891774e+01 7.499999999999530376e-01 -7.797930602020386459e-04
1.280199006337840650e+01 7.499999999999921174e-01 1.206948499135052089e-03
1.295906969605789527e+01 7.499999999999920064e-01 -2.085206644121484487e-03
1.311614932873738759e+01 7.499999999999810152e-01 1.521051497153180776e-02
1.327322896141687636e+01 7.499999999999816813e-01 1.380635938980745436e-02
1.343030859409636513e+01 7.499999999999805711e-01 -2.192726769850494861e-03
1.358738822677585389e+01 7.499999999999769074e-01 7.809161893277405397e-03
1.374446785945534444e+01 7.499999999999973355e-01 7.538296446126580008e-03
1.390154749213483498e+01 7.499999999999991118e-01 1.123868820769757804e-02
1.405862712481432553e+01 7.499999999999907851e-01 1.721342118634616725e-02
1.421570675749381429e+01 7.500000000000159872e-01 1.398732282059711451e-02
1.437278639017330306e+01 7.499999999999997780e-01 2.041310790845152212e-02
1.452986602285279183e+01 7.500000000000096589e-01 1.443117515983161070e-02
1.468694565553228415e+01 7.500000000000152101e-01 4.959045689298946513e-03
1.484402528821177292e+01 7.500000000000032196e-01 1.145936288471460784e-02
1.500110492089126168e+01 7.499999999999898970e-01 1.584639411021449007e-02
1.515818455357075223e+01 7.500000000000089928e-01 2.901841147479444771e-02
1.531526418625024100e+01 7.499999999999906741e-01 2.230005435612802955e-02
1.547234381892972976e+01 7.500000000000188738e-01 1.562762509565729374e-02
1.562942345160922208e+01 7.499999999999845679e-01 2.870851519611505864e-02
1.578650308428871085e+01 7.499999999999988898e-01 3.305054823495012783e-02
1.594358271696819962e+01 7.500000000000089928e-01 3.938237175234959864e-02
1.610066234964768839e+01 7.500000000000061062e-01 3.030445781980972697e-02
1.625774198232717893e+01 7.499999999999920064e-01 2.472384747290234941e-02
1.641482161500666948e+01 7.500000000000025535e-01 3.101960599519770767e-02
1.657190124768616002e+01 7.499999999999816813e-01 2.817893019302175617e-02
1.672898088036564701e+01 7.499999999999961142e-01 3.399392940971068811e-02
1.688606051304513755e+01 7.499999999999908962e-01 3.766585735441907445e-02
1.704314014572462810e+01 7.499999999999663602e-01 3.766802686870462935e-02
1.720021977840411864e+01 7.499999999999705791e-01 4.703635644344927869e-02
1.735729941108360919e+01 7.499999999999765743e-01 3.284986899965858242e-02
1.751437904376309618e+01 7.499999999999757971e-01 3.197050309932336631e-02
1.767145867644258672e+01 7.499999999999875655e-01 4.776483439531986619e-02
1.782853830912207371e+01 7.499999999999802380e-01 4.521816524703226037e-02
1.798561794180156426e+01 7.499999999999524825e-01 4.734046262584001852e-02
1.814269757448105480e+01 7.499999999999826805e-01 5.495458280999443446e-02
1.829977720716054534e+01 7.499999999999595879e-01 7.076272058224120087e-02
1.845685683984003589e+01 7.499999999999764633e-01 6.004423261509472809e-02
1.861393647251952288e+01 7.499999999999599209e-01 6.787110502518700628e-02
1.877101610519901342e+01 7.499999999999366063e-01 7.710354877666247830e-02
