7.853981633974482790e-02 1.174999999999986278e+00 -5.084959142423184808e+00
2.356194490192344837e-01 1.175000000000001377e+00 -2.137646116164532373e+00
3.926990816987241395e-01 1.175000000000001377e+00 -1.628024606007685726e+00
5.497787143782137953e-01 1.174999999999999600e+00 -1.352784031238730034e+00
7.068583470577034511e-01 1.174999999999998490e+00 -1.133840275269658360e+00
8.639379797371929959e-01 1.175000000000000044e+00 -1.019310714774408932e+00
1.021017612416682763e+00 1.175000000000000933e+00 -1.005038626029356230e+00
1.178097245096172418e+00 1.174999999999999822e+00 -9.044475288923072842e-01
1.335176877775662074e+00 1.174999999999999822e+00 -7.717997815299666442e-01
1.492256510455151730e+00 1.175000000000000933e+00 -6.943932268411976416e-01
1.649336143134641386e+00 1.175000000000002043e+00 -6.818324742962504903e-01
1.806415775814131042e+00 1.175000000000001377e+00 -6.704158187433020277e-01
1.963495408493620697e+00 1.174999999999999822e+00 -6.170096305127312775e-01
2.120575041173110353e+00 1.175000000000000711e+00 -5.797290649116102479e-01
2.277654673852600009e+00 1.175000000000001155e+00 -5.439302473908091962e-01
2.434734306532089665e+00 1.175000000000001821e+00 -5.006651503155397087e-01
2.591813939211579321e+00 1.175000000000000044e+00 -4.603542809947378522e-01
2.748893571891068976e+00 1.174999999999999822e+00 -4.388790803401776408e-01
2.905973204570558632e+00 1.174999999999998712e+00 -4.446740994649927003e-01
3.063052837250048288e+00 1.174999999999997602e+00 -4.327355485775314925e-01
3.220132469929537500e+00 1.174999999999996048e+00 -4.057526776913342736e-01
3.377212102609027600e+00 1.174999999999995159e+00 -3.740642144076047337e-01
3.534291735288517255e+00 1.174999999999996048e+00 -3.749334980549035024e-01
3.691371367968007355e+00 1.174999999999991829e+00 -3.576170521398447377e-01
3.848451000647496123e+00 1.174999999999991829e+00 -3.303604860521094366e-01
4.005530633326985779e+00 1.174999999999990719e+00 -3.351954915999062479e-01
4.162610266006476323e+00 1.174999999999990496e+00 -3.354814410973983030e-01
4.319689898685965979e+00 1.174999999999987166e+00 -3.228738275905955746e-01
4.476769531365454746e+00 1.174999999999987610e+00 -3.067028335189574406e-01
4.633849164044944402e+00 1.174999999999987832e+00 -2.879016776044167614e-01
4.790928796724434946e+00 1.174999999999985389e+00 -2.726588742215216854e-01
4.948008429403924602e+00 1.174999999999986056e+00 -2.405648753969016340e-01
5.105088062083413369e+00 1.174999999999982281e+00 -2.387864853944385857e-01
5.262167694762903025e+00 1.174999999999984279e+00 -2.476666608297550809e-01
5.419247327442393569e+00 1.174999999999979616e+00 -2.484214274760674357e-01
5.576326960121883225e+00 1.174999999999980060e+00 -2.533508162838060684e-01
5.733406592801371993e+00 1.174999999999980060e+00 -2.578707844567320606e-01
5.890486225480861648e+00 1.174999999999982503e+00 -2.372290923537319074e-01
6.047565858160352192e+00 1.174999999999977174e+00 -2.044373291644809854e-01
6.204645490839841848e+00 1.174999999999980060e+00 -2.013084323622322813e-01
6.361725123519330616e+00 1.174999999999979172e+00 -2.107471478445086532e-01
6.518804756198821160e+00 1.174999999999986056e+00 -1.997715642102440015e-01
6.675884388878310816e+00 1.174999999999981837e+00 -1.653764156115595796e-01
6.832964021557799583e+00 1.174999999999988942e+00 -1.763586012440310213e-01
6.990043654237290127e+00 1.174999999999990274e+00 -1.998129328718203368e-01
7.147123286916778895e+00 1.174999999999993605e+00 -1.920456553251952414e-01
7.304202919596268551e+00 1.174999999999991163e+00 -1.443697803160226556e-01
7.461282552275759095e+00 1.174999999999992495e+00 -1.457765527956862428e-01
7.618362184955247862e+00 1.174999999999997602e+00 -1.882175896123481351e-01
7.775441817634738406e+00 1.174999999999993605e+00 -1.779084340517629315e-01
7.932521450314228062e+00 1.174999999999995826e+00 -1.338815083259126126e-01
8.089601082993716830e+00 1.174999999999996048e+00 -1.443435191492614678e-01
8.246680715673207374e+00 1.174999999999990274e+00 -1.836987691141604984e-01
8.403760348352696141e+00 1.174999999999988498e+00 -1.610853150435627157e-01
8.560839981032184909e+00 1.174999999999995826e+00 -1.060842115788087625e-01
8.717919613711675453e+00 1.175000000000002931e+00 -9.765519203354067201e-02
8.874999246391165997e+00 1.174999999999993605e+00 -1.222756964139346536e-01
9.032078879070656541e+00 1.175000000000000488e+00 -1.045457484702740913e-01
9.189158511750145308e+00 1.175000000000003597e+00 -9.172996306465464045e-02
9.346238144429634076e+00 1.174999999999986722e+00 -1.318593056615995351e-01
9.503317777109124620e+00 1.174999999999999378e+00 -1.463685079357901486e-01
9.660397409788613388e+00 1.174999999999990941e+00 -1.152402193531649743e-01
9.817477042468102155e+00 1.174999999999999822e+00 -8.177940880005607482e-02
9.974556675147592699e+00 1.174999999999979172e+00 -8.187954139981101775e-02
1.013163630782708324e+01 1.174999999999980282e+00 -9.878932535780293733e-02
1.028871594050657379e+01 1.174999999999976952e+00 -8.126992893923912220e-02
1.044579557318606255e+01 1.174999999999983613e+00 -7.019966683915512817e-02
1.060287520586555132e+01 1.174999999999972955e+00 -5.610874399480891839e-02
1.075995483854504187e+01 1.174999999999979172e+00 -5.894737556538665046e-02
1.091703447122453063e+01 1.174999999999969402e+00 -7.540736027377192841e-02
1.107411410390401940e+01 1.174999999999984501e+00 -6.713725264934566894e-02
1.123119373658350995e+01 1.174999999999967848e+00 -5.193093559523198621e-02
1.138827336926300049e+01 1.174999999999977618e+00 -2.884583847582966598e-02
1.154535300194249103e+01 1.174999999999969402e+00 -6.130114155814503363e-02
1.170243263462197980e+01 1.174999999999953637e+00 -9.518137579585861374e-02
1.185951226730146857e+01 1.174999999999966516e+00 -5.669013402445166605e-02
1.201659189998095911e+01 1.174999999999954969e+00 -7.378995210464189825e-02
1.217367153266044788e+01 1.174999999999964961e+00 -9.556776929829169376e-02
1.233075116533993665e+01 1.174999999999940981e+00 -8.311636557340484899e-02
1.248783079801942719e+01 1.174999999999964073e+00 -9.772778527908698720e-03
1.264491043069891774e+01 1.174999999999940758e+00 2.105470440429613177e-02
1.280199006337840650e+01 1.174999999999941203e+00 -1.898270903052257097e-02
1.295906969605789527e+01 1.174999999999948086e+00 -3.956743667751894122e-02
1.311614932873738759e+01 1.174999999999953415e+00 -3.231192337896438005e-02
1.327322896141687636e+01 1.174999999999956302e+00 -8.737718102048930291e-03
1.343030859409636513e+01 1.174999999999949196e+00 -3.768283957118789829e-02
1.358738822677585389e+01 1.174999999999940758e+00 -3.156586420475626653e-02
1.374446785945534444e+01 1.174999999999954081e+00 1.781826853063606109e-02
1.390154749213483498e+01 1.174999999999949862e+00 5.475173499727681303e-02
1.405862712481432553e+01 1.174999999999956746e+00 4.289720241023786684e-02
1.421570675749381429e+01 1.174999999999947864e+00 1.082475307999786196e-02
1.437278639017330306e+01 1.174999999999963629e+00 2.723054085187470719e-02
1.452986602285279183e+01 1.174999999999954081e+00 3.235151609426267783e-02
1.468694565553228415e+01 1.174999999999969180e+00 -7.238840169691229676e-03
1.484402528821177292e+01 1.174999999999956746e+00 -2.659822819713575370e-02
1.500110492089126168e+01 1.174999999999961409e+00 -1.511614784980963577e-03
1.515818455357075223e+01 1.174999999999964295e+00 4.577664378649259902e-02
1.531526418625024100e+01 1.174999999999974953e+00 2.232118757224199612e-02
1.547234381892972976e+01 1.174999999999969402e+00 -1.037032798588910509e-03
1.562942345160922208e+01 1.174999999999965405e+00 4.573624880805304826e-02
1.578650308428871085e+01 1.174999999999952083e+00 6.999901027230848172e-02
1.594358271696819962e+01 1.174999999999964073e+00 5.120356422238181437e-02
1.610066234964768839e+01 1.174999999999950973e+00 1.306128763730640685e-02
1.625774198232717893e+01 1.174999999999959188e+00 1.817972669374157135e-02
1.641482161500666948e+01 1.174999999999940758e+00 3.398869709632279523e-02
1.657190124768616002e+01 1.174999999999950973e+00 3.955958915245361140e-03
1.672898088036564701e+01 1.174999999999956746e+00 -6.798160283352672195e-03
1.688606051304513755e+01 1.174999999999961187e+00 2.812341279160435192e-02
1.704314014572462810e+01 1.174999999999939648e+00 7.360938954793994071e-02
1.720021977840411864e+01 1.174999999999940981e+00 7.914921931778451381e-02
1.735729941108360919e+01 1.174999999999949640e+00 5.320213696411357773e-02
1.751437904376309618e+01 1.174999999999954081e+00 7.434853929498785874e-02
1.767145867644258672e+01 1.174999999999947642e+00 8.082099732522252111e-02
1.782853830912207371e+01 1.174999999999937206e+00 6.293988718618592770e-02
1.798561794180156426e+01 1.174999999999939204e+00 2.825411171358283013e-02
1.814269757448105480e+01 1.174999999999945866e+00 5.550538539822724715e-02
1.829977720716054534e+01 1.174999999999923883e+00 1.180113732685938999e-01
1.845685683984003589e+01 1.174999999999938760e+00 1.282378085537416723e-01
1.861393647251952288e+01 1.174999999999938094e+00 1.101001742200686806e-01
1.877101610519901342e+01 1.174999999999936540e+00 9.605643758581550173e-02
