7.853981633974482790e-02 1.800000000000645306e+00 -2.971874060736252687e+01
2.356194490192344837e-01 1.800000000000065103e+00 -9.975934319781385895e+00
3.926990816987241395e-01 1.800000000000015143e+00 -6.064942691440136535e+00
5.497787143782137953e-01 1.800000000000006040e+00 -4.409054100722920033e+00
7.068583470577034511e-01 1.800000000000001377e+00 -3.497389826446972272e+00
8.639379797371929959e-01 1.800000000000000711e+00 -2.917490090562346872e+00
1.021017612416682763e+00 1.800000000000000933e+00 -2.512533575645740314e+00
1.178097245096172418e+00 1.800000000000002265e+00 -2.212308057016684426e+00
1.335176877775662074e+00 1.800000000000003597e+00 -1.982296619973018759e+00
1.492256510455151730e+00 1.800000000000004263e+00 -1.803597759982442650e+00
1.649336143134641386e+00 1.800000000000004707e+00 -1.663931467687466359e+00
1.806415775814131042e+00 1.800000000000005596e+00 -1.553727576326445314e+00
1.963495408493620697e+00 1.800000000000006484e+00 -1.464909146411530472e+00
2.120575041173110353e+00 1.800000000000007594e+00 -1.390768591481975403e+00
2.277654673852600009e+00 1.800000000000007594e+00 -1.325951977595953846e+00
2.434734306532089665e+00 1.800000000000008260e+00 -1.266263891235516414e+00
2.591813939211579321e+00 1.800000000000006706e+00 -1.208592230776255771e+00
2.748893571891068976e+00 1.800000000000006928e+00 -1.151120604196099961e+00
2.905973204570558632e+00 1.800000000000006040e+00 -1.093435122184691632e+00
3.063052837250048288e+00 1.800000000000004041e+00 -1.036166101205870493e+00
3.220132469929537500e+00 1.800000000000004263e+00 -9.802909230138845409e-01
3.377212102609027600e+00 1.800000000000003153e+00 -9.266534781251598574e-01
3.534291735288517255e+00 1.800000000000001155e+00 -8.759630899142809568e-01
3.691371367968007355e+00 1.799999999999999600e+00 -8.289645998973029783e-01
3.848451000647496123e+00 1.800000000000000266e+00 -7.864466670733074594e-01
4.005530633326985779e+00 1.799999999999999378e+00 -7.490256517842297512e-01
4.162610266006476323e+00 1.799999999999999378e+00 -7.169343722368655136e-01
4.319689898685965979e+00 1.799999999999998712e+00 -6.900100767310721750e-01
4.476769531365454746e+00 1.799999999999997824e+00 -6.678054425518800130e-01
4.633849164044944402e+00 1.799999999999996270e+00 -6.497467478904743743e-01
4.790928796724434946e+00 1.799999999999996048e+00 -6.352691641780436882e-01
4.948008429403924602e+00 1.799999999999995826e+00 -6.238317788485092663e-01
5.105088062083413369e+00 1.799999999999995159e+00 -6.147589103281525524e-01
5.262167694762903025e+00 1.799999999999993605e+00 -6.069981745458798983e-01
5.419247327442393569e+00 1.799999999999991829e+00 -5.991120953377082614e-01
5.576326960121883225e+00 1.799999999999992273e+00 -5.895749720886076517e-01
5.733406592801371993e+00 1.799999999999992939e+00 -5.771428689304061166e-01
5.890486225480861648e+00 1.799999999999993161e+00 -5.610784228397731610e-01
6.047565858160352192e+00 1.799999999999993161e+00 -5.412992648190657619e-01
6.204645490839841848e+00 1.799999999999995381e+00 -5.184822893663305621e-01
6.361725123519330616e+00 1.799999999999996714e+00 -4.939786712938900592e-01
6.518804756198821160e+00 1.800000000000002487e+00 -4.693608062037100126e-01
6.675884388878310816e+00 1.800000000000002931e+00 -4.459201596015383018e-01
6.832964021557799583e+00 1.800000000000006262e+00 -4.244291890802776024e-01
6.990043654237290127e+00 1.800000000000006706e+00 -4.052840420639798324e-01
7.147123286916778895e+00 1.800000000000012035e+00 -3.886543138995461888e-01
7.304202919596268551e+00 1.800000000000013367e+00 -3.744503865977035773e-01
7.461282552275759095e+00 1.800000000000014033e+00 -3.621951465955266514e-01
7.618362184955247862e+00 1.800000000000018474e+00 -3.510931374932209081e-01
7.775441817634738406e+00 1.800000000000018696e+00 -3.403330416145937676e-01
7.932521450314228062e+00 1.800000000000017364e+00 -3.294905666698006996e-01
8.089601082993716830e+00 1.800000000000019140e+00 -3.187912096982348231e-01
8.246680715673207374e+00 1.800000000000020473e+00 -3.091074731586846980e-01
8.403760348352696141e+00 1.800000000000024691e+00 -3.015777243810155994e-01
8.560839981032184909e+00 1.800000000000026246e+00 -2.969846483873759269e-01
8.717919613711675453e+00 1.800000000000025580e+00 -2.952167241282541710e-01
8.874999246391165997e+00 1.800000000000028688e+00 -2.950869703931839894e-01
9.032078879070656541e+00 1.800000000000025357e+00 -2.945477163211176475e-01
9.189158511750145308e+00 1.800000000000024691e+00 -2.912474918767742338e-01
9.346238144429634076e+00 1.800000000000024469e+00 -2.833487993237557845e-01
9.503317777109124620e+00 1.800000000000029798e+00 -2.704583561378530732e-01
9.660397409788613388e+00 1.800000000000024025e+00 -2.542048714413649435e-01
9.817477042468102155e+00 1.800000000000028244e+00 -2.378835168940760525e-01
9.974556675147592699e+00 1.800000000000027134e+00 -2.249556132268324404e-01
1.013163630782708324e+01 1.800000000000023803e+00 -2.171520446877028832e-01
1.028871594050657379e+01 1.800000000000020917e+00 -2.134941885973802300e-01
1.044579557318606255e+01 1.800000000000018918e+00 -2.110828118845411439e-01
1.060287520586555132e+01 1.800000000000016254e+00 -2.071505254634669058e-01
1.075995483854504187e+01 1.800000000000012923e+00 -2.009494785301324526e-01
1.091703447122453063e+01 1.800000000000013145e+00 -1.940747830600049184e-01
1.107411410390401940e+01 1.800000000000014477e+00 -1.890265329176337161e-01
1.123119373658350995e+01 1.800000000000014921e+00 -1.871001867374459948e-01
1.138827336926300049e+01 1.800000000000002265e+00 -1.873147841814741810e-01
1.154535300194249103e+01 1.800000000000006262e+00 -1.871854284754075337e-01
1.170243263462197980e+01 1.800000000000008482e+00 -1.847045728206015980e-01
1.185951226730146857e+01 1.800000000000003375e+00 -1.759031921485121330e-01
1.201659189998095911e+01 1.800000000000000266e+00 -1.701055426440927221e-01
1.217367153266044788e+01 1.799999999999999822e+00 -1.651336240707266256e-01
1.233075116533993665e+01 1.799999999999996714e+00 -1.608602313574003517e-01
1.248783079801942719e+01 1.799999999999990496e+00 -1.551508011697748657e-01
1.264491043069891774e+01 1.799999999999997824e+00 -1.452109161698658113e-01
1.280199006337840650e+01 1.799999999999995381e+00 -1.295608279912006111e-01
1.295906969605789527e+01 1.800000000000001155e+00 -1.092097269238614388e-01
1.311614932873738759e+01 1.800000000000000711e+00 -8.741020774824903583e-02
1.327322896141687636e+01 1.800000000000004041e+00 -6.826685416121414107e-02
1.343030859409636513e+01 1.800000000000005818e+00 -5.506238951960540362e-02
1.358738822677585389e+01 1.799999999999998712e+00 -4.899243629249205867e-02
1.374446785945534444e+01 1.800000000000000044e+00 -4.866296115791257648e-02
1.390154749213483498e+01 1.800000000000000488e+00 -5.049637251331340337e-02
1.405862712481432553e+01 1.800000000000010036e+00 -4.985981679069695360e-02
1.421570675749381429e+01 1.800000000000011813e+00 -4.276285429407344907e-02
1.437278639017330306e+01 1.800000000000018252e+00 -2.761375030534196640e-02
1.452986602285279183e+01 1.800000000000014477e+00 -6.349850717931815325e-03
1.468694565553228415e+01 1.800000000000012701e+00 1.586135216434314543e-02
1.484402528821177292e+01 1.800000000000017364e+00 3.257260807088080412e-02
1.500110492089126168e+01 1.800000000000014255e+00 3.893512400097343118e-02
1.515818455357075223e+01 1.800000000000022471e+00 3.419169091164420138e-02
1.531526418625024100e+01 1.800000000000012923e+00 2.234638813162170834e-02
1.547234381892972976e+01 1.800000000000019362e+00 1.058570359886878975e-02
1.562942345160922208e+01 1.800000000000014921e+00 6.028923017783682781e-03
1.578650308428871085e+01 1.800000000000014255e+00 1.247594950319985685e-02
1.594358271696819962e+01 1.800000000000010036e+00 2.889919894868597794e-02
1.610066234964768839e+01 1.800000000000004929e+00 5.031348510900102156e-02
1.625774198232717893e+01 1.800000000000008482e+00 7.043142746911712493e-02
1.641482161500666948e+01 1.800000000000006484e+00 8.446760480700277185e-02
1.657190124768616002e+01 1.799999999999999378e+00 9.082666299522301756e-02
1.672898088036564701e+01 1.799999999999995826e+00 9.117308926876788178e-02
1.688606051304513755e+01 1.799999999999999156e+00 8.928757485862703902e-02
1.704314014572462810e+01 1.799999999999987832e+00 8.941464070969828981e-02
1.720021977840411864e+01 1.799999999999998934e+00 9.471921819041995150e-02
1.735729941108360919e+01 1.799999999999990274e+00 1.062938104989576971e-01
1.751437904376309618e+01 1.799999999999991607e+00 1.228775104114205874e-01
1.767145867644258672e+01 1.799999999999988054e+00 1.414343426442350449e-01
1.782853830912207371e+01 1.799999999999986500e+00 1.583729499648747208e-01
1.798561794180156426e+01 1.799999999999976508e+00 1.710049693085906597e-01
1.814269757448105480e+01 1.799999999999976508e+00 1.786356654575662617e-01
1.829977720716054534e+01 1.799999999999972733e+00 1.826410758002801060e-01
1.845685683984003589e+01 1.799999999999982947e+00 1.854071723949672901e-01
1.861393647251952288e+01 1.799999999999974953e+00 1.886929887486381574e-01
1.877101610519901342e+01 1.799999999999979394e+00 1.925834747189796303e-01
