7.853981633974482790e-02 1.200000000000078337e+00 -5.951359040117067067e+00
2.356194490192344837e-01 1.200000000000013722e+00 -2.340234606356829783e+00
3.926990816987241395e-01 1.200000000000003730e+00 -1.704641728346901974e+00
5.497787143782137953e-01 1.199999999999999956e+00 -1.406515231943705757e+00
7.068583470577034511e-01 1.200000000000001732e+00 -1.228247282662521256e+00
8.639379797371929959e-01 1.200000000000002842e+00 -1.127565701508301155e+00
1.021017612416682763e+00 1.200000000000000178e+00 -1.023981615236070120e+00
1.178097245096172418e+00 1.199999999999999956e+00 -8.979090755528031931e-01
1.335176877775662074e+00 1.200000000000003286e+00 -8.125721308746580718e-01
1.492256510455151730e+00 1.200000000000003508e+00 -7.616666614881653086e-01
1.649336143134641386e+00 1.200000000000002176e+00 -7.059041354596033990e-01
1.806415775814131042e+00 1.200000000000003508e+00 -6.654862801635395009e-01
1.963495408493620697e+00 1.200000000000003730e+00 -6.515529681666452078e-01
2.120575041173110353e+00 1.200000000000003064e+00 -6.232561512508678625e-01
2.277654673852600009e+00 1.200000000000003064e+00 -5.682753487080431931e-01
2.434734306532089665e+00 1.200000000000004619e+00 -5.273974558087286546e-01
2.591813939211579321e+00 1.200000000000002842e+00 -5.028428307986190227e-01
2.748893571891068976e+00 1.200000000000002398e+00 -4.804093610429940320e-01
2.905973204570558632e+00 1.200000000000002398e+00 -4.682809085319212805e-01
3.063052837250048288e+00 1.200000000000003064e+00 -4.576758388564039493e-01
3.220132469929537500e+00 1.200000000000001732e+00 -4.345684400081117893e-01
3.377212102609027600e+00 1.200000000000003286e+00 -4.003186761602322008e-01
3.534291735288517255e+00 1.200000000000000844e+00 -3.710834999985812566e-01
3.691371367968007355e+00 1.199999999999999067e+00 -3.566967075920204344e-01
3.848451000647496123e+00 1.200000000000000844e+00 -3.483837102682971754e-01
4.005530633326985779e+00 1.199999999999999289e+00 -3.397141011908271224e-01
4.162610266006476323e+00 1.199999999999999289e+00 -3.337388631359363700e-01
4.319689898685965979e+00 1.199999999999996181e+00 -3.356754552795528923e-01
4.476769531365454746e+00 1.199999999999995737e+00 -3.292182005765766917e-01
4.633849164044944402e+00 1.199999999999994627e+00 -3.133512143177661358e-01
4.790928796724434946e+00 1.199999999999999956e+00 -2.881347481426477231e-01
4.948008429403924602e+00 1.199999999999995737e+00 -2.710389282516372234e-01
5.105088062083413369e+00 1.199999999999996847e+00 -2.815484874026319417e-01
5.262167694762903025e+00 1.199999999999990408e+00 -2.917840392950274975e-01
5.419247327442393569e+00 1.199999999999993294e+00 -2.718026842677101484e-01
5.576326960121883225e+00 1.199999999999997735e+00 -2.376779441569754070e-01
5.733406592801371993e+00 1.199999999999996181e+00 -2.297746830115645622e-01
5.890486225480861648e+00 1.199999999999997735e+00 -2.405210401227666495e-01
6.047565858160352192e+00 1.200000000000000400e+00 -2.421090698614412062e-01
6.204645490839841848e+00 1.199999999999994627e+00 -2.369818894257607056e-01
6.361725123519330616e+00 1.199999999999996403e+00 -2.303579228622298913e-01
6.518804756198821160e+00 1.199999999999999734e+00 -2.186322652405729983e-01
6.675884388878310816e+00 1.199999999999998623e+00 -2.026482778178282373e-01
6.832964021557799583e+00 1.200000000000004619e+00 -1.841603333305457113e-01
6.990043654237290127e+00 1.200000000000003286e+00 -1.593873857856360488e-01
7.147123286916778895e+00 1.200000000000012168e+00 -1.424783090087622384e-01
7.304202919596268551e+00 1.200000000000013056e+00 -1.685616549500226213e-01
7.461282552275759095e+00 1.200000000000012390e+00 -2.092476492742836314e-01
7.618362184955247862e+00 1.200000000000021050e+00 -2.113210229432036513e-01
7.775441817634738406e+00 1.200000000000022826e+00 -1.743232087011818976e-01
7.932521450314228062e+00 1.200000000000013944e+00 -1.366368698287310224e-01
8.089601082993716830e+00 1.200000000000020384e+00 -1.272986678539496097e-01
8.246680715673207374e+00 1.200000000000015499e+00 -1.334349178145703974e-01
8.403760348352696141e+00 1.200000000000012612e+00 -1.470663487971606287e-01
8.560839981032184909e+00 1.200000000000025935e+00 -1.577293365189298413e-01
8.717919613711675453e+00 1.200000000000025713e+00 -1.474027731838685185e-01
8.874999246391165997e+00 1.200000000000027933e+00 -1.256373237648915620e-01
9.032078879070656541e+00 1.200000000000016165e+00 -1.184929852131411110e-01
9.189158511750145308e+00 1.200000000000026379e+00 -1.264351859246328758e-01
9.346238144429634076e+00 1.200000000000022160e+00 -1.289532637392163394e-01
9.503317777109124620e+00 1.200000000000029710e+00 -1.190172860520419817e-01
9.660397409788613388e+00 1.200000000000027045e+00 -1.026269651167925900e-01
9.817477042468102155e+00 1.200000000000024603e+00 -9.121709116084986135e-02
9.974556675147592699e+00 1.200000000000013722e+00 -1.031019872902945167e-01
1.013163630782708324e+01 1.200000000000018829e+00 -1.198436027562870265e-01
1.028871594050657379e+01 1.200000000000026157e+00 -1.113045983764155977e-01
1.044579557318606255e+01 1.200000000000015943e+00 -8.676566572284549750e-02
1.060287520586555132e+01 1.200000000000012834e+00 -7.055181635868912338e-02
1.075995483854504187e+01 1.200000000000008393e+00 -6.367177564982640092e-02
1.091703447122453063e+01 1.200000000000001510e+00 -6.413120759336088383e-02
1.107411410390401940e+01 1.200000000000017941e+00 -8.134810863649377666e-02
1.123119373658350995e+01 1.200000000000017719e+00 -9.150872307098190106e-02
1.138827336926300049e+01 1.199999999999998179e+00 -8.104198876530510631e-02
1.154535300194249103e+01 1.200000000000016387e+00 -7.794373246771435504e-02
1.170243263462197980e+01 1.200000000000006839e+00 -8.980337781969716104e-02
1.185951226730146857e+01 1.200000000000013722e+00 -8.074739186783475020e-02
1.201659189998095911e+01 1.200000000000009059e+00 -7.436439820287077396e-02
1.217367153266044788e+01 1.200000000000015499e+00 -9.773505755659428473e-02
1.233075116533993665e+01 1.199999999999995071e+00 -9.577253404484764587e-02
1.248783079801942719e+01 1.199999999999999734e+00 -4.800189281469080527e-02
1.264491043069891774e+01 1.200000000000006173e+00 -2.464930692105404830e-02
1.280199006337840650e+01 1.199999999999985967e+00 -4.343497252095929184e-02
1.295906969605789527e+01 1.199999999999997291e+00 -4.223248960536274410e-02
1.311614932873738759e+01 1.200000000000010392e+00 -4.248470644158963694e-02
1.327322896141687636e+01 1.199999999999999956e+00 -6.519897169209798449e-02
1.343030859409636513e+01 1.199999999999985523e+00 -3.589084286171484450e-02
1.358738822677585389e+01 1.199999999999992184e+00 3.172732046878223855e-02
1.374446785945534444e+01 1.200000000000006617e+00 4.069673523549433014e-02
1.390154749213483498e+01 1.200000000000020828e+00 1.954880138103831655e-02
1.405862712481432553e+01 1.200000000000003730e+00 4.640693895912484379e-02
1.421570675749381429e+01 1.200000000000013056e+00 5.833256675433950988e-02
1.437278639017330306e+01 1.200000000000021938e+00 4.022715776265783916e-03
1.452986602285279183e+01 1.200000000000050582e+00 -2.654385123942404334e-02
1.468694565553228415e+01 1.200000000000016387e+00 -5.682967048919351782e-03
1.484402528821177292e+01 1.200000000000031930e+00 1.374547774992507243e-02
1.500110492089126168e+01 1.200000000000022604e+00 2.274411772553541766e-02
1.515818455357075223e+01 1.200000000000021272e+00 2.486441449187992703e-02
1.531526418625024100e+01 1.200000000000016609e+00 2.232056208737631664e-02
1.547234381892972976e+01 1.200000000000019496e+00 1.981193753569954197e-02
1.562942345160922208e+01 1.200000000000029488e+00 2.197397723466920638e-02
1.578650308428871085e+01 1.200000000000025491e+00 3.084628408413081502e-02
1.594358271696819962e+01 1.200000000000013278e+00 4.965720298002551658e-02
1.610066234964768839e+01 1.200000000000039035e+00 6.951193135297017989e-02
1.625774198232717893e+01 1.200000000000015943e+00 4.036455690100737570e-02
1.641482161500666948e+01 1.200000000000003730e+00 -1.124262204115566988e-02
1.657190124768616002e+01 1.199999999999997957e+00 5.893188378500724411e-04
1.672898088036564701e+01 1.200000000000016165e+00 2.626358923556892933e-02
1.688606051304513755e+01 1.200000000000009281e+00 6.918815497837016437e-03
1.704314014572462810e+01 1.199999999999989964e+00 1.567884945211162062e-02
1.720021977840411864e+01 1.199999999999983080e+00 7.750743461668108125e-02
1.735729941108360919e+01 1.199999999999988409e+00 1.035744583112538919e-01
1.751437904376309618e+01 1.200000000000000844e+00 8.336397061751554816e-02
1.767145867644258672e+01 1.199999999999992184e+00 8.316050879457748124e-02
1.782853830912207371e+01 1.199999999999977307e+00 8.425742306152628203e-02
1.798561794180156426e+01 1.199999999999993072e+00 6.808667808076762640e-02
1.814269757448105480e+01 1.199999999999989964e+00 8.833104964714166840e-02
1.829977720716054534e+01 1.199999999999976641e+00 1.286322311332135371e-01
1.845685683984003589e+01 1.199999999999993294e+00 1.300231196164958192e-01
1.861393647251952288e+01 1.199999999999983080e+00 1.105615066219023390e-01
1.877101610519901342e+01 1.199999999999981304e+00 1.157840267159748748e-01
