7.853981633974482790e-02 8.000000000000003775e-01 -1.045604031961703262e-01
2.356194490192344837e-01 8.000000000000003775e-01 -2.184545068134881030e-01
3.926990816987241395e-01 8.000000000000001554e-01 -2.735945444314200614e-01
5.497787143782137953e-01 8.000000000000004885e-01 -2.921724685174830194e-01
7.068583470577034511e-01 8.000000000000005995e-01 -3.211170529153539732e-01
8.639379797371929959e-01 8.000000000000005995e-01 -3.103844965623203667e-01
1.021017612416682763e+00 8.000000000000007105e-01 -3.119471395670923020e-01
1.178097245096172418e+00 8.000000000000005995e-01 -3.129850743253594914e-01
1.335176877775662074e+00 8.000000000000010436e-01 -2.943293970864608866e-01
1.492256510455151730e+00 8.000000000000012657e-01 -2.866625194103089580e-01
1.649336143134641386e+00 8.000000000000013767e-01 -2.815789978363338886e-01
1.806415775814131042e+00 8.000000000000007105e-01 -2.719681870150489900e-01
1.963495408493620697e+00 8.000000000000025979e-01 -2.580173902283884324e-01
2.120575041173110353e+00 8.000000000000009326e-01 -2.394493017942735946e-01
2.277654673852600009e+00 8.000000000000010436e-01 -2.350941123392944476e-01
2.434734306532089665e+00 8.000000000000021538e-01 -2.151737195106568912e-01
2.591813939211579321e+00 7.999999999999994893e-01 -2.224194697390533548e-01
2.748893571891068976e+00 7.999999999999998224e-01 -2.124068225789281783e-01
2.905973204570558632e+00 7.999999999999976019e-01 -2.060019835734219207e-01
3.063052837250048288e+00 7.999999999999987121e-01 -1.790068061401428601e-01
3.220132469929537500e+00 8.000000000000008216e-01 -1.708840346984779046e-01
3.377212102609027600e+00 8.000000000000001554e-01 -1.621634703994208060e-01
3.534291735288517255e+00 8.000000000000015987e-01 -1.505141295737142393e-01
3.691371367968007355e+00 7.999999999999974909e-01 -1.562954375267349150e-01
3.848451000647496123e+00 7.999999999999999334e-01 -1.444754940772803309e-01
4.005530633326985779e+00 7.999999999999970468e-01 -1.431527880044285439e-01
4.162610266006476323e+00 7.999999999999964917e-01 -1.448524053034967451e-01
4.319689898685965979e+00 7.999999999999998224e-01 -1.482839735613117327e-01
4.476769531365454746e+00 7.999999999999956035e-01 -1.213171594231248207e-01
4.633849164044944402e+00 7.999999999999970468e-01 -1.293772317994328347e-01
4.790928796724434946e+00 7.999999999999968248e-01 -1.225029097607919226e-01
4.948008429403924602e+00 7.999999999999943823e-01 -1.189945815263815376e-01
5.105088062083413369e+00 7.999999999999902744e-01 -1.225163026072042527e-01
5.262167694762903025e+00 7.999999999999906075e-01 -1.048681909209276952e-01
5.419247327442393569e+00 7.999999999999899414e-01 -1.026656140150983276e-01
5.576326960121883225e+00 7.999999999999909406e-01 -1.133961845890683051e-01
5.733406592801371993e+00 8.000000000000044853e-01 -1.038737454307234742e-01
5.890486225480861648e+00 8.000000000000058176e-01 -1.125060089133631536e-01
6.047565858160352192e+00 7.999999999999949374e-01 -1.079299131418238744e-01
6.204645490839841848e+00 7.999999999999959366e-01 -1.088139951946560657e-01
6.361725123519330616e+00 7.999999999999967137e-01 -8.725552610074061022e-02
6.518804756198821160e+00 7.999999999999943823e-01 -9.307635952224124765e-02
6.675884388878310816e+00 7.999999999999968248e-01 -1.082748900162728845e-01
6.832964021557799583e+00 8.000000000000058176e-01 -1.022235107433528967e-01
6.990043654237290127e+00 7.999999999999963807e-01 -9.027728893454067816e-02
7.147123286916778895e+00 8.000000000000019318e-01 -8.939422279261499682e-02
7.304202919596268551e+00 8.000000000000011546e-01 -7.609084429601242761e-02
7.461282552275759095e+00 7.999999999999889422e-01 -8.079187052606240371e-02
7.618362184955247862e+00 8.000000000000117018e-01 -1.046825334003917973e-01
7.775441817634738406e+00 8.000000000000030420e-01 -9.010021674388912771e-02
7.932521450314228062e+00 8.000000000000107025e-01 -7.679297311959398797e-02
8.089601082993716830e+00 8.000000000000060396e-01 -6.575540738937490914e-02
8.246680715673207374e+00 7.999999999999980460e-01 -6.043073171993640358e-02
8.403760348352696141e+00 7.999999999999919398e-01 -5.808993619481661597e-02
8.560839981032184909e+00 8.000000000000215827e-01 -4.518980967984020936e-02
8.717919613711675453e+00 8.000000000000158096e-01 -4.793654302877570217e-02
8.874999246391165997e+00 8.000000000000154765e-01 -5.522478837646183081e-02
9.032078879070656541e+00 8.000000000000035971e-01 -4.192552079229017181e-02
9.189158511750145308e+00 8.000000000000003775e-01 -4.043432243122779823e-02
9.346238144429634076e+00 7.999999999999942712e-01 -3.574422971224144874e-02
9.503317777109124620e+00 8.000000000000200284e-01 -3.180482492128611227e-02
9.660397409788613388e+00 8.000000000000284661e-01 -2.453651832980696668e-02
9.817477042468102155e+00 8.000000000000323519e-01 -2.175890031163518756e-02
9.974556675147592699e+00 8.000000000000119238e-01 -1.992323184818012294e-02
1.013163630782708324e+01 8.000000000000121458e-01 -3.419562642733176006e-02
1.028871594050657379e+01 7.999999999999907185e-01 -3.095119308044758100e-02
1.044579557318606255e+01 8.000000000000166978e-01 -2.251845191462287232e-02
1.060287520586555132e+01 7.999999999999897193e-01 -2.688196256361052860e-02
1.075995483854504187e+01 7.999999999999807265e-01 -3.467852575318275399e-02
1.091703447122453063e+01 8.000000000000051514e-01 -1.490818258422343945e-02
1.107411410390401940e+01 8.000000000000155875e-01 -1.811478528289001133e-02
1.123119373658350995e+01 8.000000000000224709e-01 -4.312431316590092933e-03
1.138827336926300049e+01 8.000000000000029310e-01 -3.928295857710573102e-02
1.154535300194249103e+01 8.000000000000155875e-01 -2.370252190825006267e-02
1.170243263462197980e+01 8.000000000000040412e-01 -1.851154451158087966e-02
1.185951226730146857e+01 8.000000000000173639e-01 -1.614749873171383854e-02
1.201659189998095911e+01 7.999999999999953815e-01 -3.305471452750374795e-02
1.217367153266044788e+01 7.999999999999878320e-01 -3.157524422461222002e-02
1.233075116533993665e+01 8.000000000000175859e-01 -1.466344283177889452e-02
1.248783079801942719e+01 8.000000000000000444e-01 -9.530170411116145601e-03
1.264491043069891774e+01 7.999999999999947153e-01 -8.275292300895742414e-03
1.280199006337840650e+01 7.999999999999616307e-01 1.073025861174059514e-02
1.295906969605789527e+01 7.999999999999797273e-01 3.510327559695269883e-03
1.311614932873738759e+01 8.000000000000214717e-01 -7.384863857673451548e-04
1.327322896141687636e+01 7.999999999999790612e-01 -5.196695500480075225e-03
1.343030859409636513e+01 7.999999999999980460e-01 -4.497434561022473076e-03
1.358738822677585389e+01 7.999999999999920508e-01 -2.045271999211450975e-04
1.374446785945534444e+01 8.000000000000041522e-01 -4.155814131600266137e-03
1.390154749213483498e+01 8.000000000000050404e-01 2.072189030499593798e-02
1.405862712481432553e+01 7.999999999999842792e-01 1.623704158251726426e-02
1.421570675749381429e+01 8.000000000000097033e-01 1.337368062873700580e-02
1.437278639017330306e+01 8.000000000000194733e-01 -6.593128845491236234e-03
1.452986602285279183e+01 8.000000000000112577e-01 1.420219739859618358e-03
1.468694565553228415e+01 8.000000000000299094e-01 1.356269878238336446e-03
1.484402528821177292e+01 7.999999999999971578e-01 8.288339123614818504e-03
1.500110492089126168e+01 8.000000000000205835e-01 3.752420784120857888e-03
1.515818455357075223e+01 7.999999999999869438e-01 3.303086913619601717e-02
1.531526418625024100e+01 8.000000000000185851e-01 2.229605515101518165e-02
1.547234381892972976e+01 8.000000000000029310e-01 1.164018850819026341e-02
1.562942345160922208e+01 8.000000000000269118e-01 4.060892176472385984e-02
1.578650308428871085e+01 7.999999999999877209e-01 3.614262847159821490e-02
1.594358271696819962e+01 8.000000000000204725e-01 4.286522592196817527e-02
1.610066234964768839e+01 8.000000000000143663e-01 4.281207349360016678e-02
1.625774198232717893e+01 8.000000000000164757e-01 5.045028852998356683e-02
1.641482161500666948e+01 8.000000000000095923e-01 3.159538003610151691e-02
1.657190124768616002e+01 7.999999999999836131e-01 2.909566084265335917e-02
1.672898088036564701e+01 8.000000000000024869e-01 2.516254748495327931e-02
1.688606051304513755e+01 7.999999999999963807e-01 4.847053432487768987e-02
1.704314014572462810e+01 7.999999999999791722e-01 4.500840492456248398e-02
1.720021977840411864e+01 7.999999999999884981e-01 4.913092888079972909e-02
1.735729941108360919e+01 7.999999999999669598e-01 4.998837761328545071e-02
1.751437904376309618e+01 8.000000000000141442e-01 4.625064440400095123e-02
1.767145867644258672e+01 7.999999999999679590e-01 4.280433542230355215e-02
1.782853830912207371e+01 7.999999999999571898e-01 3.683189175994527886e-02
1.798561794180156426e+01 7.999999999999838352e-01 5.385903654174839517e-02
1.814269757448105480e+01 7.999999999999989342e-01 5.530576518174257217e-02
1.829977720716054534e+01 7.999999999999847233e-01 6.007235510061192940e-02
1.845685683984003589e+01 7.999999999999712896e-01 7.472830758434412246e-02
1.861393647251952288e+01 7.999999999999752864e-01 7.624596199402589036e-02
1.877101610519901342e+01 7.999999999999775069e-01 6.253934200466915172e-02
