7.853981633974482790e-02 1.324999999999969980e+00 -1.059450672679684402e+01
2.356194490192344837e-01 1.324999999999997957e+00 -3.715794061670365966e+00
3.926990816987241395e-01 1.325000000000000844e+00 -2.417992073628585814e+00
5.497787143782137953e-01 1.325000000000000400e+00 -1.893018918445187548e+00
7.068583470577034511e-01 1.324999999999999289e+00 -1.616051415201291697e+00
8.639379797371929959e-01 1.324999999999999289e+00 -1.436438616464589257e+00
1.021017612416682763e+00 1.324999999999999512e+00 -1.287461783194104203e+00
1.178097245096172418e+00 1.325000000000000400e+00 -1.147363089979694273e+00
1.335176877775662074e+00 1.325000000000001510e+00 -1.021547724487964270e+00
1.492256510455151730e+00 1.325000000000001510e+00 -9.203074633582934982e-01
1.649336143134641386e+00 1.325000000000001732e+00 -8.453090566740786294e-01
1.806415775814131042e+00 1.325000000000002176e+00 -7.897663670300627548e-01
1.963495408493620697e+00 1.325000000000001954e+00 -7.481493366135900658e-01
2.120575041173110353e+00 1.325000000000003064e+00 -7.159403753900264178e-01
2.277654673852600009e+00 1.325000000000003064e+00 -6.826627677191998700e-01
2.434734306532089665e+00 1.325000000000003286e+00 -6.429742650943355287e-01
2.591813939211579321e+00 1.325000000000002398e+00 -5.962829435161318692e-01
2.748893571891068976e+00 1.325000000000002842e+00 -5.467504476383933110e-01
2.905973204570558632e+00 1.325000000000001066e+00 -5.095442985077975884e-01
3.063052837250048288e+00 1.324999999999999956e+00 -4.945596761454527091e-01
3.220132469929537500e+00 1.324999999999998179e+00 -4.960518352447786938e-01
3.377212102609027600e+00 1.324999999999997513e+00 -4.961510893312963688e-01
3.534291735288517255e+00 1.324999999999996625e+00 -4.832393301251300954e-01
3.691371367968007355e+00 1.324999999999995515e+00 -4.599699309950948667e-01
3.848451000647496123e+00 1.324999999999994182e+00 -4.311597614502264975e-01
4.005530633326985779e+00 1.324999999999994849e+00 -4.012392040614196631e-01
4.162610266006476323e+00 1.324999999999993960e+00 -3.729455334811770939e-01
4.319689898685965979e+00 1.324999999999990630e+00 -3.450253988056388721e-01
4.476769531365454746e+00 1.324999999999990408e+00 -3.211690471233312749e-01
4.633849164044944402e+00 1.324999999999989964e+00 -3.081660668417676163e-01
4.790928796724434946e+00 1.324999999999990630e+00 -3.014771352275413818e-01
4.948008429403924602e+00 1.324999999999988409e+00 -2.979460988721269743e-01
5.105088062083413369e+00 1.324999999999986411e+00 -2.983308819860504002e-01
5.262167694762903025e+00 1.324999999999986855e+00 -2.930414844632522886e-01
5.419247327442393569e+00 1.324999999999985745e+00 -2.814389452014802728e-01
5.576326960121883225e+00 1.324999999999985523e+00 -2.748753979334503939e-01
5.733406592801371993e+00 1.324999999999986189e+00 -2.769609727621951123e-01
5.890486225480861648e+00 1.324999999999986855e+00 -2.807897918135378035e-01
6.047565858160352192e+00 1.324999999999985301e+00 -2.769481040408718897e-01
6.204645490839841848e+00 1.324999999999985301e+00 -2.667684794202092036e-01
6.361725123519330616e+00 1.324999999999986411e+00 -2.608861986550277123e-01
6.518804756198821160e+00 1.324999999999991740e+00 -2.529048790780006328e-01
6.675884388878310816e+00 1.324999999999986189e+00 -2.326336453117860970e-01
6.832964021557799583e+00 1.324999999999990186e+00 -2.173431032755539505e-01
6.990043654237290127e+00 1.324999999999989075e+00 -2.157654348720114967e-01
7.147123286916778895e+00 1.324999999999997291e+00 -2.122274040754286162e-01
7.304202919596268551e+00 1.324999999999996403e+00 -2.055652953819864237e-01
7.461282552275759095e+00 1.324999999999994182e+00 -2.034831170256774513e-01
7.618362184955247862e+00 1.325000000000000622e+00 -1.995625451984457399e-01
7.775441817634738406e+00 1.325000000000001954e+00 -1.910454154768252977e-01
7.932521450314228062e+00 1.325000000000001954e+00 -1.912613772600897377e-01
8.089601082993716830e+00 1.325000000000002176e+00 -2.049869102341368432e-01
8.246680715673207374e+00 1.325000000000008393e+00 -2.153141497665380655e-01
8.403760348352696141e+00 1.325000000000002398e+00 -2.131570518721783714e-01
8.560839981032184909e+00 1.325000000000005951e+00 -2.058669172200282560e-01
8.717919613711675453e+00 1.325000000000007505e+00 -1.930559273521570418e-01
8.874999246391165997e+00 1.325000000000007949e+00 -1.682435854962314181e-01
9.032078879070656541e+00 1.325000000000001510e+00 -1.456714092292745732e-01
9.189158511750145308e+00 1.325000000000005951e+00 -1.438025016023480873e-01
9.346238144429634076e+00 1.324999999999998845e+00 -1.492992755354034529e-01
9.503317777109124620e+00 1.324999999999999956e+00 -1.453661693892502882e-01
9.660397409788613388e+00 1.325000000000003286e+00 -1.367701387985356121e-01
9.817477042468102155e+00 1.325000000000001954e+00 -1.357147783241092753e-01
9.974556675147592699e+00 1.324999999999994627e+00 -1.429503435714778448e-01
1.013163630782708324e+01 1.325000000000000400e+00 -1.416363576173242933e-01
1.028871594050657379e+01 1.324999999999990408e+00 -1.272072003907496196e-01
1.044579557318606255e+01 1.324999999999993294e+00 -1.103386416135627712e-01
1.060287520586555132e+01 1.324999999999993072e+00 -9.762689134245938760e-02
1.075995483854504187e+01 1.324999999999992406e+00 -9.486284305109471404e-02
1.091703447122453063e+01 1.324999999999992406e+00 -1.033911408595997727e-01
1.107411410390401940e+01 1.324999999999997291e+00 -1.108123707442416617e-01
1.123119373658350995e+01 1.324999999999995071e+00 -1.015580979414707485e-01
1.138827336926300049e+01 1.324999999999988853e+00 -7.488521383903901096e-02
1.154535300194249103e+01 1.324999999999988631e+00 -4.733113212999917607e-02
1.170243263462197980e+01 1.324999999999982636e+00 -3.932369755464293348e-02
1.185951226730146857e+01 1.324999999999979750e+00 -5.111185129637974001e-02
1.201659189998095911e+01 1.324999999999977307e+00 -7.059825134673225477e-02
1.217367153266044788e+01 1.324999999999985079e+00 -7.511871982523210534e-02
1.233075116533993665e+01 1.324999999999978861e+00 -6.557280470903315006e-02
1.248783079801942719e+01 1.324999999999978861e+00 -5.193388592294212458e-02
1.264491043069891774e+01 1.324999999999979972e+00 -4.075649426119731800e-02
1.280199006337840650e+01 1.324999999999971978e+00 -3.201287184416834464e-02
1.295906969605789527e+01 1.324999999999975087e+00 -2.956595583368049063e-02
1.311614932873738759e+01 1.324999999999972644e+00 -3.531670629209138212e-02
1.327322896141687636e+01 1.324999999999973088e+00 -4.319375175649575738e-02
1.343030859409636513e+01 1.324999999999967981e+00 -4.862431477684481251e-02
1.358738822677585389e+01 1.324999999999966871e+00 -4.543734588017755982e-02
1.374446785945534444e+01 1.324999999999978861e+00 -2.466273856984813051e-02
1.390154749213483498e+01 1.324999999999974420e+00 8.439882293501455024e-03
1.405862712481432553e+01 1.324999999999971756e+00 3.311418362657470027e-02
1.421570675749381429e+01 1.324999999999980638e+00 3.606557332653359538e-02
1.437278639017330306e+01 1.324999999999980860e+00 2.499430530278168305e-02
1.452986602285279183e+01 1.324999999999988853e+00 1.736368667684118350e-02
1.468694565553228415e+01 1.324999999999985079e+00 1.701383389554145253e-02
1.484402528821177292e+01 1.324999999999986855e+00 1.652702841276543211e-02
1.500110492089126168e+01 1.324999999999992406e+00 1.946799633768669935e-02
1.515818455357075223e+01 1.324999999999992406e+00 2.488732270075288966e-02
1.531526418625024100e+01 1.324999999999994182e+00 2.230891313203109405e-02
1.547234381892972976e+01 1.324999999999990186e+00 1.977022163768715757e-02
1.562942345160922208e+01 1.324999999999989075e+00 2.518865552003290986e-02
1.578650308428871085e+01 1.324999999999986411e+00 2.813536142160089071e-02
1.594358271696819962e+01 1.324999999999985301e+00 2.774807530023437607e-02
1.610066234964768839e+01 1.324999999999981304e+00 2.752157355626039248e-02
1.625774198232717893e+01 1.324999999999983080e+00 2.035430264543691692e-02
1.641482161500666948e+01 1.324999999999987077e+00 1.003445826497184612e-02
1.657190124768616002e+01 1.324999999999969313e+00 1.316649826056348616e-02
1.672898088036564701e+01 1.324999999999974865e+00 3.660033340865709306e-02
1.688606051304513755e+01 1.324999999999977529e+00 6.731229475108690963e-02
1.704314014572462810e+01 1.324999999999968647e+00 8.618946942193161931e-02
1.720021977840411864e+01 1.324999999999967537e+00 8.895677276207436535e-02
1.735729941108360919e+01 1.324999999999964650e+00 8.402762900173854632e-02
1.751437904376309618e+01 1.324999999999970202e+00 7.703179497232781614e-02
1.767145867644258672e+01 1.324999999999974865e+00 7.204474876591149268e-02
1.782853830912207371e+01 1.324999999999959321e+00 7.432065761182471419e-02
1.798561794180156426e+01 1.324999999999963540e+00 8.202247183209010473e-02
1.814269757448105480e+01 1.324999999999958433e+00 9.168875978762613954e-02
1.829977720716054534e+01 1.324999999999956435e+00 1.032713842690320405e-01
1.845685683984003589e+01 1.324999999999961098e+00 1.112344268086680188e-01
1.861393647251952288e+01 1.324999999999952882e+00 1.074587401001672049e-01
1.877101610519901342e+01 1.324999999999959543e+00 9.147530715048901584e-02
