7.853981633974482790e-02 1.250000000000695000e+00 -4.908590013670917074e+00
2.356194490192344837e-01 1.250000000000178968e+00 -2.453889130151341913e+00
3.926990816987241395e-01 1.250000000000162093e+00 -2.287338390318704118e+00
5.497787143782137953e-01 1.250000000000112355e+00 -1.663331232029075846e+00
7.068583470577034511e-01 1.250000000000070388e+00 -1.297215491089624750e+00
8.639379797371929959e-01 1.250000000000060396e+00 -1.335822441523869752e+00
1.021017612416682763e+00 1.250000000000053291e+00 -1.218959312760707903e+00
1.178097245096172418e+00 1.250000000000036859e+00 -9.979182927432395100e-01
1.335176877775662074e+00 1.250000000000025979e+00 -9.160541863670514928e-01
1.492256510455151730e+00 1.250000000000020872e+00 -8.103529491036545185e-01
1.649336143134641386e+00 1.250000000000012434e+00 -7.610778827860371631e-01
1.806415775814131042e+00 1.250000000000004885e+00 -7.780312842693033470e-01
1.963495408493620697e+00 1.250000000000010436e+00 -6.710293625187766509e-01
2.120575041173110353e+00 1.250000000000009326e+00 -5.854414907111080701e-01
2.277654673852600009e+00 1.249999999999999112e+00 -6.436678926431698144e-01
2.434734306532089665e+00 1.250000000000001332e+00 -6.024152434338443385e-01
2.591813939211579321e+00 1.250000000000009104e+00 -4.969080135315633306e-01
2.748893571891068976e+00 1.250000000000001332e+00 -5.051396529984191197e-01
2.905973204570558632e+00 1.249999999999995559e+00 -5.098750708290991085e-01
3.063052837250048288e+00 1.250000000000001554e+00 -4.587828052655278377e-01
3.220132469929537500e+00 1.250000000000003109e+00 -4.353829791373686753e-01
3.377212102609027600e+00 1.249999999999995781e+00 -4.385390787116514311e-01
3.534291735288517255e+00 1.249999999999995337e+00 -4.217099786930642580e-01
3.691371367968007355e+00 1.249999999999998446e+00 -3.809132645571224884e-01
3.848451000647496123e+00 1.249999999999997780e+00 -3.577768559037268759e-01
4.005530633326985779e+00 1.250000000000002665e+00 -3.867414739687937697e-01
4.162610266006476323e+00 1.250000000000008660e+00 -3.515679000522000663e-01
4.319689898685965979e+00 1.250000000000003997e+00 -3.028964357372796457e-01
4.476769531365454746e+00 1.250000000000016875e+00 -3.414993635638632341e-01
4.633849164044944402e+00 1.250000000000028866e+00 -3.210989370826888845e-01
4.790928796724434946e+00 1.250000000000025535e+00 -2.462734438554807781e-01
4.948008429403924602e+00 1.250000000000036415e+00 -3.156246507214879315e-01
5.105088062083413369e+00 1.250000000000043743e+00 -3.637075286377839944e-01
5.262167694762903025e+00 1.250000000000037526e+00 -2.178584783181332085e-01
5.419247327442393569e+00 1.250000000000032196e+00 -1.940885438297010879e-01
5.576326960121883225e+00 1.250000000000043521e+00 -2.952759913880056430e-01
5.733406592801371993e+00 1.250000000000044187e+00 -2.746947220287667690e-01
5.890486225480861648e+00 1.250000000000027978e+00 -2.617175867021952484e-01
6.047565858160352192e+00 1.250000000000014211e+00 -2.987494776884078718e-01
6.204645490839841848e+00 1.250000000000016209e+00 -2.278132364056517645e-01
6.361725123519330616e+00 1.250000000000000222e+00 -2.231529061187620400e-01
6.518804756198821160e+00 1.249999999999996447e+00 -2.908155988594902652e-01
6.675884388878310816e+00 1.249999999999991340e+00 -2.108310920576697001e-01
6.832964021557799583e+00 1.249999999999997335e+00 -1.756940798626587252e-01
6.990043654237290127e+00 1.249999999999996669e+00 -2.592219321063220505e-01
7.147123286916778895e+00 1.250000000000002665e+00 -1.791282708520158806e-01
7.304202919596268551e+00 1.250000000000009992e+00 -9.641614536761977661e-02
7.461282552275759095e+00 1.250000000000010880e+00 -2.103349855466873919e-01
7.618362184955247862e+00 1.250000000000026201e+00 -2.358872832949279186e-01
7.775441817634738406e+00 1.250000000000033973e+00 -1.351779709336868862e-01
7.932521450314228062e+00 1.250000000000035305e+00 -1.626892381060942583e-01
8.089601082993716830e+00 1.250000000000043077e+00 -2.039508850680018526e-01
8.246680715673207374e+00 1.250000000000043521e+00 -1.400634881385656172e-01
8.403760348352696141e+00 1.250000000000043965e+00 -1.497441815283178101e-01
8.560839981032184909e+00 1.250000000000046629e+00 -1.748274532933749015e-01
8.717919613711675453e+00 1.250000000000050182e+00 -1.357859496331581539e-01
8.874999246391165997e+00 1.250000000000059952e+00 -1.532070541011396614e-01
9.032078879070656541e+00 1.250000000000034195e+00 -1.388544417831312217e-01
9.189158511750145308e+00 1.250000000000042188e+00 -5.974379311213340316e-02
9.346238144429634076e+00 1.250000000000021982e+00 -1.119283585908394940e-01
9.503317777109124620e+00 1.250000000000039968e+00 -1.755756620725499317e-01
9.660397409788613388e+00 1.250000000000023315e+00 -1.137943083621042462e-01
9.817477042468102155e+00 1.250000000000031308e+00 -1.092432289359805964e-01
9.974556675147592699e+00 1.250000000000004885e+00 -1.688107712832014329e-01
1.013163630782708324e+01 1.250000000000026201e+00 -1.422051878381562773e-01
1.028871594050657379e+01 1.250000000000018874e+00 -1.296264639641702132e-01
1.044579557318606255e+01 1.250000000000024869e+00 -1.489586297228981948e-01
1.060287520586555132e+01 1.250000000000020206e+00 -8.269302121494703783e-02
1.075995483854504187e+01 1.250000000000016875e+00 -8.962085365948802007e-02
1.091703447122453063e+01 1.250000000000011768e+00 -1.566614728803390477e-01
1.107411410390401940e+01 1.250000000000025757e+00 -1.399701447181875835e-01
1.123119373658350995e+01 1.250000000000025757e+00 -9.329780747713556366e-02
1.138827336926300049e+01 1.250000000000023093e+00 -1.103608321007740756e-01
1.154535300194249103e+01 1.250000000000017319e+00 -9.683375634994462189e-02
1.170243263462197980e+01 1.249999999999998890e+00 -7.119157736593528796e-02
1.185951226730146857e+01 1.250000000000012212e+00 -8.404288459645492537e-02
1.201659189998095911e+01 1.250000000000002442e+00 -7.042864301497431256e-02
1.217367153266044788e+01 1.249999999999993339e+00 -6.844741778509266794e-02
1.233075116533993665e+01 1.249999999999985123e+00 -6.843155710642001566e-02
1.248783079801942719e+01 1.250000000000000888e+00 -5.189721941917468939e-03
1.264491043069891774e+01 1.249999999999989564e+00 1.798997972581872773e-03
1.280199006337840650e+01 1.249999999999984901e+00 -7.299335667543793704e-02
1.295906969605789527e+01 1.249999999999998446e+00 -2.439741029205144685e-02
1.311614932873738759e+01 1.249999999999999334e+00 7.088495813177608795e-02
1.327322896141687636e+01 1.250000000000018430e+00 2.090891254586502157e-02
1.343030859409636513e+01 1.250000000000012657e+00 -1.194269992006447012e-02
1.358738822677585389e+01 1.250000000000002220e+00 7.573425609509243372e-02
1.374446785945534444e+01 1.250000000000019318e+00 6.463987487438771495e-02
1.390154749213483498e+01 1.250000000000018208e+00 -1.149256315519586735e-02
1.405862712481432553e+01 1.250000000000028644e+00 3.521333196574438773e-02
1.421570675749381429e+01 1.250000000000033085e+00 7.689490491331341104e-02
1.437278639017330306e+01 1.250000000000016209e+00 1.673257593287225120e-02
1.452986602285279183e+01 1.250000000000031530e+00 -8.668873126804754747e-03
1.468694565553228415e+01 1.250000000000036193e+00 2.035285771311379222e-02
1.484402528821177292e+01 1.250000000000033529e+00 1.745834458771966524e-03
1.500110492089126168e+01 1.250000000000026645e+00 -1.209645201145015392e-02
1.515818455357075223e+01 1.250000000000034417e+00 1.446951008485619639e-02
1.531526418625024100e+01 1.250000000000017986e+00 2.230688825535764863e-02
1.547234381892972976e+01 1.250000000000034195e+00 3.005304354724103177e-02
1.562942345160922208e+01 1.250000000000024869e+00 5.606253729425247911e-02
1.578650308428871085e+01 1.250000000000026423e+00 4.248533065319115565e-02
1.594358271696819962e+01 1.250000000000032196e+00 2.442227950646724821e-02
1.610066234964768839e+01 1.250000000000027089e+00 5.242149501400916733e-02
1.625774198232717893e+01 1.250000000000014433e+00 2.826001818424472845e-02
1.641482161500666948e+01 1.250000000000030864e+00 -2.906256521788463942e-02
1.657190124768616002e+01 1.250000000000015321e+00 1.116317695119306563e-02
1.672898088036564701e+01 1.250000000000016431e+00 5.515514623817807660e-02
1.688606051304513755e+01 1.250000000000017542e+00 -1.546372286766484194e-02
1.704314014572462810e+01 1.249999999999994671e+00 -2.517252332489405831e-02
1.720021977840411864e+01 1.250000000000004441e+00 5.592557478015081074e-02
1.735729941108360919e+01 1.250000000000005329e+00 2.647683124883570827e-02
1.751437904376309618e+01 1.249999999999992006e+00 -1.833042876633683704e-02
1.767145867644258672e+01 1.249999999999996669e+00 6.748932855436962086e-02
1.782853830912207371e+01 1.249999999999976241e+00 1.099002834827729203e-01
1.798561794180156426e+01 1.249999999999980238e+00 4.509984417165213699e-02
1.814269757448105480e+01 1.249999999999984901e+00 5.157204964627126742e-02
1.829977720716054534e+01 1.249999999999964251e+00 1.057141903206932909e-01
1.845685683984003589e+01 1.249999999999981792e+00 1.056777607819903153e-01
1.861393647251952288e+01 1.249999999999981792e+00 1.072994898901917793e-01
1.877101610519901342e+01 1.249999999999988232e+00 1.184847887798667898e-01
