7.853981633974482790e-02 1.220000000001346896e+00 -4.611228405200348490e+00
2.356194490192344837e-01 1.220000000000153184e+00 -2.156928732099272050e+00
3.926990816987241395e-01 1.220000000000096119e+00 -1.871376050528896329e+00
5.497787143782137953e-01 1.220000000000084572e+00 -1.519277309756371430e+00
7.068583470577034511e-01 1.220000000000045937e+00 -1.266437908521047762e+00
8.639379797371929959e-01 1.220000000000032836e+00 -1.200951775555550549e+00
1.021017612416682763e+00 1.220000000000040830e+00 -1.106484968361111321e+00
1.178097245096172418e+00 1.220000000000036833e+00 -9.257276028680925251e-01
1.335176877775662074e+00 1.220000000000024620e+00 -7.937934014083960488e-01
1.492256510455151730e+00 1.220000000000019069e+00 -7.668417277236592167e-01
1.649336143134641386e+00 1.220000000000022178e+00 -7.652289627074562173e-01
1.806415775814131042e+00 1.220000000000020846e+00 -7.119405528592714916e-01
1.963495408493620697e+00 1.220000000000025731e+00 -6.792357288746857513e-01
2.120575041173110353e+00 1.220000000000033280e+00 -6.188395690975134755e-01
2.277654673852600009e+00 1.220000000000027063e+00 -5.861508232958856368e-01
2.434734306532089665e+00 1.220000000000029727e+00 -5.957505655192458782e-01
2.591813939211579321e+00 1.220000000000038831e+00 -5.251589735872319586e-01
2.748893571891068976e+00 1.220000000000032614e+00 -4.489568272191162279e-01
2.905973204570558632e+00 1.220000000000026397e+00 -4.768612086145891382e-01
3.063052837250048288e+00 1.220000000000037277e+00 -5.032386720808483815e-01
3.220132469929537500e+00 1.220000000000051488e+00 -4.331786850911942821e-01
3.377212102609027600e+00 1.220000000000048157e+00 -3.793780485436215599e-01
3.534291735288517255e+00 1.220000000000048601e+00 -3.898831741799653194e-01
3.691371367968007355e+00 1.220000000000056817e+00 -3.887671900211779885e-01
3.848451000647496123e+00 1.220000000000058371e+00 -3.410973252948652501e-01
4.005530633326985779e+00 1.220000000000052376e+00 -3.488423451434661260e-01
4.162610266006476323e+00 1.220000000000048823e+00 -3.969588147906977227e-01
4.319689898685965979e+00 1.220000000000042384e+00 -3.819893845323303339e-01
4.476769531365454746e+00 1.220000000000035278e+00 -3.045631328684335060e-01
4.633849164044944402e+00 1.220000000000023288e+00 -2.755108039811426934e-01
4.790928796724434946e+00 1.220000000000009965e+00 -2.904205154355601337e-01
4.948008429403924602e+00 1.220000000000004414e+00 -2.729754928319856333e-01
5.105088062083413369e+00 1.219999999999999973e+00 -2.700162834079096186e-01
5.262167694762903025e+00 1.219999999999992646e+00 -2.863312769367265531e-01
5.419247327442393569e+00 1.220000000000001306e+00 -2.708882148893314579e-01
5.576326960121883225e+00 1.220000000000004414e+00 -2.300712061365945971e-01
5.733406592801371993e+00 1.220000000000011076e+00 -2.422166964909369113e-01
5.890486225480861648e+00 1.220000000000016849e+00 -2.677887444966584596e-01
6.047565858160352192e+00 1.220000000000025286e+00 -2.730079627433603662e-01
6.204645490839841848e+00 1.220000000000038165e+00 -2.575075506690485128e-01
6.361725123519330616e+00 1.220000000000049267e+00 -2.430854049148738483e-01
6.518804756198821160e+00 1.220000000000049933e+00 -2.289062438131592714e-01
6.675884388878310816e+00 1.220000000000058815e+00 -2.065024066586254037e-01
6.832964021557799583e+00 1.220000000000067697e+00 -2.072144396175046310e-01
6.990043654237290127e+00 1.220000000000072138e+00 -1.918599172298947053e-01
7.147123286916778895e+00 1.220000000000064588e+00 -1.643628674023016600e-01
7.304202919596268551e+00 1.220000000000071916e+00 -1.505950668371456302e-01
7.461282552275759095e+00 1.220000000000068141e+00 -1.755717729095538360e-01
7.618362184955247862e+00 1.220000000000065699e+00 -1.911298542240471576e-01
7.775441817634738406e+00 1.220000000000062812e+00 -2.098614624254020455e-01
7.932521450314228062e+00 1.220000000000076357e+00 -2.108825678885564159e-01
8.089601082993716830e+00 1.220000000000070806e+00 -1.549066479262428686e-01
8.246680715673207374e+00 1.220000000000078799e+00 -1.102626159110258186e-01
8.403760348352696141e+00 1.220000000000063478e+00 -1.223542967582904595e-01
8.560839981032184909e+00 1.220000000000062368e+00 -1.774757262290851401e-01
8.717919613711675453e+00 1.220000000000059925e+00 -1.614247233073626830e-01
8.874999246391165997e+00 1.220000000000057927e+00 -1.286691913090542982e-01
9.032078879070656541e+00 1.220000000000047269e+00 -1.288305750720812881e-01
9.189158511750145308e+00 1.220000000000043050e+00 -1.039351821100833462e-01
9.346238144429634076e+00 1.220000000000034612e+00 -7.246767609631987739e-02
9.503317777109124620e+00 1.220000000000040830e+00 -1.162381638005065554e-01
9.660397409788613388e+00 1.220000000000034834e+00 -1.295042970471804722e-01
9.817477042468102155e+00 1.220000000000030838e+00 -6.930813578309091838e-02
9.974556675147592699e+00 1.220000000000012630e+00 -1.020061303992783053e-01
1.013163630782708324e+01 1.220000000000025953e+00 -1.254877569050272257e-01
1.028871594050657379e+01 1.220000000000019513e+00 -9.241934951486285854e-02
1.044579557318606255e+01 1.220000000000027285e+00 -5.918128456524307524e-02
1.060287520586555132e+01 1.220000000000020401e+00 -8.735712696851649639e-02
1.075995483854504187e+01 1.220000000000027729e+00 -1.031877072739710854e-01
1.091703447122453063e+01 1.220000000000024398e+00 -2.480495288132367193e-02
1.107411410390401940e+01 1.220000000000033502e+00 -4.414857137692251854e-02
1.123119373658350995e+01 1.220000000000035056e+00 -1.091339273078411054e-01
1.138827336926300049e+01 1.220000000000041718e+00 -7.580783235460764047e-02
1.154535300194249103e+01 1.220000000000013296e+00 -5.496011904646813662e-02
1.170243263462197980e+01 1.220000000000029949e+00 -1.044743916186430255e-01
1.185951226730146857e+01 1.220000000000012852e+00 -8.619182174144768283e-02
1.201659189998095911e+01 1.220000000000001972e+00 -8.536191578144602943e-02
1.217367153266044788e+01 1.220000000000013518e+00 -8.699480612989773931e-02
1.233075116533993665e+01 1.220000000000019735e+00 -1.932733793302965353e-02
1.248783079801942719e+01 1.220000000000003748e+00 -4.019277294047540749e-02
1.264491043069891774e+01 1.219999999999979101e+00 -8.959291628879206826e-02
1.280199006337840650e+01 1.220000000000003082e+00 -3.062713338806943852e-02
1.295906969605789527e+01 1.220000000000015072e+00 3.268398428689245350e-02
1.311614932873738759e+01 1.220000000000010187e+00 -8.006412317014266478e-03
1.327322896141687636e+01 1.220000000000021068e+00 -5.066673738046212350e-02
1.343030859409636513e+01 1.220000000000029283e+00 -2.152732810376534189e-03
1.358738822677585389e+01 1.220000000000021068e+00 6.222382990577202122e-02
1.374446785945534444e+01 1.220000000000028395e+00 1.379504864899949723e-02
1.390154749213483498e+01 1.220000000000033724e+00 -2.942435216798067188e-02
1.405862712481432553e+01 1.220000000000041718e+00 3.824730869244064024e-02
1.421570675749381429e+01 1.220000000000033280e+00 4.385068043419870776e-02
1.437278639017330306e+01 1.220000000000060592e+00 -4.059273121655948557e-02
1.452986602285279183e+01 1.220000000000056595e+00 -6.073104024125264289e-02
1.468694565553228415e+01 1.220000000000053264e+00 4.978467163621047575e-04
1.484402528821177292e+01 1.220000000000049267e+00 3.376471626164345707e-02
1.500110492089126168e+01 1.220000000000053486e+00 -9.512633470070142039e-04
1.515818455357075223e+01 1.220000000000047935e+00 -3.259185215389415191e-02
1.531526418625024100e+01 1.220000000000056373e+00 2.226745432916743539e-02
1.547234381892972976e+01 1.220000000000051932e+00 7.642730773357087060e-02
1.562942345160922208e+01 1.220000000000050600e+00 4.529288256841645932e-02
1.578650308428871085e+01 1.220000000000046825e+00 1.123462971026967239e-02
1.594358271696819962e+01 1.220000000000047047e+00 4.362596286491715603e-02
1.610066234964768839e+01 1.220000000000052820e+00 1.019233954544205289e-01
1.625774198232717893e+01 1.220000000000060814e+00 8.264226981930278271e-02
1.641482161500666948e+01 1.220000000000030616e+00 2.611416668820254472e-03
1.657190124768616002e+01 1.220000000000033280e+00 8.333407791369040751e-03
1.672898088036564701e+01 1.220000000000031948e+00 7.175776461790661642e-02
1.688606051304513755e+01 1.220000000000027507e+00 3.193473833394833150e-02
1.704314014572462810e+01 1.220000000000020846e+00 -1.255490789819546649e-02
1.720021977840411864e+01 1.220000000000020624e+00 4.698852661557495480e-02
1.735729941108360919e+01 1.220000000000008189e+00 9.065962140776662181e-02
1.751437904376309618e+01 1.220000000000002860e+00 5.279063220915247712e-02
1.767145867644258672e+01 1.220000000000008855e+00 1.684439341720533889e-02
1.782853830912207371e+01 1.219999999999989093e+00 7.307500842303227273e-02
1.798561794180156426e+01 1.219999999999968665e+00 1.238869507277264859e-01
1.814269757448105480e+01 1.219999999999985985e+00 8.167635291324870650e-02
1.829977720716054534e+01 1.219999999999994422e+00 6.407910387087767390e-02
1.845685683984003589e+01 1.219999999999985318e+00 1.210862012424200884e-01
1.861393647251952288e+01 1.219999999999979545e+00 1.196045438955906093e-01
1.877101610519901342e+01 1.219999999999988871e+00 1.202312380257488655e-01
