5.235987755982988295e-02 1.340073885192083480e-15 -3.408348773047987362e-02
1.570796326794896558e-01 9.428222091933946558e-16 -1.000982540745557481e-01
2.617993877991494078e-01 3.460773334573730153e-16 -1.601193565498697235e-01
3.665191429188092154e-01 -3.165870343657672947e-16 -2.115069016518535405e-01
4.712388980384689674e-01 -7.884318198314588244e-16 -2.531378133661950081e-01
5.759586531581286639e-01 -1.121498727219005787e-15 -2.852762203377345318e-01
6.806784082777885825e-01 -1.172673069760321596e-15 -3.091515623430273751e-01
7.853981633974481680e-01 -9.055256544598933033e-16 -3.264446623258795976e-01
8.901179185171080865e-01 -5.056718932472392680e-16 -3.388180098614150260e-01
9.948376736367677831e-01 1.734723475976807094e-18 -3.475901101891086808e-01
1.099557428756427591e+00 3.452099717193846118e-16 -3.535955730893002302e-01
1.204277183876087287e+00 5.724587470723463412e-16 -3.572131656774411579e-01
1.308996938995747206e+00 5.863365348801607979e-16 -3.585203771407518558e-01
1.413716694115406902e+00 3.747002708109903324e-16 -3.574961384968277089e-01
1.518436449235066821e+00 8.413408858487514408e-17 -3.542155703671732159e-01
1.623156204354726295e+00 -2.211772431870429045e-16 -3.489666973321897125e-01
1.727875959474386214e+00 -3.547509508372570508e-16 -3.422664418359929184e-01
1.832595714594045910e+00 -4.015884846886308424e-16 -3.347788700765927938e-01
1.937315469713705829e+00 -3.764349942869671395e-16 -3.271701526368783197e-01
2.042035224833365525e+00 -1.795438797635995343e-16 -3.199639847232982337e-01
2.146754979953025000e+00 -6.765421556309547668e-17 -3.134390066990010437e-01
2.251474735072684918e+00 1.656660919557850775e-16 -3.075991162968874648e-01
2.356194490192344837e+00 1.925543058334255875e-16 -3.022224941623383732e-01
2.460914245312004756e+00 2.263814136149733258e-16 -2.969682640028793452e-01
2.565634000431664230e+00 -8.673617379884035472e-19 -2.915082259078229932e-01
2.670353755551324149e+00 -8.760353553682875827e-17 -2.856352485835443877e-01
2.775073510670984067e+00 -1.569924745759010420e-16 -2.793204704614503098e-01
2.879793265790643986e+00 -2.940356291780688025e-16 -2.727058688759477212e-01
2.984513020910303460e+00 -2.888314587501383812e-16 -2.660433508683143211e-01
3.089232776029963379e+00 -1.639313684798082704e-16 -2.596088675448721128e-01
3.193952531149622853e+00 -1.951563910473907981e-16 -2.536179640225650900e-01
3.298672286269282772e+00 -9.107298248878237246e-17 -2.481709721069652042e-01
3.403392041388942246e+00 1.153591111524576718e-16 -2.432387244486255429e-01
3.508111796508602165e+00 7.546047120499110861e-17 -2.386880567966623012e-01
3.612831551628262083e+00 6.505213034913026604e-17 -2.343353343857599302e-01
3.717551306747922002e+00 1.301042606982605321e-17 -2.300071090471143553e-01
3.822271061867581476e+00 -5.290906601729261638e-17 -2.255913453586056439e-01
3.926990816987241395e+00 -1.136243876764808647e-16 -2.210647849838383583e-01
4.031710572106900869e+00 -8.239936510889833698e-17 -2.164891984162871097e-01
4.136430327226561232e+00 -5.811323644522303766e-17 -2.119809458598309604e-01
4.241150082346220707e+00 -9.974659986866640793e-17 -2.076672455999059308e-01
4.345869837465881069e+00 -3.209238430557093125e-17 -2.036444356221223939e-01
4.450589592585540544e+00 5.204170427930421283e-18 -1.999514293599613801e-01
4.555309347705200018e+00 2.428612866367529932e-17 -1.965624103730276850e-01
4.660029102824860381e+00 1.092875789865388469e-16 -1.933981213079806749e-01
4.764748857944519855e+00 1.968911145233676052e-16 -1.903508453667923095e-01
4.869468613064179330e+00 6.852157730108388023e-17 -1.873162945456668116e-01
4.974188368183839692e+00 2.168404344971008868e-17 -1.842217886906445390e-01
5.078908123303498279e+00 1.387778780781445676e-17 -1.810424691205931025e-01
5.183627878423158641e+00 3.035766082959412415e-17 -1.778021245117522298e-01
5.288347633542818116e+00 -1.422473250300981817e-16 -1.745604629973865063e-01
5.393067388662477590e+00 -1.066854937725736363e-16 -1.713922786477983240e-01
5.497787143782137953e+00 -5.898059818321144121e-17 -1.683659957740342439e-01
5.602506898901797427e+00 -3.382710778154773834e-17 -1.655263085035084125e-01
5.707226654021456902e+00 -4.597017211338538800e-17 -1.628862008693185426e-01
5.811946409141117265e+00 0.000000000000000000e+00 -1.604281407121907477e-01
5.916666164260776739e+00 7.719519468096791570e-17 -1.581134974825026407e-01
6.021385919380437102e+00 -8.933825901280556536e-17 -1.558962149332635827e-01
6.126105674500096576e+00 -1.647987302177966740e-17 -1.537359149195025587e-01
6.230825429619756051e+00 2.515349040166370287e-17 -1.516070456215363460e-01
6.335545184739416413e+00 2.862293735361731706e-17 -1.495004274126468524e-01
6.440264939859075888e+00 -2.949029909160572061e-17 -1.474187501528516075e-01
6.544984694978735362e+00 6.852157730108388023e-17 -1.453685151931533304e-01
6.649704450098395725e+00 1.474514954580286030e-17 -1.433534084616977233e-01
6.754424205218055199e+00 -5.204170427930421283e-17 -1.413715328475662614e-01
6.859143960337715562e+00 3.469446951953614189e-17 -1.394166436936515596e-01
6.963863715457375037e+00 -8.586881206085195117e-17 -1.374824978898928352e-01
7.068583470577034511e+00 -7.285838599102589797e-17 -1.355670718201704428e-01
7.173303225696694874e+00 -6.331740687315345895e-17 -1.336754039083275503e-01
7.278022980816354348e+00 -1.301042606982605321e-17 -1.318198766706986380e-01
7.382742735936013823e+00 -9.974659986866640793e-17 -1.300174052995376750e-01
7.487462491055674185e+00 -8.673617379884035472e-19 -1.282851285093813132e-01
7.592182246175332772e+00 -2.168404344971008868e-17 -1.266352022009690215e-01
7.696902001294993134e+00 7.199102425303749442e-17 -1.250707128728401341e-01
7.801621756414652609e+00 3.122502256758252770e-17 -1.235843257967279701e-01
7.906341511534312083e+00 3.035766082959412415e-17 -1.221596349934503112e-01
8.011061266653973334e+00 -3.035766082959412415e-17 -1.207757181206510766e-01
8.115781021773631920e+00 1.561251128379126385e-17 -1.194126434203530845e-01
8.220500776893292283e+00 -2.255140518769849223e-17 -1.180567050795589823e-01
8.325220532012952646e+00 -2.081668171172168513e-17 -1.167030254354408519e-01
8.429940287132611232e+00 4.683753385137379155e-17 -1.153553970787273286e-01
8.534660042252271595e+00 -2.341876692568689577e-17 -1.140242364504562150e-01
8.639379797371930181e+00 -2.515349040166370287e-17 -1.127225441546800128e-01
8.744099552491592320e+00 -7.806255641895631925e-18 -1.114617385111425774e-01
8.848819307611250906e+00 3.556183125752454544e-17 -1.102472862283586791e-01
8.953539062730909492e+00 3.729655473350135253e-17 -1.090757752237656308e-01
9.058258817850569855e+00 1.240327285323417073e-16 -1.079352554084178628e-01
9.162978572970228441e+00 -2.168404344971008868e-17 -1.068085643053779121e-01
9.267698328089890580e+00 -4.423544863740858091e-17 -1.056795878717990689e-01
9.372418083209549167e+00 -8.066464163292152989e-17 -1.045389599173166539e-01
9.477137838329209529e+00 -1.188285581044112860e-16 -1.033877630820814464e-01
9.581857593448868116e+00 -2.862293735361731706e-17 -1.022375148303422687e-01
9.686577348568528478e+00 -1.266348137463069179e-16 -1.011064831186109791e-01
9.791297103688188841e+00 -1.804112415015879378e-16 -1.000145179783977767e-01
9.896016858807849204e+00 -1.994931997373328159e-16 -9.897707158115479076e-02
1.000073661392750779e+01 -2.177077962350892903e-16 -9.800079810438255823e-02
1.010545636904716815e+01 -2.237793284010081152e-16 -9.708126598312186162e-02
1.021017612416682674e+01 -2.237793284010081152e-16 -9.620355485586065680e-02
1.031489587928648710e+01 -2.766883944183007316e-16 -9.534605117307390354e-02
1.041961563440614746e+01 -3.747002708109903324e-16 -9.448606094950420808e-02
1.052433538952580783e+01 -3.790370795009323501e-16 -9.360630077097273349e-02
1.062905514464546641e+01 -4.258746133523061417e-16 -9.270012492968138229e-02
1.073377489976512678e+01 -5.048045315092508645e-16 -9.177390059369507080e-02
1.083849465488478536e+01 -4.848552115355175829e-16 -9.084595626744894348e-02
1.094321441000444750e+01 -4.406197628981090020e-16 -8.994154432929549192e-02
1.104793416512410609e+01 -5.334274688628681815e-16 -8.908536444543022070e-02
1.115265392024376645e+01 -4.492933802779930375e-16 -8.829378571911916662e-02
1.125737367536342504e+01 -4.770489558936219510e-16 -8.756946955290227652e-02
1.136209343048308362e+01 -4.215378046623641239e-16 -8.692794636570383426e-02
1.146681318560274576e+01 -4.466912950640278268e-16 -8.628955939354643334e-02
1.157153294072240435e+01 -4.380176776841437913e-16 -8.565211130116348603e-02
1.167625269584206471e+01 -4.449565715880510197e-16 -8.498830579520283424e-02
1.178097245096172330e+01 -4.362829542081669842e-16 -8.428054753412381195e-02
1.188569220608138366e+01 -4.328135072562133701e-16 -8.352551365581238618e-02
1.199041196120104225e+01 -4.258746133523061417e-16 -8.273466976188309507e-02
1.209513171632070438e+01 -4.388850394221321949e-16 -8.193113767515190771e-02
1.219985147144036297e+01 -4.518954654919582481e-16 -8.114364466331963621e-02
1.230457122656002333e+01 -3.686287386450715076e-16 -8.039892071611710878e-02
1.240929098167968192e+01 -3.651592916931178934e-16 -7.971451483372198055e-02
1.251401073679934228e+01 -2.940356291780688025e-16 -7.909416488301153347e-02
1.261873049191900265e+01 -2.905661822261151883e-16 -7.852742269761231464e-02
1.272345024703866301e+01 -2.636779683484746784e-16 -7.799358959413392467e-02
1.282817000215832159e+01 -2.957703526540456096e-16 -7.746836512206006775e-02
1.293288975727798196e+01 -2.888314587501383812e-16 -7.693080874936304714e-02
1.303760951239764054e+01 -2.567390744445674500e-16 -7.636856005812733827e-02
1.314232926751730268e+01 -2.749536709423239245e-16 -7.578019119200468667e-02
1.324704902263696127e+01 -3.113828639378368734e-16 -7.517425564584342967e-02
1.335176877775662163e+01 -3.061786935099064522e-16 -7.456579836526804062e-02
1.345648853287628022e+01 -3.027092465579528380e-16 -7.397143354121828163e-02
1.356120828799594058e+01 -2.888314587501383812e-16 -7.340451778808934624e-02
1.366592804311559917e+01 -2.550043509685906429e-16 -7.287168816148570372e-02
1.377064779823526131e+01 -2.307182223049153436e-16 -7.237133663603376177e-02
1.387536755335491989e+01 -2.220446049250313081e-16 -7.189441842793395376e-02
1.398008730847457848e+01 -1.760744328116459201e-16 -7.142729331428600281e-02
1.408480706359423884e+01 -2.038300084272748336e-16 -7.095581482456748967e-02
1.418952681871389743e+01 -2.593411596585326606e-16 -7.046946105136552008e-02
1.429424657383355957e+01 -2.567390744445674500e-16 -6.996420172974972262e-02
1.439896632895321815e+01 -2.029626466892864300e-16 -6.944339642254407363e-02
1.450368608407287851e+01 -2.298508605669269400e-16 -6.891658631540395485e-02
1.460840583919253710e+01 -1.795438797635995343e-16 -6.839649996334079551e-02
1.471312559431219746e+01 -1.994931997373328159e-16 -6.789520424455972036e-02
1.481784534943185783e+01 -2.159730727591124833e-16 -6.742036922572798574e-02
1.492256510455151819e+01 -1.535230276239474279e-16 -6.697298302366974654e-02
1.502728485967117678e+01 -1.630640067418198669e-16 -6.654718424965913592e-02
1.513200461479083714e+01 -1.535230276239474279e-16 -6.613233694445880273e-02
1.523672436991049572e+01 -1.700029006457270953e-16 -6.571664673570755399e-02
1.534144412503015609e+01 -2.142383492831356762e-16 -6.529087180794737599e-02
1.544616388014981645e+01 -1.916869440954371839e-16 -6.485125387988928403e-02
1.555088363526947681e+01 -1.630640067418198669e-16 -6.440052052483322131e-02
1.565560339038913540e+01 -2.072994553792284478e-16 -6.394673934425386397e-02
1.576032314550879576e+01 -1.743397093356691130e-16 -6.350058297995075929e-02
1.586504290062845435e+01 -2.151057110211240797e-16 -6.307190444805309271e-02
1.596976265574811649e+01 -2.116362640691704655e-16 -6.266684501801350615e-02
1.607448241086777685e+01 -1.561251128379126385e-16 -6.228613725982885124e-02
1.617920216598743366e+01 -1.465841337200401995e-16 -6.192505777250472548e-02
1.628392192110709402e+01 -1.665334536937734811e-16 -6.157491707695926519e-02
1.638864167622675438e+01 -1.604619215278546562e-16 -6.122565264121531542e-02
1.649336143134641475e+01 -1.630640067418198669e-16 -6.086879328172717374e-02
1.659808118646607511e+01 -1.873501354054951662e-16 -6.049984519504977148e-02
1.670280094158573192e+01 -1.942890293094023946e-16 -6.011944071797623024e-02
1.680752069670539228e+01 -1.630640067418198669e-16 -5.973301997474220887e-02
1.691224045182505265e+01 -1.804112415015879378e-16 -5.934918110307525752e-02
1.701696020694471301e+01 -1.491862189340054101e-16 -5.897722225687619668e-02
1.712167996206437337e+01 -1.335737076502141463e-16 -5.862439513834899474e-02
1.722639971718403373e+01 -1.491862189340054101e-16 -5.829363661023170828e-02
1.733111947230369054e+01 -1.318389841742373392e-16 -5.798248386628385154e-02
1.743583922742335091e+01 -1.058181320345852328e-16 -5.768348170807720970e-02
1.754055898254301127e+01 -1.153591111524576718e-16 -5.738611809847540823e-02
1.764527873766267163e+01 -8.847089727481716182e-17 -5.707973445274634045e-02
1.774999849278232844e+01 -1.231653667943533037e-16 -5.675665723443899802e-02
1.785471824790198880e+01 -1.318389841742373392e-16 -5.641457805172314655e-02
1.795943800302165272e+01 -1.370431546021677605e-16 -5.605731893350893169e-02
1.806415775814131308e+01 -1.431146867680865853e-16 -5.569368240425517230e-02
1.816887751326096989e+01 -1.309716224362489356e-16 -5.533483482232200157e-02
1.827359726838063025e+01 -1.361757928641793569e-16 -5.499120814572026894e-02
1.837831702350029062e+01 -1.301042606982605321e-16 -5.466984114754913637e-02
1.848303677861995098e+01 -1.066854937725736363e-16 -5.437279648076516481e-02
1.858775653373960779e+01 -1.144917494144692682e-16 -5.409691043532254690e-02
1.869247628885926815e+01 -1.101549407245272505e-16 -5.383482890992862674e-02
1.879719604397892851e+01 -1.136243876764808647e-16 -5.357715351156960848e-02
