5.235987755982988295e-02 2.818925648462311528e-16 -1.619351591146365316e-02
1.570796326794896558e-01 3.053113317719180486e-16 -4.819425035552481890e-02
2.617993877991494078e-01 1.951563910473907981e-16 -7.907589151103677771e-02
3.665191429188092154e-01 2.671474153004282925e-16 -1.081927331491973621e-01
4.712388980384689674e-01 1.543903893619358314e-16 -1.350308988478394479e-01
5.759586531581286639e-01 1.092875789865388469e-16 -1.592281401171563027e-01
6.806784082777885825e-01 1.231653667943533037e-16 -1.805790053809079310e-01
7.853981633974481680e-01 1.092875789865388469e-16 -1.990200266542760665e-01
8.901179185171080865e-01 7.892991815694472280e-17 -2.146072624572376020e-01
9.948376736367677831e-01 1.344410693882025498e-16 -2.274875028702562363e-01
1.099557428756427591e+00 1.422473250300981817e-16 -2.378700035693262216e-01
1.204277183876087287e+00 8.500145032286354763e-17 -2.460001780279486849e-01
1.308996938995747206e+00 7.806255641895631925e-17 -2.521382516630278903e-01
1.413716694115406902e+00 5.204170427930421283e-17 -2.565431648917053664e-01
1.518436449235066821e+00 8.066464163292152989e-17 -2.594604120697494576e-01
1.623156204354726295e+00 1.144917494144692682e-16 -2.611164904192769809e-01
1.727875959474386214e+00 1.118896642005040576e-16 -2.617151441928962652e-01
1.832595714594045910e+00 1.960237527853792017e-16 -2.614360745822409959e-01
1.937315469713705829e+00 1.769417945496343236e-16 -2.604368203401566384e-01
2.042035224833365525e+00 2.038300084272748336e-16 -2.588545249781652458e-01
2.146754979953025000e+00 2.168404344971008868e-16 -2.568074055156708280e-01
2.251474735072684918e+00 2.471980953266950110e-16 -2.543965719562666372e-01
2.356194490192344837e+00 2.541369892306022393e-16 -2.517076590003468062e-01
2.460914245312004756e+00 1.700029006457270953e-16 -2.488118934676910032e-01
2.565634000431664230e+00 2.151057110211240797e-16 -2.457665257021082184e-01
2.670353755551324149e+00 2.133709875451472726e-16 -2.426164954032904719e-01
2.775073510670984067e+00 2.376571162088225719e-16 -2.393958771409329667e-01
2.879793265790643986e+00 2.610758831345094677e-16 -2.361289433006267258e-01
2.984513020910303460e+00 2.498001805406602216e-16 -2.328326419602711472e-01
3.089232776029963379e+00 2.966377143920340131e-16 -2.295182586936131142e-01
3.193952531149622853e+00 2.957703526540456096e-16 -2.261934692688798432e-01
3.298672286269282772e+00 3.191891195797325054e-16 -2.228637723376215574e-01
3.403392041388942246e+00 3.608224830031758756e-16 -2.195339231109457723e-01
3.508111796508602165e+00 3.061786935099064522e-16 -2.162086968852366398e-01
3.612831551628262083e+00 2.949029909160572061e-16 -2.128932219904047518e-01
3.717551306747922002e+00 2.923009057020919954e-16 -2.095933954214958816e-01
3.822271061867581476e+00 2.688821387764050996e-16 -2.063156285948808955e-01
3.926990816987241395e+00 2.775557561562891351e-16 -2.030664836502939496e-01
4.031710572106900869e+00 2.949029909160572061e-16 -1.998523838917193873e-01
4.136430327226561232e+00 2.914335439641035919e-16 -1.966791420577560234e-01
4.241150082346220707e+00 2.966377143920340131e-16 -1.935518353017428583e-01
4.345869837465881069e+00 2.810252031082427493e-16 -1.904746979313315658e-01
4.450589592585540544e+00 3.582203977892106650e-16 -1.874510131564834925e-01
4.555309347705200018e+00 2.688821387764050996e-16 -1.844837968472942957e-01
4.660029102824860381e+00 2.515349040166370287e-16 -1.815757651972675357e-01
4.764748857944519855e+00 2.463307335887066074e-16 -1.787297234989626005e-01
4.869468613064179330e+00 3.269953752216281373e-16 -1.759485581013021660e-01
4.974188368183839692e+00 2.445960101127298003e-16 -1.732351141397543981e-01
5.078908123303498279e+00 3.243932900076629267e-16 -1.705918419066591585e-01
5.183627878423158641e+00 3.859759734048395785e-16 -1.680204865482687882e-01
5.288347633542818116e+00 3.209238430557093125e-16 -1.655213239285459048e-01
5.393067388662477590e+00 3.929148673087468069e-16 -1.630933702691958476e-01
5.497787143782137953e+00 3.521488656232918402e-16 -1.607340203741977891e-01
5.602506898901797427e+00 3.599551212651874721e-16 -1.584394058578440512e-01
5.707226654021456902e+00 3.634245682171410863e-16 -1.562049541454772761e-01
5.811946409141117265e+00 3.243932900076629267e-16 -1.540257289552915410e-01
5.916666164260776739e+00 3.096481404618600664e-16 -1.518973222379019494e-01
6.021385919380437102e+00 3.773023560249555430e-16 -1.498158966287898020e-01
6.126105674500096576e+00 3.573530360512222614e-16 -1.477787130508360081e-01
6.230825429619756051e+00 3.556183125752454544e-16 -1.457843260229652327e-01
6.335545184739416413e+00 3.903127820947815962e-16 -1.438320091923104838e-01
6.440264939859075888e+00 3.105155021998484699e-16 -1.419219247352589974e-01
6.544984694978735362e+00 3.764349942869671395e-16 -1.400545550802990147e-01
6.649704450098395725e+00 3.677613769070831040e-16 -1.382304643744306505e-01
6.754424205218055199e+00 2.862293735361731706e-16 -1.364500189929388763e-01
6.859143960337715562e+00 2.896988204881267848e-16 -1.347130606051500368e-01
6.963863715457375037e+00 3.243932900076629267e-16 -1.330190044939907057e-01
7.068583470577034511e+00 3.191891195797325054e-16 -1.313666530997711357e-01
7.173303225696694874e+00 2.671474153004282925e-16 -1.297544486762392257e-01
7.278022980816354348e+00 3.018418848199644344e-16 -1.281805626563121137e-01
7.382742735936013823e+00 3.191891195797325054e-16 -1.266430454009521145e-01
7.487462491055674185e+00 2.567390744445674500e-16 -1.251401166499382100e-01
7.592182246175332772e+00 2.255140518769849223e-16 -1.236701597729087804e-01
7.696902001294993134e+00 2.680147770384166961e-16 -1.222319500918224028e-01
7.801621756414652609e+00 2.792904796322659422e-16 -1.208245234699966142e-01
7.906341511534312083e+00 3.027092465579528380e-16 -1.194471646843059121e-01
8.011061266653973334e+00 2.142383492831356762e-16 -1.180994829585211292e-01
8.115781021773631920e+00 2.949029909160572061e-16 -1.167811881138540175e-01
8.220500776893292283e+00 2.749536709423239245e-16 -1.154920924141717431e-01
8.325220532012952646e+00 2.203098814490545010e-16 -1.142320236412277812e-01
8.429940287132611232e+00 2.367897544708341684e-16 -1.130006358040683001e-01
8.534660042252271595e+00 3.061786935099064522e-16 -1.117975861991497566e-01
8.639379797371930181e+00 2.602085213965210642e-16 -1.106222916494981612e-01
8.744099552491592320e+00 2.428612866367529932e-16 -1.094739729155253388e-01
8.848819307611250906e+00 2.680147770384166961e-16 -1.083517373732863498e-01
8.953539062730909492e+00 2.723515857283587138e-16 -1.072544185532580685e-01
9.058258817850569855e+00 2.203098814490545010e-16 -1.061807414929104576e-01
9.162978572970228441e+00 1.734723475976807094e-16 -1.051292258714337513e-01
9.267698328089890580e+00 1.986258379993444123e-16 -1.040983881922625809e-01
9.372418083209549167e+00 1.752070710736575165e-16 -1.030866136026722391e-01
9.477137838329209529e+00 1.422473250300981817e-16 -1.020923283192578801e-01
9.581857593448868116e+00 7.719519468096791570e-17 -1.011141256115353770e-01
9.686577348568528478e+00 7.546047120499110861e-17 -1.001506290988682102e-01
9.791297103688188841e+00 4.076600168545496672e-17 -9.920078417735295195e-02
9.896016858807849204e+00 9.540979117872439019e-18 -9.826374463968126638e-02
1.000073661392750779e+01 -8.500145032286354763e-17 -9.733890805727359041e-02
1.010545636904716815e+01 -2.081668171172168513e-17 -9.642609085563436100e-02
1.021017612416682674e+01 -3.469446951953614189e-18 -9.552532340493391505e-02
1.031489587928648710e+01 -7.025630077706068732e-17 -9.463695045659913097e-02
1.041961563440614746e+01 -9.714451465470119729e-17 -9.376150658677283312e-02
1.052433538952580783e+01 -1.379105163401561640e-16 -9.289963348547190802e-02
1.062905514464546641e+01 -1.890848588814719733e-16 -9.205208514403254161e-02
1.073377489976512678e+01 -1.500535806719938137e-16 -9.121949318332576995e-02
1.083849465488478536e+01 -2.211772431870429045e-16 -9.040238523787204328e-02
1.094321441000444750e+01 -2.116362640691704655e-16 -8.960104841926766484e-02
1.104793416512410609e+01 -2.541369892306022393e-16 -8.881560781239104807e-02
1.115265392024376645e+01 -2.489328188026718180e-16 -8.804588463289911293e-02
1.125737367536342504e+01 -2.766883944183007316e-16 -8.729149457216479890e-02
1.136209343048308362e+01 -2.740863092043355209e-16 -8.657916100602922049e-02
1.146681318560274576e+01 -2.714842239903703103e-16 -8.585393045783468180e-02
1.157153294072240435e+01 -2.914335439641035919e-16 -8.514208671227677105e-02
1.167625269584206471e+01 -3.009745230819760309e-16 -8.444295240476810960e-02
1.178097245096172330e+01 -2.602085213965210642e-16 -8.375590353034666202e-02
1.188569220608138366e+01 -2.393918396847993790e-16 -8.308049370400925893e-02
1.199041196120104225e+01 -2.515349040166370287e-16 -8.241641455013370976e-02
1.209513171632070438e+01 -2.237793284010081152e-16 -8.176341612124506109e-02
1.219985147144036297e+01 -1.942890293094023946e-16 -8.112134608929383317e-02
1.230457122656002333e+01 -1.916869440954371839e-16 -8.048992001059544765e-02
1.240929098167968192e+01 -2.090341788552052549e-16 -7.986869353812187100e-02
1.251401073679934228e+01 -2.029626466892864300e-16 -7.925697545512067066e-02
1.261873049191900265e+01 -1.665334536937734811e-16 -7.865377392616423879e-02
1.272345024703866301e+01 -1.144917494144692682e-16 -7.805789421470403500e-02
1.282817000215832159e+01 -2.055647319032516407e-16 -7.746799190001367463e-02
1.293288975727798196e+01 -1.700029006457270953e-16 -7.688279490705868247e-02
1.303760951239764054e+01 -1.483188571960170066e-16 -7.630123944235314704e-02
1.314232926751730268e+01 -1.647987302177966740e-16 -7.572258422610615713e-02
1.324704902263696127e+01 -1.700029006457270953e-16 -7.514662259683060896e-02
1.335176877775662163e+01 -1.630640067418198669e-16 -7.457361014718885683e-02
1.345648853287628022e+01 -1.778091562876227272e-16 -7.400429372036194942e-02
1.356120828799594058e+01 -1.249000902703301108e-16 -7.343980295348756515e-02
1.366592804311559917e+01 -1.647987302177966740e-16 -7.288149886980974101e-02
1.377064779823526131e+01 -9.107298248878237246e-17 -7.233086582121221741e-02
1.387536755335491989e+01 -1.058181320345852328e-16 -7.178928396245565224e-02
1.398008730847457848e+01 -9.454242944073598665e-17 -7.125797645295647853e-02
1.408480706359423884e+01 -8.066464163292152989e-17 -7.073786639096540929e-02
1.418952681871389743e+01 -1.214306433183764966e-16 -7.022949861648844494e-02
1.429424657383355957e+01 -9.627715291671279374e-17 -6.973309209358388716e-02
1.439896632895321815e+01 -1.032160468206200221e-16 -6.924849090324516898e-02
1.450368608407287851e+01 -1.040834085586084257e-16 -6.877529405430182763e-02
1.460840583919253710e+01 -5.898059818321144121e-17 -6.831281708882842862e-02
1.471312559431219746e+01 -9.714451465470119729e-17 -6.786019543218237138e-02
1.481784534943185783e+01 -1.205632815803880931e-16 -6.741647539632251995e-02
1.492256510455151819e+01 -8.933825901280556536e-17 -6.698060422871293662e-02
1.502728485967117678e+01 -1.361757928641793569e-16 -6.655151739660092325e-02
1.513200461479083714e+01 -1.205632815803880931e-16 -6.612813565238931379e-02
1.523672436991049572e+01 -1.014813233446432150e-16 -6.570947781471479787e-02
1.534144412503015609e+01 -1.023486850826316186e-16 -6.529458855798157824e-02
1.544616388014981645e+01 -1.006139616066548115e-16 -6.488264305903647389e-02
1.555088363526947681e+01 -6.852157730108388023e-17 -6.447293359429151494e-02
1.565560339038913540e+01 -8.066464163292152989e-17 -6.406493212566306827e-02
1.576032314550879576e+01 -6.852157730108388023e-17 -6.365826095902675508e-02
1.586504290062845435e+01 -9.194034422677077600e-17 -6.325274584082674068e-02
1.596976265574811649e+01 -8.760353553682875827e-17 -6.284846601450740089e-02
1.607448241086777685e+01 -6.591949208711866959e-17 -6.244568799709063200e-02
1.617920216598743366e+01 -7.632783294297951215e-17 -6.204492732421715978e-02
1.628392192110709402e+01 -5.984795992119984476e-17 -6.164687267826905737e-02
1.638864167622675438e+01 -4.250072516143177381e-17 -6.125238774310224482e-02
1.649336143134641475e+01 -9.020562075079396891e-17 -6.086242549338907737e-02
1.659808118646607511e+01 -6.245004513516505540e-17 -6.047791553485745708e-02
1.670280094158573192e+01 -1.014813233446432150e-16 -6.009972529292732790e-02
1.680752069670539228e+01 -8.413408858487514408e-17 -5.972852695781505350e-02
1.691224045182505265e+01 -7.979727989493312634e-17 -5.936475786999474702e-02
1.701696020694471301e+01 -6.071532165918824830e-17 -5.900856762841812098e-02
1.712167996206437337e+01 -6.331740687315345895e-17 -5.865980180062496663e-02
1.722639971718403373e+01 -7.459310946700270506e-17 -5.831806311347409455e-02
1.733111947230369054e+01 -7.892991815694472280e-17 -5.798271597856231863e-02
1.743583922742335091e+01 -2.168404344971008868e-17 -5.765302952573866935e-02
1.754055898254301127e+01 -4.770489558936219510e-17 -5.732825164034077714e-02
1.764527873766267163e+01 -6.938893903907228378e-17 -5.700768011077142483e-02
1.774999849278232844e+01 -5.811323644522303766e-17 -5.669075719598126728e-02
1.785471824790198880e+01 -3.642919299551294898e-17 -5.637707499178466752e-02
1.795943800302165272e+01 -5.464378949326942347e-17 -5.606639536649779543e-02
1.806415775814131308e+01 -5.984795992119984476e-17 -5.575860491970815319e-02
1.816887751326096989e+01 -5.898059818321144121e-17 -5.545366395141570343e-02
1.827359726838063025e+01 -5.204170427930421283e-17 -5.515158491139066782e-02
1.837831702350029062e+01 -6.765421556309547668e-17 -5.485234382282307142e-02
1.848303677861995098e+01 -6.938893903907228378e-17 -5.455589927846671988e-02
1.858775653373960779e+01 -6.938893903907228378e-17 -5.426216972022916696e-02
1.869247628885926815e+01 -7.806255641895631925e-17 -5.397102836989555591e-02
1.879719604397892851e+01 -5.464378949326942347e-17 -5.368234951556048740e-02
