5.235987755982988295e-02 -8.066464163292152989e-17 -1.207255113523985957e+00
1.570796326794896558e-01 2.081668171172168513e-16 -8.195181807125366813e-01
2.617993877991494078e-01 1.474514954580286030e-16 -6.951991481275365814e-01
3.665191429188092154e-01 1.882174971434835697e-16 -6.077948418140763920e-01
4.712388980384689674e-01 5.551115123125782702e-17 -5.886688244902484879e-01
5.759586531581286639e-01 2.289834988289385365e-16 -5.589766859967943979e-01
6.806784082777885825e-01 -4.510281037539698445e-17 -5.570699937115581868e-01
7.853981633974481680e-01 7.112366251504909087e-17 -5.364535700758470416e-01
8.901179185171080865e-01 1.700029006457270953e-16 -5.122546839099263449e-01
9.948376736367677831e-01 1.734723475976807094e-16 -5.006925141843316940e-01
1.099557428756427591e+00 9.367506770274758310e-17 -4.819845142197048959e-01
1.204277183876087287e+00 7.979727989493312634e-17 -4.683841810391350946e-01
1.308996938995747206e+00 1.006139616066548115e-16 -4.574166224673621439e-01
1.413716694115406902e+00 6.765421556309547668e-17 -4.485856248459302309e-01
1.518436449235066821e+00 7.892991815694472280e-17 -4.338675238355546582e-01
1.623156204354726295e+00 5.724587470723463412e-17 -4.193693602888512451e-01
1.727875959474386214e+00 1.804112415015879378e-16 -4.057910043998697036e-01
1.832595714594045910e+00 2.220446049250313081e-16 -3.921272458100292790e-01
1.937315469713705829e+00 2.168404344971008868e-16 -3.784188051784639351e-01
2.042035224833365525e+00 1.058181320345852328e-16 -3.685908970883413627e-01
2.146754979953025000e+00 9.974659986866640793e-17 -3.558367991934874297e-01
2.251474735072684918e+00 1.040834085586084257e-16 -3.502821740009990914e-01
2.356194490192344837e+00 3.122502256758252770e-17 -3.407110339674785937e-01
2.460914245312004756e+00 1.856154119295183591e-16 -3.303247407990581586e-01
2.565634000431664230e+00 -8.500145032286354763e-17 -3.184987257912078595e-01
2.670353755551324149e+00 5.204170427930421283e-18 -3.138993228051196738e-01
2.775073510670984067e+00 7.632783294297951215e-17 -3.003209158867591322e-01
2.879793265790643986e+00 2.393918396847993790e-16 -2.956339394658677455e-01
2.984513020910303460e+00 1.769417945496343236e-16 -2.900988611781232240e-01
3.089232776029963379e+00 1.335737076502141463e-16 -2.812491621210756465e-01
3.193952531149622853e+00 -8.673617379884035472e-17 -2.732721154894920956e-01
3.298672286269282772e+00 1.040834085586084257e-17 -2.660988609129990023e-01
3.403392041388942246e+00 2.775557561562891351e-17 -2.599019337085464731e-01
3.508111796508602165e+00 5.030698080332740574e-17 -2.535712779493853875e-01
3.612831551628262083e+00 1.301042606982605321e-16 -2.481172971085791601e-01
3.717551306747922002e+00 4.093947403305264743e-16 -2.437866965773826666e-01
3.822271061867581476e+00 -1.838806884535415520e-16 -2.375757539266635243e-01
3.926990816987241395e+00 -7.025630077706068732e-17 -2.326875706293794199e-01
4.031710572106900869e+00 2.792904796322659422e-16 -2.267340873313668237e-01
4.136430327226561232e+00 3.330669073875469621e-16 -2.235631466960776026e-01
4.241150082346220707e+00 3.417405247674309976e-16 -2.162620395292123299e-01
4.345869837465881069e+00 2.844946500601963635e-16 -2.132304040352632490e-01
4.450589592585540544e+00 3.165870343657672947e-16 -2.099137194917708449e-01
4.555309347705200018e+00 2.133709875451472726e-16 -2.043897515529930486e-01
4.660029102824860381e+00 1.951563910473907981e-16 -1.999330866985904454e-01
4.764748857944519855e+00 2.792904796322659422e-16 -1.963712383571976083e-01
4.869468613064179330e+00 3.729655473350135253e-16 -1.923814176665158138e-01
4.974188368183839692e+00 4.250072516143177381e-17 -1.904277241931447984e-01
5.078908123303498279e+00 5.030698080332740574e-16 -1.858919311695458876e-01
5.183627878423158641e+00 4.597017211338538800e-16 -1.826810073405901735e-01
5.288347633542818116e+00 2.688821387764050996e-16 -1.787220789894422568e-01
5.393067388662477590e+00 1.370431546021677605e-16 -1.760117601779208063e-01
5.497787143782137953e+00 1.561251128379126385e-16 -1.730257128994531213e-01
5.602506898901797427e+00 2.307182223049153436e-16 -1.712007321746597532e-01
5.707226654021456902e+00 -2.949029909160572061e-17 -1.676742729077079774e-01
5.811946409141117265e+00 2.515349040166370287e-16 -1.652680716667592753e-01
5.916666164260776739e+00 1.977584762613560088e-16 -1.620495204924348731e-01
6.021385919380437102e+00 8.760353553682875827e-17 -1.593562343416974891e-01
6.126105674500096576e+00 1.543903893619358314e-16 -1.568260971243583546e-01
6.230825429619756051e+00 3.191891195797325054e-16 -1.543686581532916213e-01
6.335545184739416413e+00 -3.469446951953614189e-17 -1.519486775597243267e-01
6.440264939859075888e+00 1.231653667943533037e-16 -1.498742338727053480e-01
6.544984694978735362e+00 1.040834085586084257e-17 -1.473361837835733268e-01
6.649704450098395725e+00 -5.551115123125782702e-17 -1.453179807798024026e-01
6.754424205218055199e+00 1.500535806719938137e-16 -1.436904134256842824e-01
6.859143960337715562e+00 2.064320936412400442e-16 -1.414290720668067713e-01
6.963863715457375037e+00 1.110223024625156540e-16 -1.397628473191261378e-01
7.068583470577034511e+00 5.204170427930421283e-17 -1.371395599055908465e-01
7.173303225696694874e+00 8.673617379884035472e-17 -1.355937097477048769e-01
7.278022980816354348e+00 -1.075528555105620399e-16 -1.339582586081965176e-01
7.382742735936013823e+00 -9.887923813067800438e-17 -1.317872307638057183e-01
7.487462491055674185e+00 4.250072516143177381e-16 -1.301646393514756805e-01
7.592182246175332772e+00 -2.602085213965210642e-17 -1.283246311598835177e-01
7.696902001294993134e+00 -2.775557561562891351e-17 -1.267755498659065838e-01
7.801621756414652609e+00 1.379105163401561640e-16 -1.256583225779481228e-01
7.906341511534312083e+00 1.994931997373328159e-16 -1.229436416244164970e-01
8.011061266653973334e+00 6.591949208711866959e-17 -1.220450862686101035e-01
8.115781021773631920e+00 1.847480501915299556e-16 -1.208792382696090018e-01
8.220500776893292283e+00 -1.179611963664228824e-16 -1.194316150602806326e-01
8.325220532012952646e+00 -1.621966450038314633e-16 -1.179886855041040045e-01
8.429940287132611232e+00 -1.144917494144692682e-16 -1.166032076654793109e-01
8.534660042252271595e+00 6.938893903907228378e-17 -1.150362370201581663e-01
8.639379797371930181e+00 6.158268339717665185e-16 -1.136711656684143840e-01
8.744099552491592320e+00 4.475586568020162304e-16 -1.122619743667052084e-01
8.848819307611250906e+00 1.734723475976807094e-17 -1.111308389492107612e-01
8.953539062730909492e+00 4.432218481120742126e-16 -1.099468908247477894e-01
9.058258817850569855e+00 5.056718932472392680e-16 -1.087428933416657306e-01
9.162978572970228441e+00 2.818925648462311528e-16 -1.075719958277004951e-01
9.267698328089890580e+00 2.246466901389965187e-16 -1.064992477977659696e-01
9.372418083209549167e+00 -2.116362640691704655e-16 -1.050749974183808888e-01
9.477137838329209529e+00 6.505213034913026604e-17 -1.044756884551041320e-01
9.581857593448868116e+00 3.642919299551294898e-17 -1.032504932314954604e-01
9.686577348568528478e+00 -8.500145032286354763e-17 -1.023246007640386257e-01
9.791297103688188841e+00 -1.075528555105620399e-16 -1.008630874825334062e-01
9.896016858807849204e+00 -2.029626466892864300e-16 -9.976616004048423358e-02
1.000073661392750779e+01 -5.872038966181492015e-16 -9.894758901438960308e-02
1.010545636904716815e+01 2.810252031082427493e-16 -9.739504118156815105e-02
1.021017612416682674e+01 1.266348137463069179e-16 -9.730922096254839004e-02
1.031489587928648710e+01 8.500145032286354763e-17 -9.612815450671453876e-02
1.041961563440614746e+01 7.112366251504909087e-17 -9.515603006698378219e-02
1.052433538952580783e+01 -8.847089727481716182e-17 -9.408167498212145763e-02
1.062905514464546641e+01 -2.168404344971008868e-16 -9.315962955162092329e-02
1.073377489976512678e+01 -2.558717127065790464e-16 -9.224091771755892066e-02
1.083849465488478536e+01 -2.012279232133096230e-16 -9.144968306478254427e-02
1.094321441000444750e+01 -1.439820485060749888e-16 -9.065749099740783024e-02
1.104793416512410609e+01 -2.636779683484746784e-16 -8.971146778752565887e-02
1.115265392024376645e+01 -3.321995456495585586e-16 -8.903326750723128402e-02
1.125737367536342504e+01 9.540979117872439019e-18 -8.811435606171895418e-02
1.136209343048308362e+01 -4.753142324176451439e-16 -8.740659616020762801e-02
1.146681318560274576e+01 -2.246466901389965187e-16 -8.669594396167430717e-02
1.157153294072240435e+01 -2.116362640691704655e-16 -8.578533048537925754e-02
1.167625269584206471e+01 -3.851086116668511750e-16 -8.498914337597843205e-02
1.178097245096172330e+01 -2.393918396847993790e-16 -8.427005340792831367e-02
1.188569220608138366e+01 -3.495467804093266295e-16 -8.352667779328203090e-02
1.199041196120104225e+01 -1.769417945496343236e-16 -8.282014209322473286e-02
1.209513171632070438e+01 -1.647987302177966740e-16 -8.220092019186882315e-02
1.219985147144036297e+01 -6.938893903907228378e-18 -8.159937568110253725e-02
1.230457122656002333e+01 -5.724587470723463412e-17 -8.091199555467903926e-02
1.240929098167968192e+01 -1.214306433183764966e-17 -8.036996607631594070e-02
1.251401073679934228e+01 1.899522206194603768e-16 -7.930490029373957195e-02
1.261873049191900265e+01 2.445960101127298003e-16 -7.896890989214480627e-02
1.272345024703866301e+01 -8.326672684688674053e-17 -7.841709691825843320e-02
1.282817000215832159e+01 -1.873501354054951662e-16 -7.781194184515234646e-02
1.293288975727798196e+01 -1.517883041479706208e-16 -7.687856346663533846e-02
1.303760951239764054e+01 -5.290906601729261638e-17 -7.643461948854327059e-02
1.314232926751730268e+01 -1.968911145233676052e-16 -7.574821042405577298e-02
1.324704902263696127e+01 -1.786765180256111307e-16 -7.529705606763788250e-02
1.335176877775662163e+01 -2.133709875451472726e-16 -7.471011764555694767e-02
1.345648853287628022e+01 -1.856154119295183591e-16 -7.417302259792929453e-02
1.356120828799594058e+01 -1.396452398161329711e-16 -7.371356121240706105e-02
1.366592804311559917e+01 4.250072516143177381e-17 -7.326486373309684663e-02
1.377064779823526131e+01 -7.112366251504909087e-17 -7.247579961349778777e-02
1.387536755335491989e+01 -1.136243876764808647e-16 -7.207666007113697204e-02
1.398008730847457848e+01 -1.587271980518778491e-16 -7.135798029248756336e-02
1.408480706359423884e+01 -2.090341788552052549e-16 -7.097559174902853818e-02
1.418952681871389743e+01 -4.683753385137379155e-17 -7.051616303903902871e-02
1.429424657383355957e+01 -1.734723475976807094e-17 -6.975878776895763633e-02
1.439896632895321815e+01 -7.025630077706068732e-17 -6.939627985102236885e-02
1.450368608407287851e+01 -6.938893903907228378e-17 -6.898301926113284410e-02
1.460840583919253710e+01 -2.602085213965210642e-17 -6.836623952801913762e-02
1.471312559431219746e+01 -1.049507702965968292e-16 -6.789470416614942772e-02
1.481784534943185783e+01 -1.196959198423996895e-16 -6.750181620299008922e-02
1.492256510455151819e+01 -1.726049858596923059e-16 -6.695989972402605073e-02
1.502728485967117678e+01 -1.647987302177966740e-16 -6.652381277751641397e-02
1.513200461479083714e+01 -1.873501354054951662e-16 -6.615500602227414317e-02
1.523672436991049572e+01 -1.873501354054951662e-16 -6.572873903256247485e-02
1.534144412503015609e+01 -1.222980050563649002e-16 -6.521566814052050243e-02
1.544616388014981645e+01 -9.974659986866640793e-17 -6.485152176000491542e-02
1.555088363526947681e+01 -4.423544863740858091e-17 -6.442653466243890292e-02
1.565560339038913540e+01 -7.372574772901430151e-17 -6.389122150050159654e-02
1.576032314550879576e+01 -8.153200337090993344e-17 -6.353859365922261138e-02
1.586504290062845435e+01 2.255140518769849223e-17 -6.323241175330819586e-02
1.596976265574811649e+01 -3.729655473350135253e-17 -6.263118577003592979e-02
1.607448241086777685e+01 -1.465841337200401995e-16 -6.227127935929465535e-02
1.617920216598743366e+01 -9.280770596475917955e-17 -6.197366802513924744e-02
1.628392192110709402e+01 -8.500145032286354763e-17 -6.144985160868975810e-02
1.638864167622675438e+01 -1.301042606982605321e-17 -6.115601791377467400e-02
1.649336143134641475e+01 5.724587470723463412e-17 -6.061618265367872682e-02
1.659808118646607511e+01 -9.107298248878237246e-17 -6.030774160076351337e-02
1.670280094158573192e+01 -7.979727989493312634e-17 -5.999832351260202951e-02
1.680752069670539228e+01 -9.367506770274758310e-17 -5.964910704057355129e-02
1.691224045182505265e+01 -1.170938346284344789e-16 -5.928014147332869022e-02
1.701696020694471301e+01 -9.454242944073598665e-17 -5.899455562182293056e-02
1.712167996206437337e+01 -1.908195823574487804e-17 -5.858962392376715345e-02
1.722639971718403373e+01 -7.719519468096791570e-17 -5.832009837791905793e-02
1.733111947230369054e+01 -1.032160468206200221e-16 -5.781363234169565463e-02
1.743583922742335091e+01 -1.647987302177966740e-17 -5.748226437079909795e-02
1.754055898254301127e+01 1.483188571960170066e-16 -5.718357328046749788e-02
1.764527873766267163e+01 9.280770596475917955e-17 -5.698617279008169612e-02
1.774999849278232844e+01 -1.734723475976807094e-18 -5.647597654906179321e-02
1.785471824790198880e+01 6.938893903907228378e-18 -5.620223478897522218e-02
1.795943800302165272e+01 3.035766082959412415e-17 -5.587508815512391008e-02
1.806415775814131308e+01 -5.637851296924623057e-17 -5.558960255149555940e-02
1.816887751326096989e+01 -5.637851296924623057e-17 -5.530297547695550708e-02
1.827359726838063025e+01 -9.801187639268960083e-17 -5.499075901362210361e-02
1.837831702350029062e+01 -7.199102425303749442e-17 -5.467354811221683542e-02
1.848303677861995098e+01 -1.066854937725736363e-16 -5.437255280811647412e-02
1.858775653373960779e+01 -3.382710778154773834e-17 -5.405376683574674573e-02
1.869247628885926815e+01 -4.770489558936219510e-17 -5.370785799439050517e-02
1.879719604397892851e+01 -1.509209424099822172e-16 -5.343284417834967548e-02
