5.235987755982988295e-02 1.882174971434835697e-16 -1.238710344283354914e+00
1.570796326794896558e-01 2.628106066104862748e-16 -8.892832221713736773e-01
2.617993877991494078e-01 4.241398898763293346e-16 -7.070312608230617801e-01
3.665191429188092154e-01 3.851086116668511750e-16 -6.278917116742698257e-01
4.712388980384689674e-01 1.899522206194603768e-16 -5.850334465487443403e-01
5.759586531581286639e-01 1.942890293094023946e-16 -5.680014270623735539e-01
6.806784082777885825e-01 1.465841337200401995e-16 -5.478333916883174615e-01
7.853981633974481680e-01 7.372574772901430151e-17 -5.440497938460164828e-01
8.901179185171080865e-01 1.049507702965968292e-16 -5.206480223876204239e-01
9.948376736367677831e-01 1.084202172485504434e-16 -5.158426425194796439e-01
1.099557428756427591e+00 7.285838599102589797e-17 -4.961157811318091526e-01
1.204277183876087287e+00 4.423544863740858091e-17 -4.729981562499475656e-01
1.308996938995747206e+00 7.025630077706068732e-17 -4.568689587571677091e-01
1.413716694115406902e+00 1.127570259384924611e-17 -4.438421645026985329e-01
1.518436449235066821e+00 8.413408858487514408e-17 -4.300503358976944246e-01
1.623156204354726295e+00 3.729655473350135253e-17 -4.156110723175181487e-01
1.727875959474386214e+00 8.760353553682875827e-17 -4.065493958573431765e-01
1.832595714594045910e+00 1.916869440954371839e-16 -3.923811420887828860e-01
1.937315469713705829e+00 7.892991815694472280e-17 -3.877501995869692686e-01
2.042035224833365525e+00 1.257674520083185143e-16 -3.694496910626480224e-01
2.146754979953025000e+00 3.209238430557093125e-17 -3.610254445673164447e-01
2.251474735072684918e+00 1.934216675714139910e-16 -3.474619344971858759e-01
2.356194490192344837e+00 1.778091562876227272e-16 -3.425544789421554048e-01
2.460914245312004756e+00 1.153591111524576718e-16 -3.320242368383820031e-01
2.565634000431664230e+00 4.943961906533900219e-17 -3.206148651597993116e-01
2.670353755551324149e+00 -4.336808689942017736e-18 -3.128822279711325205e-01
2.775073510670984067e+00 1.205632815803880931e-16 -3.042210615802047324e-01
2.879793265790643986e+00 2.020952849512980265e-16 -2.987156063555266305e-01
2.984513020910303460e+00 5.464378949326942347e-17 -2.893276723109943216e-01
3.089232776029963379e+00 1.439820485060749888e-16 -2.831310043395557918e-01
3.193952531149622853e+00 7.632783294297951215e-17 -2.747286955249600426e-01
3.298672286269282772e+00 3.382710778154773834e-17 -2.674304715224615769e-01
3.403392041388942246e+00 1.812786032395763414e-16 -2.593699858656572377e-01
3.508111796508602165e+00 1.509209424099822172e-16 -2.547500604452103690e-01
3.612831551628262083e+00 2.255140518769849223e-16 -2.485204206297566831e-01
3.717551306747922002e+00 5.325601071248797780e-16 -2.428098802987454508e-01
3.822271061867581476e+00 -3.209238430557093125e-16 -2.378844886523570623e-01
3.926990816987241395e+00 1.674008154317618846e-16 -2.322894803005669251e-01
4.031710572106900869e+00 4.926614671774132148e-16 -2.273875242603712044e-01
4.136430327226561232e+00 4.154662724964452991e-16 -2.224741883739834170e-01
4.241150082346220707e+00 2.168404344971008868e-16 -2.160939409856179050e-01
4.345869837465881069e+00 4.518954654919582481e-16 -2.126945436974441717e-01
4.450589592585540544e+00 3.027092465579528380e-16 -2.084535633796372189e-01
4.555309347705200018e+00 1.292368989602721285e-16 -2.048809634063281371e-01
4.660029102824860381e+00 2.524022657546254322e-16 -2.003318769219282203e-01
4.764748857944519855e+00 2.072994553792284478e-16 -1.974528909654099662e-01
4.869468613064179330e+00 3.408731630294425941e-16 -1.936507635546587391e-01
4.974188368183839692e+00 2.766883944183007316e-16 -1.892293882897355395e-01
5.078908123303498279e+00 2.255140518769849223e-16 -1.859800764187169164e-01
5.183627878423158641e+00 3.842412499288627714e-16 -1.825481220414344741e-01
5.288347633542818116e+00 3.148523108897904876e-16 -1.800216931943894871e-01
5.393067388662477590e+00 5.811323644522303766e-17 -1.765373435299236737e-01
5.497787143782137953e+00 1.084202172485504434e-16 -1.735376431005888898e-01
5.602506898901797427e+00 2.385244779468109755e-16 -1.709167022637668731e-01
5.707226654021456902e+00 4.770489558936219510e-17 -1.670846151036841365e-01
5.811946409141117265e+00 2.246466901389965187e-16 -1.643544397333085438e-01
5.916666164260776739e+00 2.801578413702543457e-16 -1.616442641342624165e-01
6.021385919380437102e+00 4.943961906533900219e-17 -1.588185641539110460e-01
6.126105674500096576e+00 2.116362640691704655e-16 -1.574964926953486277e-01
6.230825429619756051e+00 4.761815941556335474e-16 -1.538992504491653590e-01
6.335545184739416413e+00 -4.597017211338538800e-17 -1.521917226295572134e-01
6.440264939859075888e+00 -6.071532165918824830e-18 -1.501032170294601953e-01
6.544984694978735362e+00 2.029626466892864300e-16 -1.476009966172142085e-01
6.649704450098395725e+00 -3.729655473350135253e-17 -1.454317613287508804e-01
6.754424205218055199e+00 9.801187639268960083e-17 -1.429073357997876215e-01
6.859143960337715562e+00 9.454242944073598665e-17 -1.416644058931658956e-01
6.963863715457375037e+00 9.280770596475917955e-17 -1.392686728159989451e-01
7.068583470577034511e+00 -3.035766082959412415e-17 -1.374894684514034737e-01
7.173303225696694874e+00 1.032160468206200221e-16 -1.354600764469981455e-01
7.278022980816354348e+00 2.471980953266950110e-16 -1.336831126359590838e-01
7.382742735936013823e+00 4.510281037539698445e-17 -1.316319424292444196e-01
7.487462491055674185e+00 5.473052566706826383e-16 -1.298291909924623455e-01
7.592182246175332772e+00 -8.413408858487514408e-17 -1.284533833725762242e-01
7.696902001294993134e+00 8.760353553682875827e-17 -1.270278554551551309e-01
7.801621756414652609e+00 3.582203977892106650e-16 -1.251443259718569845e-01
7.906341511534312083e+00 2.298508605669269400e-16 -1.232737054421470663e-01
8.011061266653973334e+00 1.552577510999242349e-16 -1.220230085077203541e-01
8.115781021773631920e+00 -6.245004513516505540e-17 -1.203418966117626998e-01
8.220500776893292283e+00 9.627715291671279374e-17 -1.193558016828401569e-01
8.325220532012952646e+00 -1.309716224362489356e-16 -1.181611538070466011e-01
8.429940287132611232e+00 1.647987302177966740e-17 -1.167300190051857867e-01
8.534660042252271595e+00 1.500535806719938137e-16 -1.149297185797227561e-01
8.639379797371930181e+00 7.485331798839922612e-16 -1.137303647307466303e-01
8.744099552491592320e+00 2.055647319032516407e-16 -1.127503336939224970e-01
8.848819307611250906e+00 2.003605614753212194e-16 -1.115163795710555628e-01
8.953539062730909492e+00 4.380176776841437913e-16 -1.103216770791130841e-01
9.058258817850569855e+00 3.651592916931178934e-16 -1.084505609901654510e-01
9.162978572970228441e+00 2.706168622523819067e-16 -1.074364569662493579e-01
9.267698328089890580e+00 1.396452398161329711e-16 -1.065040352088294506e-01
9.372418083209549167e+00 1.301042606982605321e-16 -1.053533729430725097e-01
9.477137838329209529e+00 1.049507702965968292e-16 -1.039403947951196144e-01
9.581857593448868116e+00 9.107298248878237246e-17 -1.033529857628758680e-01
9.686577348568528478e+00 -4.683753385137379155e-17 -1.021396631042583991e-01
9.791297103688188841e+00 -2.602085213965210642e-18 -1.011600579245425791e-01
9.896016858807849204e+00 -2.246466901389965187e-16 -9.989902127959812694e-02
1.000073661392750779e+01 -3.304648221735817515e-16 -9.865160459001021120e-02
1.010545636904716815e+01 2.411265631607761861e-16 -9.771833617192884902e-02
1.021017612416682674e+01 2.246466901389965187e-16 -9.720402359236027245e-02
1.031489587928648710e+01 3.729655473350135253e-17 -9.607780664426232575e-02
1.041961563440614746e+01 6.591949208711866959e-17 -9.475507312766108525e-02
1.052433538952580783e+01 7.806255641895631925e-18 -9.397069569219020091e-02
1.062905514464546641e+01 -2.393918396847993790e-16 -9.326770284916376108e-02
1.073377489976512678e+01 -1.830133267155531485e-16 -9.232650788549542908e-02
1.083849465488478536e+01 -2.272487753529617294e-16 -9.125898643646340735e-02
1.094321441000444750e+01 -2.671474153004282925e-16 -9.012115095385617169e-02
1.104793416512410609e+01 -2.602085213965210642e-16 -8.957564205821376413e-02
1.115265392024376645e+01 -2.914335439641035919e-16 -8.923888405049786032e-02
1.125737367536342504e+01 -1.283695372222837250e-16 -8.824833904083745351e-02
1.136209343048308362e+01 -1.361757928641793569e-16 -8.702619844588814491e-02
1.146681318560274576e+01 -2.524022657546254322e-16 -8.636020612574409061e-02
1.157153294072240435e+01 -2.550043509685906429e-16 -8.554358967700140259e-02
1.167625269584206471e+01 -3.148523108897904876e-16 -8.512557772479852070e-02
1.178097245096172330e+01 -1.960237527853792017e-16 -8.422720248308290802e-02
1.188569220608138366e+01 -1.431146867680865853e-16 -8.371550975561413421e-02
1.199041196120104225e+01 -2.090341788552052549e-16 -8.293183034075995996e-02
1.209513171632070438e+01 -1.595945597898662527e-16 -8.221006141604160489e-02
1.219985147144036297e+01 -4.423544863740858091e-17 -8.167725958810533038e-02
1.230457122656002333e+01 -1.032160468206200221e-16 -8.091579098605408693e-02
1.240929098167968192e+01 -9.194034422677077600e-17 -8.031409085749360854e-02
1.251401073679934228e+01 2.680147770384166961e-16 -7.953186816417719129e-02
1.261873049191900265e+01 1.509209424099822172e-16 -7.910118360155188322e-02
1.272345024703866301e+01 5.811323644522303766e-17 -7.817952614620818363e-02
1.282817000215832159e+01 -3.191891195797325054e-16 -7.756884282026166311e-02
1.293288975727798196e+01 -1.335737076502141463e-16 -7.708977870014102618e-02
1.303760951239764054e+01 5.811323644522303766e-17 -7.628938879139239571e-02
1.314232926751730268e+01 -1.630640067418198669e-16 -7.553100346049869407e-02
1.324704902263696127e+01 -2.229119666630197116e-16 -7.518402781642713473e-02
1.335176877775662163e+01 -5.984795992119984476e-17 -7.471447343674787744e-02
1.345648853287628022e+01 -1.838806884535415520e-16 -7.411433422342804389e-02
1.356120828799594058e+01 -1.309716224362489356e-16 -7.372474606633008798e-02
1.366592804311559917e+01 -9.974659986866640793e-17 -7.306737574148086667e-02
1.377064779823526131e+01 -1.301042606982605321e-16 -7.238596326391166791e-02
1.387536755335491989e+01 2.255140518769849223e-17 -7.180598495458342945e-02
1.398008730847457848e+01 -1.621966450038314633e-16 -7.151383994980549386e-02
1.408480706359423884e+01 -1.231653667943533037e-16 -7.088269905660798953e-02
1.418952681871389743e+01 -1.196959198423996895e-16 -7.044728199694558213e-02
1.429424657383355957e+01 8.673617379884035472e-19 -7.000613288610424423e-02
1.439896632895321815e+01 -6.591949208711866959e-17 -6.936002996138793120e-02
1.450368608407287851e+01 -1.821459649775647449e-17 -6.898980647715104164e-02
1.460840583919253710e+01 -3.122502256758252770e-17 -6.838458183793583167e-02
1.471312559431219746e+01 -8.586881206085195117e-17 -6.796362927689163225e-02
1.481784534943185783e+01 -1.092875789865388469e-16 -6.745990076246502487e-02
1.492256510455151819e+01 -6.505213034913026604e-17 -6.707218270671699845e-02
1.502728485967117678e+01 -6.591949208711866959e-17 -6.658868994583043432e-02
1.513200461479083714e+01 -1.032160468206200221e-16 -6.609128713323837723e-02
1.523672436991049572e+01 -7.285838599102589797e-17 -6.562190991343613833e-02
1.534144412503015609e+01 -1.292368989602721285e-16 -6.525442430693167983e-02
1.544616388014981645e+01 -6.071532165918824830e-17 -6.479019107331121519e-02
1.555088363526947681e+01 -6.245004513516505540e-17 -6.441079409836825143e-02
1.565560339038913540e+01 -4.423544863740858091e-17 -6.388539240736075542e-02
1.576032314550879576e+01 -9.194034422677077600e-17 -6.356780668102293697e-02
1.586504290062845435e+01 -1.821459649775647449e-17 -6.303896533076289166e-02
1.596976265574811649e+01 -8.153200337090993344e-17 -6.268338701423284420e-02
1.607448241086777685e+01 -1.049507702965968292e-16 -6.233931677463032395e-02
1.617920216598743366e+01 -1.066854937725736363e-16 -6.186327366739810540e-02
1.628392192110709402e+01 2.428612866367529932e-17 -6.163529257600371125e-02
1.638864167622675438e+01 -7.372574772901430151e-17 -6.121561617076123202e-02
1.649336143134641475e+01 -1.474514954580286030e-17 -6.074306557833752951e-02
1.659808118646607511e+01 -1.058181320345852328e-16 -6.030086724354810634e-02
1.670280094158573192e+01 -1.144917494144692682e-16 -6.003345331598185924e-02
1.680752069670539228e+01 6.938893903907228378e-18 -5.964665051886712532e-02
1.691224045182505265e+01 -1.066854937725736363e-16 -5.934384167028121382e-02
1.701696020694471301e+01 -7.112366251504909087e-17 -5.911253580633707427e-02
1.712167996206437337e+01 4.076600168545496672e-17 -5.866591539189695143e-02
1.722639971718403373e+01 -6.678685382510707313e-17 -5.821285703339965090e-02
1.733111947230369054e+01 -1.231653667943533037e-16 -5.793302512460922482e-02
1.743583922742335091e+01 4.683753385137379155e-17 -5.759512859053004391e-02
1.754055898254301127e+01 9.801187639268960083e-17 -5.712290091346473864e-02
1.764527873766267163e+01 1.405126015541213746e-16 -5.688573716595029389e-02
1.774999849278232844e+01 1.647987302177966740e-17 -5.649979968866472579e-02
1.785471824790198880e+01 -1.994931997373328159e-17 -5.620070734854047678e-02
1.795943800302165272e+01 2.775557561562891351e-17 -5.584393239821393989e-02
1.806415775814131308e+01 -2.515349040166370287e-17 -5.558591606811048857e-02
1.816887751326096989e+01 -5.637851296924623057e-17 -5.526135668207769747e-02
1.827359726838063025e+01 8.673617379884035472e-18 -5.492275389621523868e-02
1.837831702350029062e+01 -3.556183125752454544e-17 -5.468841413852532779e-02
1.848303677861995098e+01 -4.163336342344337027e-17 -5.432665609766933190e-02
1.858775653373960779e+01 -2.515349040166370287e-17 -5.413208031748464877e-02
1.869247628885926815e+01 -2.862293735361731706e-17 -5.381280082505212475e-02
1.879719604397892851e+01 -2.602085213965210642e-18 -5.354757076368081570e-02
