5.235987755982988295e-02 -2.593411596585326606e-16 -1.233411772484606761e+00
1.570796326794896558e-01 -5.377642775528101993e-17 -8.524078614960222122e-01
2.617993877991494078e-01 -1.387778780781445676e-17 -6.828799716094197114e-01
3.665191429188092154e-01 -6.591949208711866959e-17 -6.082941396127671263e-01
4.712388980384689674e-01 -1.014813233446432150e-16 -5.842710566418769513e-01
5.759586531581286639e-01 -5.984795992119984476e-17 -5.633919742086861415e-01
6.806784082777885825e-01 8.673617379884035472e-18 -5.408936559363252128e-01
7.853981633974481680e-01 -9.454242944073598665e-17 -5.322137469695867873e-01
8.901179185171080865e-01 -3.556183125752454544e-17 -5.150101726122006118e-01
9.948376736367677831e-01 2.775557561562891351e-17 -5.049366879217558335e-01
1.099557428756427591e+00 4.683753385137379155e-17 -4.856051524434681910e-01
1.204277183876087287e+00 7.806255641895631925e-17 -4.780611163309440581e-01
1.308996938995747206e+00 1.266348137463069179e-16 -4.578549466957017033e-01
1.413716694115406902e+00 8.673617379884035472e-18 -4.460048448099610541e-01
1.518436449235066821e+00 5.204170427930421283e-17 -4.332164553582866229e-01
1.623156204354726295e+00 -7.719519468096791570e-17 -4.213620666744390397e-01
1.727875959474386214e+00 -5.030698080332740574e-17 -4.111740444725745514e-01
1.832595714594045910e+00 1.752070710736575165e-16 -3.960317866290046784e-01
1.937315469713705829e+00 3.295974604355933479e-17 -3.851730661174551096e-01
2.042035224833365525e+00 -6.071532165918824830e-18 -3.728270589672724733e-01
2.146754979953025000e+00 6.071532165918824830e-18 -3.631255977210166574e-01
2.251474735072684918e+00 -7.285838599102589797e-17 -3.512185529106842674e-01
2.356194490192344837e+00 8.153200337090993344e-17 -3.393061629270235913e-01
2.460914245312004756e+00 -9.627715291671279374e-17 -3.314491015914522443e-01
2.565634000431664230e+00 7.806255641895631925e-18 -3.180324479670319504e-01
2.670353755551324149e+00 -7.979727989493312634e-17 -3.109609194869280557e-01
2.775073510670984067e+00 7.112366251504909087e-17 -3.053051622849607405e-01
2.879793265790643986e+00 1.734723475976807094e-17 -2.959792825447764564e-01
2.984513020910303460e+00 1.006139616066548115e-16 -2.875865144908371640e-01
3.089232776029963379e+00 4.857225732735059864e-17 -2.781415714483393420e-01
3.193952531149622853e+00 -1.023486850826316186e-16 -2.738959704588890820e-01
3.298672286269282772e+00 -2.688821387764050996e-17 -2.656928306458511968e-01
3.403392041388942246e+00 -4.943961906533900219e-17 -2.568413912221892970e-01
3.508111796508602165e+00 -6.591949208711866959e-17 -2.522179883662374889e-01
3.612831551628262083e+00 5.204170427930421283e-18 -2.470229181399100915e-01
3.717551306747922002e+00 -1.353084311261909534e-16 -2.398320211092079268e-01
3.822271061867581476e+00 1.222980050563649002e-16 -2.338568990797426639e-01
3.926990816987241395e+00 1.023486850826316186e-16 -2.298312952117781971e-01
4.031710572106900869e+00 2.341876692568689577e-16 -2.245044176952286086e-01
4.136430327226561232e+00 1.821459649775647449e-16 -2.178594485508852929e-01
4.241150082346220707e+00 2.315855840429037471e-16 -2.138254801814609696e-01
4.345869837465881069e+00 2.853620117981847670e-16 -2.111029839125225793e-01
4.450589592585540544e+00 2.133709875451472726e-16 -2.058763782785046348e-01
4.555309347705200018e+00 1.283695372222837250e-16 -2.020306148837854310e-01
4.660029102824860381e+00 6.245004513516505540e-17 -1.979213818047100559e-01
4.764748857944519855e+00 5.984795992119984476e-17 -1.940197179196992139e-01
4.869468613064179330e+00 1.335737076502141463e-16 -1.909567798707555442e-01
4.974188368183839692e+00 -9.627715291671279374e-17 -1.879760604339762164e-01
5.078908123303498279e+00 4.735795089416683368e-16 -1.848394357799025556e-01
5.183627878423158641e+00 4.597017211338538800e-16 -1.806567941700525370e-01
5.288347633542818116e+00 1.925543058334255875e-16 -1.769314290153732872e-01
5.393067388662477590e+00 9.194034422677077600e-17 -1.750333288838014090e-01
5.497787143782137953e+00 1.734723475976807094e-16 -1.725321944094895810e-01
5.602506898901797427e+00 1.552577510999242349e-16 -1.691033193181819549e-01
5.707226654021456902e+00 4.597017211338538800e-17 -1.667436180764119702e-01
5.811946409141117265e+00 2.255140518769849223e-17 -1.636441797309167168e-01
5.916666164260776739e+00 2.393918396847993790e-16 -1.610976809817934452e-01
6.021385919380437102e+00 6.938893903907228378e-18 -1.595942539932592719e-01
6.126105674500096576e+00 -9.367506770274758310e-17 -1.570746650127200494e-01
6.230825429619756051e+00 1.162264728904460753e-16 -1.542433968237127973e-01
6.335545184739416413e+00 3.642919299551294898e-17 -1.519073822864143719e-01
6.440264939859075888e+00 1.023486850826316186e-16 -1.495439851542309517e-01
6.544984694978735362e+00 1.266348137463069179e-16 -1.477717705518327429e-01
6.649704450098395725e+00 -2.151057110211240797e-16 -1.455682862454475424e-01
6.754424205218055199e+00 8.673617379884035472e-18 -1.436391479048004793e-01
6.859143960337715562e+00 7.459310946700270506e-17 -1.413833015515595648e-01
6.963863715457375037e+00 -1.127570259384924611e-16 -1.385932699114652833e-01
7.068583470577034511e+00 -3.469446951953614189e-17 -1.375328492129894997e-01
7.173303225696694874e+00 -2.125036258071588691e-16 -1.359079516007129784e-01
7.278022980816354348e+00 -1.890848588814719733e-16 -1.339783332903350666e-01
7.382742735936013823e+00 -8.326672684688674053e-17 -1.321201711104348642e-01
7.487462491055674185e+00 3.642919299551294898e-16 -1.304724614995739496e-01
7.592182246175332772e+00 1.994931997373328159e-17 -1.279813611348602220e-01
7.696902001294993134e+00 7.285838599102589797e-17 -1.267298964193019351e-01
7.801621756414652609e+00 1.595945597898662527e-16 -1.251508321329708462e-01
7.906341511534312083e+00 1.092875789865388469e-16 -1.234178623287740667e-01
8.011061266653973334e+00 1.691355389077386917e-16 -1.221853140440777585e-01
8.115781021773631920e+00 -5.117434254131580929e-17 -1.205961928095551638e-01
8.220500776893292283e+00 -2.515349040166370287e-17 -1.193827435186205765e-01
8.325220532012952646e+00 -6.505213034913026604e-17 -1.183459690865597269e-01
8.429940287132611232e+00 -1.925543058334255875e-16 -1.163867822824542209e-01
8.534660042252271595e+00 1.994931997373328159e-16 -1.148678276668669701e-01
8.639379797371930181e+00 4.640385298237958978e-16 -1.141913680761168781e-01
8.744099552491592320e+00 8.239936510889833698e-17 -1.119992831299050917e-01
8.848819307611250906e+00 4.874572967494827935e-16 -1.113944950882371221e-01
8.953539062730909492e+00 2.515349040166370287e-16 -1.104322483480107420e-01
9.058258817850569855e+00 3.556183125752454544e-16 -1.088406292265974018e-01
9.162978572970228441e+00 2.688821387764050996e-16 -1.076988427171672313e-01
9.267698328089890580e+00 1.214306433183764966e-16 -1.065001888898858551e-01
9.372418083209549167e+00 -9.714451465470119729e-17 -1.051072824747505408e-01
9.477137838329209529e+00 7.112366251504909087e-17 -1.042010802409201325e-01
9.581857593448868116e+00 1.301042606982605321e-16 -1.026977126079727798e-01
9.686577348568528478e+00 -6.418476861114186249e-17 -1.019774538679952963e-01
9.791297103688188841e+00 3.382710778154773834e-17 -1.011536481850056346e-01
9.896016858807849204e+00 -3.235259282696745231e-16 -9.970214238694513620e-02
1.000073661392750779e+01 -3.781697177629439466e-16 -9.884217567577810448e-02
1.010545636904716815e+01 2.983724378680108202e-16 -9.785310245914462246e-02
1.021017612416682674e+01 2.853620117981847670e-16 -9.656829411798800722e-02
1.031489587928648710e+01 -1.144917494144692682e-16 -9.595038881099517136e-02
1.041961563440614746e+01 -2.419939248987645897e-16 -9.482116432161694086e-02
1.052433538952580783e+01 -2.437286483747413968e-16 -9.380524886517330185e-02
1.062905514464546641e+01 -2.680147770384166961e-16 -9.314217994488206698e-02
1.073377489976512678e+01 -9.194034422677077600e-17 -9.189206384116110904e-02
1.083849465488478536e+01 -2.263814136149733258e-16 -9.138518174634274738e-02
1.094321441000444750e+01 -2.480654570646834145e-16 -9.062604344842262183e-02
1.104793416512410609e+01 -2.133709875451472726e-16 -8.935937086416848030e-02
1.115265392024376645e+01 -3.911801438327699998e-16 -8.887929207124946329e-02
1.125737367536342504e+01 -2.003605614753212194e-16 -8.807855011524738653e-02
1.136209343048308362e+01 -2.064320936412400442e-16 -8.746423017727245064e-02
1.146681318560274576e+01 -2.732189474663471174e-16 -8.644659420507340430e-02
1.157153294072240435e+01 -2.740863092043355209e-16 -8.540094591758246034e-02
1.167625269584206471e+01 -2.576064361825558535e-16 -8.464157515288592282e-02
1.178097245096172330e+01 -1.422473250300981817e-16 -8.421502750288034633e-02
1.188569220608138366e+01 -3.278627369596165408e-16 -8.342447577897336985e-02
1.199041196120104225e+01 -1.700029006457270953e-16 -8.285985590772018683e-02
1.209513171632070438e+01 -2.055647319032516407e-16 -8.226609849744459524e-02
1.219985147144036297e+01 -1.578598363138894456e-16 -8.121827982629331588e-02
1.230457122656002333e+01 -8.413408858487514408e-17 -8.065524840842863696e-02
1.240929098167968192e+01 -5.204170427930421283e-17 -8.014429812201631642e-02
1.251401073679934228e+01 5.204170427930421283e-18 -7.960095003970839300e-02
1.261873049191900265e+01 2.879640970121499777e-16 -7.892830510274559397e-02
1.272345024703866301e+01 -3.642919299551294898e-17 -7.818170885326117259e-02
1.282817000215832159e+01 -2.983724378680108202e-16 -7.773090072689736729e-02
1.293288975727798196e+01 -4.336808689942017736e-17 -7.727421484654875550e-02
1.303760951239764054e+01 -7.025630077706068732e-17 -7.641335222200176802e-02
1.314232926751730268e+01 -3.018418848199644344e-16 -7.567377634814227705e-02
1.324704902263696127e+01 -2.298508605669269400e-16 -7.531429753040635999e-02
1.335176877775662163e+01 -1.396452398161329711e-16 -7.462185967579264279e-02
1.345648853287628022e+01 -2.706168622523819067e-16 -7.420469886310276930e-02
1.356120828799594058e+01 -1.396452398161329711e-16 -7.368348485867934339e-02
1.366592804311559917e+01 -2.020952849512980265e-16 -7.315244201735457419e-02
1.377064779823526131e+01 -3.538835890992686473e-16 -7.257613275615835968e-02
1.387536755335491989e+01 1.890848588814719733e-16 -7.206033420381845189e-02
1.398008730847457848e+01 -6.765421556309547668e-17 -7.161171022651838247e-02
1.408480706359423884e+01 -1.179611963664228824e-16 -7.085902104672674173e-02
1.418952681871389743e+01 -2.003605614753212194e-16 -7.044602382818697384e-02
1.429424657383355957e+01 -2.602085213965210642e-17 -6.981406203640760921e-02
1.439896632895321815e+01 -8.847089727481716182e-17 -6.946438314131439529e-02
1.450368608407287851e+01 -7.632783294297951215e-17 -6.893254594341488573e-02
1.460840583919253710e+01 -8.847089727481716182e-17 -6.841231612308673604e-02
1.471312559431219746e+01 -1.162264728904460753e-16 -6.799873023992059062e-02
1.481784534943185783e+01 -1.170938346284344789e-16 -6.743876331220924336e-02
1.492256510455151819e+01 -1.318389841742373392e-16 -6.700340082962161214e-02
1.502728485967117678e+01 -8.153200337090993344e-17 -6.660843786701019231e-02
1.513200461479083714e+01 -9.020562075079396891e-17 -6.607174454364783678e-02
1.523672436991049572e+01 -1.595945597898662527e-16 -6.568750785106591827e-02
1.534144412503015609e+01 -1.309716224362489356e-16 -6.527406165720420206e-02
1.544616388014981645e+01 -1.257674520083185143e-16 -6.475896658231565517e-02
1.555088363526947681e+01 -9.454242944073598665e-17 -6.438683397173003420e-02
1.565560339038913540e+01 -7.719519468096791570e-17 -6.393350098556611905e-02
1.576032314550879576e+01 -7.632783294297951215e-17 -6.348353183503493979e-02
1.586504290062845435e+01 -2.341876692568689577e-17 -6.318923999172795791e-02
1.596976265574811649e+01 -1.630640067418198669e-16 -6.268454993273944731e-02
1.607448241086777685e+01 -1.058181320345852328e-16 -6.235682995563907732e-02
1.617920216598743366e+01 -7.632783294297951215e-17 -6.179417479953335651e-02
1.628392192110709402e+01 1.266348137463069179e-16 -6.146077820419352383e-02
1.638864167622675438e+01 -2.454633718507182039e-16 -6.108952462167384356e-02
1.649336143134641475e+01 -1.014813233446432150e-16 -6.068851641805853014e-02
1.659808118646607511e+01 -1.075528555105620399e-16 -6.032643002590901138e-02
1.670280094158573192e+01 -2.046973701652632371e-16 -5.997913126978580284e-02
1.680752069670539228e+01 -8.326672684688674053e-17 -5.970044711004891813e-02
1.691224045182505265e+01 -1.257674520083185143e-16 -5.927053943759942600e-02
1.701696020694471301e+01 -1.682681771697502882e-16 -5.903495795711682925e-02
1.712167996206437337e+01 -3.989863994746656317e-17 -5.860079848044034978e-02
1.722639971718403373e+01 -3.295974604355933479e-17 -5.811911053519440429e-02
1.733111947230369054e+01 -1.656660919557850775e-16 -5.785347217021864774e-02
1.743583922742335091e+01 -9.540979117872439019e-18 -5.759402577588141475e-02
1.754055898254301127e+01 1.474514954580286030e-16 -5.720212438209785338e-02
1.764527873766267163e+01 2.255140518769849223e-17 -5.685500872665685823e-02
1.774999849278232844e+01 -1.127570259384924611e-17 -5.657241288205280827e-02
1.785471824790198880e+01 -2.428612866367529932e-17 -5.630856974579524776e-02
1.795943800302165272e+01 -4.163336342344337027e-17 -5.602748823620858076e-02
1.806415775814131308e+01 -3.556183125752454544e-17 -5.556437413767222749e-02
1.816887751326096989e+01 -5.464378949326942347e-17 -5.528814468949677652e-02
1.827359726838063025e+01 -9.974659986866640793e-17 -5.502757192383800344e-02
1.837831702350029062e+01 -3.903127820947815962e-17 -5.469266362906860524e-02
1.848303677861995098e+01 -5.551115123125782702e-17 -5.448920457463126560e-02
1.858775653373960779e+01 -5.117434254131580929e-17 -5.417829020144330349e-02
1.869247628885926815e+01 -6.158268339717665185e-17 -5.378578207784428383e-02
1.879719604397892851e+01 -5.724587470723463412e-17 -5.341541983271000382e-02
