5.235987755982988295e-02 6.505213034913026604e-17 -1.176134218564669265e+00
1.570796326794896558e-01 3.625572064791526827e-16 -7.636298014493350106e-01
2.617993877991494078e-01 1.127570259384924611e-17 -6.513469753049229150e-01
3.665191429188092154e-01 2.437286483747413968e-16 -5.830949114071971584e-01
4.712388980384689674e-01 1.474514954580286030e-17 -5.602376902285135518e-01
5.759586531581286639e-01 1.630640067418198669e-16 -5.331948920954249216e-01
6.806784082777885825e-01 1.474514954580286030e-16 -5.231926511330460272e-01
7.853981633974481680e-01 1.752070710736575165e-16 -5.184770964398586202e-01
8.901179185171080865e-01 1.439820485060749888e-16 -4.892680599911003458e-01
9.948376736367677831e-01 8.326672684688674053e-17 -4.849356770717653253e-01
1.099557428756427591e+00 5.290906601729261638e-17 -4.699285157129632351e-01
1.204277183876087287e+00 -3.382710778154773834e-17 -4.620973963354981784e-01
1.308996938995747206e+00 1.222980050563649002e-16 -4.471505772487562869e-01
1.413716694115406902e+00 4.423544863740858091e-17 -4.335971968693975720e-01
1.518436449235066821e+00 1.110223024625156540e-16 -4.317468544943794395e-01
1.623156204354726295e+00 6.765421556309547668e-17 -4.112426855107421675e-01
1.727875959474386214e+00 1.370431546021677605e-16 -3.965916719983030858e-01
1.832595714594045910e+00 2.489328188026718180e-16 -3.917327476783993845e-01
1.937315469713705829e+00 1.778091562876227272e-16 -3.776416929631526975e-01
2.042035224833365525e+00 1.214306433183764966e-16 -3.657802117062002312e-01
2.146754979953025000e+00 7.285838599102589797e-17 -3.578926117836829790e-01
2.251474735072684918e+00 2.307182223049153436e-16 -3.460456238088920333e-01
2.356194490192344837e+00 1.179611963664228824e-16 -3.318751122401788489e-01
2.460914245312004756e+00 1.092875789865388469e-16 -3.294072798887048847e-01
2.565634000431664230e+00 -3.903127820947815962e-17 -3.172453269967195899e-01
2.670353755551324149e+00 1.040834085586084257e-17 -3.094797050793770543e-01
2.775073510670984067e+00 1.205632815803880931e-16 -3.003535846114007146e-01
2.879793265790643986e+00 9.367506770274758310e-17 -2.943473159369310310e-01
2.984513020910303460e+00 1.179611963664228824e-16 -2.880345859863390201e-01
3.089232776029963379e+00 1.075528555105620399e-16 -2.786238331212866903e-01
3.193952531149622853e+00 9.194034422677077600e-17 -2.705004389825908517e-01
3.298672286269282772e+00 7.285838599102589797e-17 -2.666264374970992446e-01
3.403392041388942246e+00 8.153200337090993344e-17 -2.598880072915729644e-01
3.508111796508602165e+00 2.341876692568689577e-16 -2.529703585465360449e-01
3.612831551628262083e+00 6.938893903907228378e-17 -2.484031075992436666e-01
3.717551306747922002e+00 1.144917494144692682e-16 -2.414335501932370065e-01
3.822271061867581476e+00 1.734723475976807094e-17 -2.373834508919405173e-01
3.926990816987241395e+00 1.249000902703301108e-16 -2.323273512538102659e-01
4.031710572106900869e+00 2.758210326803123280e-16 -2.267309153004752886e-01
4.136430327226561232e+00 3.590877595271990685e-16 -2.209264840556708076e-01
4.241150082346220707e+00 2.428612866367529932e-16 -2.175960890992378882e-01
4.345869837465881069e+00 2.862293735361731706e-16 -2.124838936308021675e-01
4.450589592585540544e+00 2.463307335887066074e-16 -2.078345816817598612e-01
4.555309347705200018e+00 1.275021754842953214e-16 -2.041888302240513764e-01
4.660029102824860381e+00 1.578598363138894456e-16 -2.001611242116916600e-01
4.764748857944519855e+00 6.245004513516505540e-17 -1.973432928986666723e-01
4.869468613064179330e+00 3.139849491518020841e-16 -1.934050686394772345e-01
4.974188368183839692e+00 3.278627369596165408e-16 -1.900068241322228069e-01
5.078908123303498279e+00 2.853620117981847670e-16 -1.865063948589791576e-01
5.183627878423158641e+00 4.666406150377611084e-16 -1.823031271905868056e-01
5.288347633542818116e+00 1.578598363138894456e-16 -1.781765237513158739e-01
5.393067388662477590e+00 2.255140518769849223e-17 -1.760065546806773296e-01
5.497787143782137953e+00 -2.775557561562891351e-17 -1.728126685502416882e-01
5.602506898901797427e+00 7.632783294297951215e-17 -1.692978756580723054e-01
5.707226654021456902e+00 4.510281037539698445e-17 -1.664967549448125861e-01
5.811946409141117265e+00 1.309716224362489356e-16 -1.640474878386704860e-01
5.916666164260776739e+00 1.491862189340054101e-16 -1.615969779657451810e-01
6.021385919380437102e+00 2.151057110211240797e-16 -1.586566607325258227e-01
6.126105674500096576e+00 3.295974604355933479e-17 -1.562559469320817795e-01
6.230825429619756051e+00 2.463307335887066074e-16 -1.536021725716772701e-01
6.335545184739416413e+00 -3.209238430557093125e-17 -1.519481317309017143e-01
6.440264939859075888e+00 3.139849491518020841e-16 -1.495678225906741377e-01
6.544984694978735362e+00 1.075528555105620399e-16 -1.472159338487290803e-01
6.649704450098395725e+00 -2.255140518769849223e-17 -1.455734039776810373e-01
6.754424205218055199e+00 -5.030698080332740574e-17 -1.430715879206261587e-01
6.859143960337715562e+00 2.220446049250313081e-16 -1.407945088528044786e-01
6.963863715457375037e+00 -9.887923813067800438e-17 -1.392524562042919967e-01
7.068583470577034511e+00 -2.775557561562891351e-17 -1.372330337698174363e-01
7.173303225696694874e+00 3.469446951953614189e-17 -1.355119824285359043e-01
7.278022980816354348e+00 -1.301042606982605321e-16 -1.333035430050875658e-01
7.382742735936013823e+00 -5.030698080332740574e-17 -1.315148507904922714e-01
7.487462491055674185e+00 6.245004513516505540e-17 -1.302201595259754596e-01
7.592182246175332772e+00 3.903127820947815962e-16 -1.285811700771310184e-01
7.696902001294993134e+00 0.000000000000000000e+00 -1.266889261418234214e-01
7.801621756414652609e+00 -5.204170427930421283e-18 -1.249541374005408989e-01
7.906341511534312083e+00 1.908195823574487804e-16 -1.239447210635711422e-01
8.011061266653973334e+00 1.040834085586084257e-17 -1.221759252398597062e-01
8.115781021773631920e+00 -8.326672684688674053e-17 -1.206737554394816392e-01
8.220500776893292283e+00 -2.428612866367529932e-17 -1.187779462731152480e-01
8.325220532012952646e+00 -1.318389841742373392e-16 -1.175854354109913680e-01
8.429940287132611232e+00 -1.804112415015879378e-16 -1.165688375158168977e-01
8.534660042252271595e+00 1.327063459122257427e-16 -1.151626234014876266e-01
8.639379797371930181e+00 5.689893001203927270e-16 -1.137859983700085925e-01
8.744099552491592320e+00 5.455705331947058312e-16 -1.122501994541069414e-01
8.848819307611250906e+00 3.469446951953614189e-17 -1.111031955734825549e-01
8.953539062730909492e+00 4.319461455182249665e-16 -1.093080468935124783e-01
9.058258817850569855e+00 2.602085213965210642e-16 -1.086149360840887035e-01
9.162978572970228441e+00 1.509209424099822172e-16 -1.080132529401640895e-01
9.267698328089890580e+00 2.289834988289385365e-16 -1.067421429857960402e-01
9.372418083209549167e+00 -3.469446951953614189e-17 -1.052418219084249734e-01
9.477137838329209529e+00 1.006139616066548115e-16 -1.042872879519582685e-01
9.581857593448868116e+00 1.674008154317618846e-16 -1.032857952478124230e-01
9.686577348568528478e+00 -1.249000902703301108e-16 -1.019786796848637378e-01
9.791297103688188841e+00 -4.163336342344337027e-17 -1.007119587096280133e-01
9.896016858807849204e+00 -2.281161370909501329e-16 -9.983592361677319504e-02
1.000073661392750779e+01 -3.729655473350135253e-16 -9.902382910600307508e-02
1.010545636904716815e+01 2.524022657546254322e-16 -9.823499119777046040e-02
1.021017612416682674e+01 1.517883041479706208e-16 -9.707282090140509356e-02
1.031489587928648710e+01 1.994931997373328159e-17 -9.595151717916482192e-02
1.041961563440614746e+01 2.862293735361731706e-17 -9.496573295902351053e-02
1.052433538952580783e+01 -2.333203075188805542e-16 -9.405115562865308532e-02
1.062905514464546641e+01 -1.413799632921097782e-16 -9.305153823257301948e-02
1.073377489976512678e+01 -1.153591111524576718e-16 -9.228050838460186145e-02
1.083849465488478536e+01 -1.179611963664228824e-16 -9.161394706743414273e-02
1.094321441000444750e+01 -1.205632815803880931e-16 -9.027167273205122244e-02
1.104793416512410609e+01 -2.593411596585326606e-16 -8.988580073951257798e-02
1.115265392024376645e+01 -3.972516759986888246e-16 -8.886950658781006540e-02
1.125737367536342504e+01 -1.856154119295183591e-16 -8.784312447845268879e-02
1.136209343048308362e+01 -1.613292832658430598e-16 -8.721310298585466247e-02
1.146681318560274576e+01 -1.691355389077386917e-16 -8.673845288316223145e-02
1.157153294072240435e+01 -2.645453300864630819e-16 -8.580463269096431922e-02
1.167625269584206471e+01 -6.678685382510707313e-17 -8.470299954774419826e-02
1.178097245096172330e+01 -2.801578413702543457e-16 -8.442703691771175079e-02
1.188569220608138366e+01 -2.619432448724978713e-16 -8.359585746072351053e-02
1.199041196120104225e+01 -1.448494102440633924e-16 -8.305745202397640803e-02
1.209513171632070438e+01 -1.760744328116459201e-16 -8.224461067561855687e-02
1.219985147144036297e+01 6.938893903907228378e-18 -8.149436778450494523e-02
1.230457122656002333e+01 -6.158268339717665185e-17 -8.063806172404114347e-02
1.240929098167968192e+01 -7.546047120499110861e-17 -8.022171183392581839e-02
1.251401073679934228e+01 3.087807787238716628e-16 -7.969849260936988367e-02
1.261873049191900265e+01 4.336808689942017736e-17 -7.888114315656058473e-02
1.272345024703866301e+01 -6.938893903907228378e-18 -7.823025211987934269e-02
1.282817000215832159e+01 -2.931682674400803990e-16 -7.766224256674722493e-02
1.293288975727798196e+01 -9.020562075079396891e-17 -7.698132324830678219e-02
1.303760951239764054e+01 -5.204170427930421283e-18 -7.647626234182555716e-02
1.314232926751730268e+01 -1.170938346284344789e-16 -7.570518155277833339e-02
1.324704902263696127e+01 -2.463307335887066074e-16 -7.509874247804980418e-02
1.335176877775662163e+01 -2.029626466892864300e-16 -7.465915233052121402e-02
1.345648853287628022e+01 -2.506675422786486251e-16 -7.411800782179941982e-02
1.356120828799594058e+01 -2.602085213965210642e-16 -7.360084275170054868e-02
1.366592804311559917e+01 -9.020562075079396891e-17 -7.298473044535438992e-02
1.377064779823526131e+01 -7.025630077706068732e-17 -7.248530211514600530e-02
1.387536755335491989e+01 -7.892991815694472280e-17 -7.195667275109224326e-02
1.398008730847457848e+01 -6.245004513516505540e-17 -7.136646474350277769e-02
1.408480706359423884e+01 -2.237793284010081152e-16 -7.067214745035640955e-02
1.418952681871389743e+01 -4.336808689942017736e-17 -7.043859147719983005e-02
1.429424657383355957e+01 -9.714451465470119729e-17 -6.977796694284373047e-02
1.439896632895321815e+01 -1.283695372222837250e-16 -6.935268336456279492e-02
1.450368608407287851e+01 -4.423544863740858091e-17 -6.883107672644692143e-02
1.460840583919253710e+01 -2.081668171172168513e-17 -6.848742640684558902e-02
1.471312559431219746e+01 -9.107298248878237246e-17 -6.801719560685795529e-02
1.481784534943185783e+01 -7.112366251504909087e-17 -6.750671687749475181e-02
1.492256510455151819e+01 -1.344410693882025498e-16 -6.685294358630891609e-02
1.502728485967117678e+01 -7.285838599102589797e-17 -6.650006841022781945e-02
1.513200461479083714e+01 -1.162264728904460753e-16 -6.617858074029428495e-02
1.523672436991049572e+01 -1.327063459122257427e-16 -6.583060755440914291e-02
1.534144412503015609e+01 -7.372574772901430151e-17 -6.521102682505544590e-02
1.544616388014981645e+01 -1.196959198423996895e-16 -6.474260685041252628e-02
1.555088363526947681e+01 -9.540979117872439019e-18 -6.432181882983692423e-02
1.565560339038913540e+01 -4.683753385137379155e-17 -6.401806320574050801e-02
1.576032314550879576e+01 -1.196959198423996895e-16 -6.357369490063662087e-02
1.586504290062845435e+01 -9.801187639268960083e-17 -6.321736209696571240e-02
1.596976265574811649e+01 -4.510281037539698445e-17 -6.269000217460521385e-02
1.607448241086777685e+01 -1.535230276239474279e-16 -6.249371535470339689e-02
1.617920216598743366e+01 -7.719519468096791570e-17 -6.196779014722493539e-02
1.628392192110709402e+01 -7.285838599102589797e-17 -6.153174232959708612e-02
1.638864167622675438e+01 -3.035766082959412415e-17 -6.114974406813354635e-02
1.649336143134641475e+01 -3.556183125752454544e-17 -6.079599837482643765e-02
1.659808118646607511e+01 -1.804112415015879378e-16 -6.037781370710680606e-02
1.670280094158573192e+01 -1.483188571960170066e-16 -6.003138246976619935e-02
1.680752069670539228e+01 -8.673617379884035472e-17 -5.967870252918440477e-02
1.691224045182505265e+01 -1.448494102440633924e-16 -5.939160395679488058e-02
1.701696020694471301e+01 -8.239936510889833698e-17 -5.901802114206654293e-02
1.712167996206437337e+01 7.806255641895631925e-18 -5.856776886218598155e-02
1.722639971718403373e+01 -2.081668171172168513e-17 -5.826787955386583673e-02
1.733111947230369054e+01 -1.309716224362489356e-16 -5.788719345742674577e-02
1.743583922742335091e+01 7.806255641895631925e-18 -5.757114983952903164e-02
1.754055898254301127e+01 2.862293735361731706e-17 -5.722383777402634958e-02
1.764527873766267163e+01 1.257674520083185143e-16 -5.681184929196701067e-02
1.774999849278232844e+01 -1.301042606982605321e-17 -5.653944703162819968e-02
1.785471824790198880e+01 -5.204170427930421283e-18 -5.631576785969077265e-02
1.795943800302165272e+01 4.683753385137379155e-17 -5.591709595253128995e-02
1.806415775814131308e+01 -4.943961906533900219e-17 -5.557271847813917420e-02
1.816887751326096989e+01 -5.117434254131580929e-17 -5.521448055125145055e-02
1.827359726838063025e+01 -7.112366251504909087e-17 -5.496593544765197847e-02
1.837831702350029062e+01 -8.760353553682875827e-17 -5.461890475885322616e-02
1.848303677861995098e+01 -8.673617379884035472e-18 -5.446852104931746569e-02
1.858775653373960779e+01 -7.372574772901430151e-17 -5.404752482370507594e-02
1.869247628885926815e+01 -2.688821387764050996e-17 -5.369460247958592058e-02
1.879719604397892851e+01 -2.862293735361731706e-17 -5.349118623481935453e-02
