5.235987755982988295e-02 8.673617379884035472e-17 -1.960860866341741435e-02
1.570796326794896558e-01 9.540979117872439019e-17 -5.828362712740606938e-02
2.617993877991494078e-01 7.892991815694472280e-17 -9.538223263425031628e-02
3.665191429188092154e-01 9.020562075079396891e-17 -1.300156391484142138e-01
4.712388980384689674e-01 1.222980050563649002e-16 -1.615060177267123309e-01
5.759586531581286639e-01 1.188285581044112860e-16 -1.894108601316597806e-01
6.806784082777885825e-01 1.838806884535415520e-16 -2.135206113664719629e-01
7.853981633974481680e-01 1.127570259384924611e-16 -2.338269417357383695e-01
8.901179185171080865e-01 1.301042606982605321e-16 -2.504792577058686520e-01
9.948376736367677831e-01 2.419939248987645897e-16 -2.637402114549605159e-01
1.099557428756427591e+00 1.101549407245272505e-16 -2.739413486005860543e-01
1.204277183876087287e+00 1.786765180256111307e-16 -2.814468821672575505e-01
1.308996938995747206e+00 1.899522206194603768e-16 -2.866258864301273745e-01
1.413716694115406902e+00 1.613292832658430598e-16 -2.898302485701870213e-01
1.518436449235066821e+00 1.856154119295183591e-16 -2.913834989510208917e-01
1.623156204354726295e+00 1.934216675714139910e-16 -2.915740127584904862e-01
1.727875959474386214e+00 2.862293735361731706e-16 -2.906524293127142888e-01
1.832595714594045910e+00 2.810252031082427493e-16 -2.888335980371073974e-01
1.937315469713705829e+00 1.569924745759010420e-16 -2.862998993720301533e-01
2.042035224833365525e+00 2.116362640691704655e-16 -2.832043257194815089e-01
2.146754979953025000e+00 1.249000902703301108e-16 -2.796754029283397003e-01
2.251474735072684918e+00 1.665334536937734811e-16 -2.758206724051306957e-01
2.356194490192344837e+00 2.012279232133096230e-16 -2.717300776896905412e-01
2.460914245312004756e+00 1.665334536937734811e-16 -2.674779089692113088e-01
2.565634000431664230e+00 1.231653667943533037e-16 -2.631250134427216558e-01
2.670353755551324149e+00 7.892991815694472280e-17 -2.587204047990211975e-01
2.775073510670984067e+00 8.673617379884035472e-17 -2.543022975299489286e-01
2.879793265790643986e+00 1.318389841742373392e-16 -2.498999798021470098e-01
2.984513020910303460e+00 1.231653667943533037e-16 -2.455352652049118678e-01
3.089232776029963379e+00 7.632783294297951215e-17 -2.412237143153176944e-01
3.193952531149622853e+00 2.949029909160572061e-17 -2.369759262214412021e-01
3.298672286269282772e+00 5.811323644522303766e-17 -2.327985126697049711e-01
3.403392041388942246e+00 1.032160468206200221e-16 -2.286951652250737432e-01
3.508111796508602165e+00 9.194034422677077600e-17 -2.246676370576056181e-01
3.612831551628262083e+00 1.457167719820517959e-16 -2.207163234055911638e-01
3.717551306747922002e+00 1.908195823574487804e-16 -2.168415101242800458e-01
3.822271061867581476e+00 1.066854937725736363e-16 -2.130436682963882389e-01
3.926990816987241395e+00 1.101549407245272505e-16 -2.093240362271751587e-01
4.031710572106900869e+00 1.908195823574487804e-16 -2.056852788201193605e-01
4.136430327226561232e+00 1.873501354054951662e-16 -2.021309039187255963e-01
4.241150082346220707e+00 1.249000902703301108e-16 -1.986649183402898478e-01
4.345869837465881069e+00 1.405126015541213746e-16 -1.952912842279562189e-01
4.450589592585540544e+00 1.179611963664228824e-16 -1.920128338073218699e-01
4.555309347705200018e+00 1.812786032395763414e-16 -1.888306724506826906e-01
4.660029102824860381e+00 1.448494102440633924e-16 -1.857442395983626426e-01
4.764748857944519855e+00 1.491862189340054101e-16 -1.827509963294927098e-01
4.869468613064179330e+00 1.422473250300981817e-16 -1.798470377809378851e-01
4.974188368183839692e+00 1.942890293094023946e-16 -1.770274792167607358e-01
5.078908123303498279e+00 2.203098814490545010e-16 -1.742867772107505875e-01
5.183627878423158641e+00 1.474514954580286030e-16 -1.716193912789203413e-01
5.288347633542818116e+00 2.116362640691704655e-16 -1.690198190556856384e-01
5.393067388662477590e+00 1.526556658859590243e-16 -1.664830445559184469e-01
5.497787143782137953e+00 1.457167719820517959e-16 -1.640048034901736562e-01
5.602506898901797427e+00 1.075528555105620399e-16 -1.615815589644921391e-01
5.707226654021456902e+00 2.567390744445674500e-16 -1.592107203702807228e-01
5.811946409141117265e+00 1.595945597898662527e-16 -1.568906793468840544e-01
5.916666164260776739e+00 1.474514954580286030e-16 -1.546206487780574790e-01
6.021385919380437102e+00 1.118896642005040576e-16 -1.524005255689029892e-01
6.126105674500096576e+00 2.220446049250313081e-16 -1.502308445847838625e-01
6.230825429619756051e+00 1.682681771697502882e-16 -1.481123487490321189e-01
6.335545184739416413e+00 1.561251128379126385e-16 -1.460459189474958286e-01
6.440264939859075888e+00 1.734723475976807094e-16 -1.440321737981432593e-01
6.544984694978735362e+00 2.359223927328457648e-16 -1.420713198742982741e-01
6.649704450098395725e+00 1.179611963664228824e-16 -1.401629766853469128e-01
6.754424205218055199e+00 1.222980050563649002e-16 -1.383062176905333895e-01
6.859143960337715562e+00 1.006139616066548115e-16 -1.364995631640773255e-01
6.963863715457375037e+00 7.459310946700270506e-17 -1.347411102705175501e-01
7.068583470577034511e+00 1.335737076502141463e-16 -1.330285930976855824e-01
7.173303225696694874e+00 1.647987302177966740e-16 -1.313596088213822843e-01
7.278022980816354348e+00 1.821459649775647449e-16 -1.297317782365446648e-01
7.382742735936013823e+00 7.285838599102589797e-17 -1.281428628625529975e-01
7.487462491055674185e+00 1.526556658859590243e-16 -1.265909779121280332e-01
7.592182246175332772e+00 7.979727989493312634e-17 -1.250745856919607824e-01
7.696902001294993134e+00 1.040834085586084257e-17 -1.235924002457888249e-01
7.801621756414652609e+00 7.459310946700270506e-17 -1.221432838276873406e-01
7.906341511534312083e+00 1.578598363138894456e-16 -1.207261125778663069e-01
8.011061266653973334e+00 1.856154119295183591e-16 -1.193396336899221755e-01
8.115781021773631920e+00 1.682681771697502882e-16 -1.179823819010267505e-01
8.220500776893292283e+00 1.595945597898662527e-16 -1.166527694680231791e-01
8.325220532012952646e+00 1.405126015541213746e-16 -1.153491251355156927e-01
8.429940287132611232e+00 3.209238430557093125e-17 -1.140698583534286159e-01
8.534660042252271595e+00 1.578598363138894456e-16 -1.128135376784435984e-01
8.639379797371930181e+00 1.682681771697502882e-16 -1.115791617245810996e-01
8.744099552491592320e+00 8.153200337090993344e-17 -1.103661187919080244e-01
8.848819307611250906e+00 1.144917494144692682e-16 -1.091741991715186044e-01
8.953539062730909492e+00 2.012279232133096230e-16 -1.080036249531385745e-01
9.058258817850569855e+00 1.058181320345852328e-16 -1.068548600280146282e-01
9.162978572970228441e+00 -7.806255641895631925e-18 -1.057283786525329561e-01
9.267698328089890580e+00 5.898059818321144121e-17 -1.046245859437488906e-01
9.372418083209549167e+00 -4.770489558936219510e-17 -1.035435873385467526e-01
9.477137838329209529e+00 3.989863994746656317e-17 -1.024850962564790857e-01
9.581857593448868116e+00 -1.561251128379126385e-17 -1.014484261643481267e-01
9.686577348568528478e+00 7.806255641895631925e-18 -1.004324742029357870e-01
9.791297103688188841e+00 -1.127570259384924611e-16 -9.943591892019187917e-02
9.896016858807849204e+00 -1.118896642005040576e-16 -9.845736931819668025e-02
1.000073661392750779e+01 -1.257674520083185143e-16 -9.749552500618566264e-02
1.010545636904716815e+01 -1.786765180256111307e-16 -9.654943446597638590e-02
1.021017612416682674e+01 -1.578598363138894456e-16 -9.561857826292449736e-02
1.031489587928648710e+01 -2.168404344971008868e-16 -9.470286277345162096e-02
1.041961563440614746e+01 -1.925543058334255875e-16 -9.380264343305724783e-02
1.052433538952580783e+01 -3.365363543395005763e-16 -9.291861914641126596e-02
1.062905514464546641e+01 -3.165870343657672947e-16 -9.205153913459500348e-02
1.073377489976512678e+01 -3.842412499288627714e-16 -9.120217343777385632e-02
1.083849465488478536e+01 -3.504141421473150331e-16 -9.037103201056365109e-02
1.094321441000444750e+01 -3.972516759986888246e-16 -8.955828376638287625e-02
1.104793416512410609e+01 -4.215378046623641239e-16 -8.876380104036600549e-02
1.115265392024376645e+01 -3.989863994746656317e-16 -8.798715185329772370e-02
1.125737367536342504e+01 -3.877106968808163856e-16 -8.722773925928718752e-02
1.136209343048308362e+01 -4.145989107584568956e-16 -8.651234234514132426e-02
1.146681318560274576e+01 -3.877106968808163856e-16 -8.578554370379337657e-02
1.157153294072240435e+01 -3.955169525227120175e-16 -8.507376683973441600e-02
1.167625269584206471e+01 -3.720981855970251218e-16 -8.437614844188630336e-02
1.178097245096172330e+01 -3.989863994746656317e-16 -8.369178218370690314e-02
1.188569220608138366e+01 -4.119968255444916849e-16 -8.301976664846758003e-02
1.199041196120104225e+01 -3.807718029769091572e-16 -8.235924959231512299e-02
1.209513171632070438e+01 -3.313321839115701550e-16 -8.170941422438221524e-02
1.219985147144036297e+01 -3.859759734048395785e-16 -8.106955184803177339e-02
1.230457122656002333e+01 -3.295974604355933479e-16 -8.043894225269089537e-02
1.240929098167968192e+01 -3.295974604355933479e-16 -7.981687450614040336e-02
1.251401073679934228e+01 -2.905661822261151883e-16 -7.920263977490923923e-02
1.261873049191900265e+01 -2.367897544708341684e-16 -7.859551480492656117e-02
1.272345024703866301e+01 -2.827599265842195564e-16 -7.799486844591554946e-02
1.282817000215832159e+01 -3.269953752216281373e-16 -7.740017023310315214e-02
1.293288975727798196e+01 -2.775557561562891351e-16 -7.681106556547498410e-02
1.303760951239764054e+01 -2.550043509685906429e-16 -7.622737141070784483e-02
1.314232926751730268e+01 -1.925543058334255875e-16 -7.564910474224068038e-02
1.324704902263696127e+01 -1.942890293094023946e-16 -7.507649304543981272e-02
1.335176877775662163e+01 -2.046973701652632371e-16 -7.450996203326512579e-02
1.345648853287628022e+01 -1.708702623837154988e-16 -7.395009137831441703e-02
1.356120828799594058e+01 -2.211772431870429045e-16 -7.339755526357172322e-02
1.366592804311559917e+01 -2.298508605669269400e-16 -7.285303446063014221e-02
1.377064779823526131e+01 -1.439820485060749888e-16 -7.231716046439999601e-02
1.387536755335491989e+01 -2.480654570646834145e-16 -7.179041554314430362e-02
1.398008730847457848e+01 -1.509209424099822172e-16 -7.127307419754703999e-02
1.408480706359423884e+01 -1.778091562876227272e-16 -7.076524093605776611e-02
1.418952681871389743e+01 -1.847480501915299556e-16 -7.026676886848416681e-02
1.429424657383355957e+01 -1.517883041479706208e-16 -6.977730274150245604e-02
1.439896632895321815e+01 -1.561251128379126385e-16 -6.929634874286577650e-02
1.450368608407287851e+01 -1.500535806719938137e-16 -6.882328769710585603e-02
1.460840583919253710e+01 -1.136243876764808647e-16 -6.835749633445172002e-02
1.471312559431219746e+01 -9.974659986866640793e-17 -6.789843197777313544e-02
1.481784534943185783e+01 -9.540979117872439019e-17 -6.744562773245817155e-02
1.492256510455151819e+01 -1.196959198423996895e-16 -6.699877855648031511e-02
1.502728485967117678e+01 -1.118896642005040576e-16 -6.655769433439540084e-02
1.513200461479083714e+01 -1.292368989602721285e-16 -6.612221768769008245e-02
1.523672436991049572e+01 -1.327063459122257427e-16 -6.569232866332838650e-02
1.534144412503015609e+01 -1.049507702965968292e-16 -6.526787552147664262e-02
1.544616388014981645e+01 -1.058181320345852328e-16 -6.484868767474756546e-02
1.555088363526947681e+01 -1.084202172485504434e-16 -6.443450923675696218e-02
1.565560339038913540e+01 -1.448494102440633924e-16 -6.402497469963194798e-02
1.576032314550879576e+01 -1.431146867680865853e-16 -6.361969822371132954e-02
1.586504290062845435e+01 -1.327063459122257427e-16 -6.321827650009223531e-02
1.596976265574811649e+01 -1.222980050563649002e-16 -6.282035931748999880e-02
1.607448241086777685e+01 -1.335737076502141463e-16 -6.242573384531780595e-02
1.617920216598743366e+01 -1.396452398161329711e-16 -6.203431540992331017e-02
1.628392192110709402e+01 -1.691355389077386917e-16 -6.164617685067724090e-02
1.638864167622675438e+01 -9.020562075079396891e-17 -6.126155249857400537e-02
1.649336143134641475e+01 -1.457167719820517959e-16 -6.088075891164201198e-02
1.659808118646607511e+01 -1.266348137463069179e-16 -6.050420234475679948e-02
1.670280094158573192e+01 -9.540979117872439019e-17 -6.013232525738744505e-02
1.680752069670539228e+01 -1.196959198423996895e-16 -5.976553749928030512e-02
1.691224045182505265e+01 -9.714451465470119729e-17 -5.940418473011746525e-02
1.701696020694471301e+01 -9.974659986866640793e-17 -5.904850577290000901e-02
1.712167996206437337e+01 -1.066854937725736363e-16 -5.869861406193872810e-02
1.722639971718403373e+01 -1.214306433183764966e-16 -5.835449196633939878e-02
1.733111947230369054e+01 -1.405126015541213746e-16 -5.801600390822071740e-02
1.743583922742335091e+01 -9.887923813067800438e-17 -5.768291985657630211e-02
1.754055898254301127e+01 -9.107298248878237246e-17 -5.735494439935263922e-02
1.764527873766267163e+01 -9.540979117872439019e-17 -5.703172729478733077e-02
1.774999849278232844e+01 -1.188285581044112860e-16 -5.671290727431708978e-02
1.785471824790198880e+01 -1.110223024625156540e-16 -5.639812059838387320e-02
1.795943800302165272e+01 -1.249000902703301108e-16 -5.608704761762332847e-02
1.806415775814131308e+01 -8.847089727481716182e-17 -5.577940257414690239e-02
1.816887751326096989e+01 -1.110223024625156540e-16 -5.547492841041233580e-02
1.827359726838063025e+01 -1.196959198423996895e-16 -5.517340240885009600e-02
1.837831702350029062e+01 -1.032160468206200221e-16 -5.487459144042580728e-02
1.848303677861995098e+01 -9.714451465470119729e-17 -5.457828065872999401e-02
1.858775653373960779e+01 -1.006139616066548115e-16 -5.428426871989443236e-02
1.869247628885926815e+01 -1.058181320345852328e-16 -5.399238196766632109e-02
1.879719604397892851e+01 -1.092875789865388469e-16 -5.370248679425854155e-02
