5.235987755982988295e-02 -2.229119666630197116e-16 -1.655803906972812101e+00
1.570796326794896558e-01 -5.811323644522303766e-17 -1.261304012454380619e+00
2.617993877991494078e-01 -1.136243876764808647e-16 -1.057488858332810144e+00
3.665191429188092154e-01 -2.428612866367529932e-17 -9.151064760418433641e-01
4.712388980384689674e-01 -8.673617379884035472e-19 -8.175600036101207113e-01
5.759586531581286639e-01 -6.071532165918824830e-18 -7.456744449397156860e-01
6.806784082777885825e-01 -1.994931997373328159e-17 -6.997038810681849297e-01
7.853981633974481680e-01 -5.811323644522303766e-17 -6.609226520493083346e-01
8.901179185171080865e-01 -2.341876692568689577e-17 -6.203013231386647064e-01
9.948376736367677831e-01 -1.301042606982605321e-17 -5.904525440559231786e-01
1.099557428756427591e+00 -1.040834085586084257e-17 -5.604960494137545268e-01
1.204277183876087287e+00 -7.806255641895631925e-18 -5.373000941436141265e-01
1.308996938995747206e+00 8.239936510889833698e-17 -5.156965097408185983e-01
1.413716694115406902e+00 2.688821387764050996e-17 -4.950525277160379156e-01
1.518436449235066821e+00 8.239936510889833698e-17 -4.740190225630122600e-01
1.623156204354726295e+00 1.821459649775647449e-17 -4.550408506527220398e-01
1.727875959474386214e+00 1.465841337200401995e-16 -4.413089179259094830e-01
1.832595714594045910e+00 2.246466901389965187e-16 -4.243963395706040753e-01
1.937315469713705829e+00 9.540979117872439019e-17 -4.088354794741410059e-01
2.042035224833365525e+00 1.986258379993444123e-16 -3.935082306902962790e-01
2.146754979953025000e+00 -4.250072516143177381e-17 -3.812102051126169400e-01
2.251474735072684918e+00 1.726049858596923059e-16 -3.682452906508930646e-01
2.356194490192344837e+00 1.882174971434835697e-16 -3.577057972851072076e-01
2.460914245312004756e+00 -1.743397093356691130e-16 -3.462122213591242170e-01
2.565634000431664230e+00 9.627715291671279374e-17 -3.336397456504311410e-01
2.670353755551324149e+00 -9.280770596475917955e-17 -3.240600059794935817e-01
2.775073510670984067e+00 -6.505213034913026604e-17 -3.155145977923783929e-01
2.879793265790643986e+00 9.974659986866640793e-17 -3.068684813302158254e-01
2.984513020910303460e+00 1.127570259384924611e-17 -2.970721573719607433e-01
3.089232776029963379e+00 8.586881206085195117e-17 -2.904005965216993612e-01
3.193952531149622853e+00 -3.209238430557093125e-17 -2.808364285700131191e-01
3.298672286269282772e+00 -5.811323644522303766e-17 -2.753925156137276842e-01
3.403392041388942246e+00 -6.071532165918824830e-18 -2.687264821490711331e-01
3.508111796508602165e+00 9.280770596475917955e-17 -2.602105359351833402e-01
3.612831551628262083e+00 1.569924745759010420e-16 -2.545637449543642905e-01
3.717551306747922002e+00 -1.205632815803880931e-16 -2.488003320997367041e-01
3.822271061867581476e+00 4.943961906533900219e-17 -2.420702040413297285e-01
3.926990816987241395e+00 -4.250072516143177381e-17 -2.358953494172679188e-01
4.031710572106900869e+00 1.760744328116459201e-16 -2.306915885314636261e-01
4.136430327226561232e+00 2.680147770384166961e-16 -2.259750986532649830e-01
4.241150082346220707e+00 1.778091562876227272e-16 -2.218112680040769669e-01
4.345869837465881069e+00 3.668940151690947005e-16 -2.169181491888790836e-01
4.450589592585540544e+00 2.437286483747413968e-16 -2.125367678107406011e-01
4.555309347705200018e+00 -9.540979117872439019e-18 -2.084955214717222338e-01
4.660029102824860381e+00 3.903127820947815962e-17 -2.037390821697504517e-01
4.764748857944519855e+00 2.541369892306022393e-16 -1.996276473404948737e-01
4.869468613064179330e+00 4.015884846886308424e-16 -1.957420113364229663e-01
4.974188368183839692e+00 3.547509508372570508e-16 -1.921748094132609830e-01
5.078908123303498279e+00 8.413408858487514408e-17 -1.890900071386789061e-01
5.183627878423158641e+00 3.868433351428279821e-16 -1.850249437200327529e-01
5.288347633542818116e+00 8.673617379884035472e-19 -1.816277617290382174e-01
5.393067388662477590e+00 -3.209238430557093125e-17 -1.788656385595682741e-01
5.497787143782137953e+00 5.204170427930421283e-17 -1.760141164437314665e-01
5.602506898901797427e+00 1.275021754842953214e-16 -1.721044628388748443e-01
5.707226654021456902e+00 1.205632815803880931e-16 -1.694888694655410921e-01
5.811946409141117265e+00 1.118896642005040576e-16 -1.663676761570446749e-01
5.916666164260776739e+00 1.205632815803880931e-16 -1.635297475279072210e-01
6.021385919380437102e+00 5.464378949326942347e-17 -1.607905307898575553e-01
6.126105674500096576e+00 1.431146867680865853e-16 -1.581283813913577363e-01
6.230825429619756051e+00 2.766883944183007316e-16 -1.561233163929279799e-01
6.335545184739416413e+00 1.474514954580286030e-17 -1.535671200377171641e-01
6.440264939859075888e+00 2.844946500601963635e-16 -1.505824040898622873e-01
6.544984694978735362e+00 2.489328188026718180e-16 -1.482944895128689156e-01
6.649704450098395725e+00 -1.561251128379126385e-17 -1.461400904556337532e-01
6.754424205218055199e+00 -8.066464163292152989e-17 -1.442371927322899650e-01
6.859143960337715562e+00 4.597017211338538800e-17 -1.420910172191141019e-01
6.963863715457375037e+00 -1.448494102440633924e-16 -1.400902831722057873e-01
7.068583470577034511e+00 -7.806255641895631925e-18 -1.386907784767431040e-01
7.173303225696694874e+00 4.250072516143177381e-17 -1.366261363945415197e-01
7.278022980816354348e+00 -1.413799632921097782e-16 -1.344970322724064193e-01
7.382742735936013823e+00 -1.275021754842953214e-16 -1.329110254107967737e-01
7.487462491055674185e+00 3.426078865054194011e-16 -1.310038382043021143e-01
7.592182246175332772e+00 -1.344410693882025498e-16 -1.295221456021630191e-01
7.696902001294993134e+00 1.153591111524576718e-16 -1.277321775030942630e-01
7.801621756414652609e+00 8.760353553682875827e-17 -1.258927315233024924e-01
7.906341511534312083e+00 -1.118896642005040576e-16 -1.244330473995690495e-01
8.011061266653973334e+00 3.903127820947815962e-17 -1.228262714073269507e-01
8.115781021773631920e+00 -5.984795992119984476e-17 -1.212976882175939158e-01
8.220500776893292283e+00 -7.892991815694472280e-17 -1.198732117628260457e-01
8.325220532012952646e+00 -8.933825901280556536e-17 -1.181339939481293455e-01
8.429940287132611232e+00 -2.090341788552052549e-16 -1.166514550893871932e-01
8.534660042252271595e+00 1.153591111524576718e-16 -1.155972176878002078e-01
8.639379797371930181e+00 2.870967352741615741e-16 -1.142153661316531732e-01
8.744099552491592320e+00 3.122502256758252770e-16 -1.129829653977960785e-01
8.848819307611250906e+00 1.275021754842953214e-16 -1.116110760370551680e-01
8.953539062730909492e+00 3.408731630294425941e-16 -1.102806420190264869e-01
9.058258817850569855e+00 3.200564813177209089e-16 -1.094879630836014528e-01
9.162978572970228441e+00 2.437286483747413968e-16 -1.077830614336441617e-01
9.267698328089890580e+00 3.382710778154773834e-17 -1.069173758801414409e-01
9.372418083209549167e+00 -1.214306433183764966e-17 -1.057308950928517732e-01
9.477137838329209529e+00 -2.168404344971008868e-17 -1.045215057929869545e-01
9.581857593448868116e+00 8.413408858487514408e-17 -1.032138275184477233e-01
9.686577348568528478e+00 1.335737076502141463e-16 -1.020544940258359817e-01
9.791297103688188841e+00 3.729655473350135253e-17 -1.013467533649031055e-01
9.896016858807849204e+00 -3.452099717193846118e-16 -1.002384224534942220e-01
1.000073661392750779e+01 -4.570996359198886694e-16 -9.915700138599015112e-02
1.010545636904716815e+01 2.940356291780688025e-16 -9.794449015122819180e-02
1.021017612416682674e+01 7.806255641895631925e-18 -9.694853925075742895e-02
1.031489587928648710e+01 -1.778091562876227272e-16 -9.618968121950979833e-02
1.041961563440614746e+01 -4.770489558936219510e-17 -9.522758056115625258e-02
1.052433538952580783e+01 -2.489328188026718180e-16 -9.425615194897096760e-02
1.062905514464546641e+01 -1.647987302177966740e-16 -9.331622104148251662e-02
1.073377489976512678e+01 -6.158268339717665185e-17 -9.239676699021467932e-02
1.083849465488478536e+01 -1.561251128379126385e-16 -9.162691309726313238e-02
1.094321441000444750e+01 -8.673617379884035472e-17 -9.072307559744757777e-02
1.104793416512410609e+01 -1.856154119295183591e-16 -8.982748812670074412e-02
1.115265392024376645e+01 -2.263814136149733258e-16 -8.916261273174699853e-02
1.125737367536342504e+01 -3.122502256758252770e-16 -8.840881282747869996e-02
1.136209343048308362e+01 -2.116362640691704655e-16 -8.756487650257611943e-02
1.146681318560274576e+01 -2.341876692568689577e-16 -8.660962578706066228e-02
1.157153294072240435e+01 -2.879640970121499777e-16 -8.596201558587893143e-02
1.167625269584206471e+01 -2.090341788552052549e-16 -8.519498059735061690e-02
1.178097245096172330e+01 -3.998537612126540353e-16 -8.441671202170719646e-02
1.188569220608138366e+01 -4.154662724964452991e-16 -8.368619481872757726e-02
1.199041196120104225e+01 -1.778091562876227272e-16 -8.306370993023957927e-02
1.209513171632070438e+01 -1.847480501915299556e-16 -8.228386397563769439e-02
1.219985147144036297e+01 -5.204170427930421283e-17 -8.153791775583618673e-02
1.230457122656002333e+01 -3.122502256758252770e-17 -8.104708521275072464e-02
1.240929098167968192e+01 -6.938893903907228378e-17 -8.025287924173865606e-02
1.251401073679934228e+01 7.112366251504909087e-17 -7.954741762177577891e-02
1.261873049191900265e+01 2.558717127065790464e-16 -7.893476540227412075e-02
1.272345024703866301e+01 -6.418476861114186249e-17 -7.830856175215297754e-02
1.282817000215832159e+01 -1.318389841742373392e-16 -7.758242459832984106e-02
1.293288975727798196e+01 -1.170938346284344789e-16 -7.717630025652713610e-02
1.303760951239764054e+01 -1.301042606982605321e-16 -7.663217432379532124e-02
1.314232926751730268e+01 -1.179611963664228824e-16 -7.590666391115370726e-02
1.324704902263696127e+01 -3.434752482434078047e-16 -7.546191341713849587e-02
1.335176877775662163e+01 -2.341876692568689577e-17 -7.496058535454230842e-02
1.345648853287628022e+01 -2.645453300864630819e-16 -7.429899419317709253e-02
1.356120828799594058e+01 -1.656660919557850775e-16 -7.364991512222385239e-02
1.366592804311559917e+01 -1.222980050563649002e-16 -7.308773763227749409e-02
1.377064779823526131e+01 -1.214306433183764966e-16 -7.249688525882344581e-02
1.387536755335491989e+01 -7.112366251504909087e-17 -7.196082568118114531e-02
1.398008730847457848e+01 -4.336808689942017736e-17 -7.149520013496317439e-02
1.408480706359423884e+01 -1.647987302177966740e-16 -7.091787032488294784e-02
1.418952681871389743e+01 -3.382710778154773834e-17 -7.040078762756318831e-02
1.429424657383355957e+01 2.428612866367529932e-17 -6.996739533850142301e-02
1.439896632895321815e+01 -1.084202172485504434e-16 -6.942086468510684505e-02
1.450368608407287851e+01 -3.469446951953614189e-18 -6.900070353961210157e-02
1.460840583919253710e+01 -5.637851296924623057e-17 -6.846605049404308474e-02
1.471312559431219746e+01 -1.847480501915299556e-16 -6.799919754523361948e-02
1.481784534943185783e+01 -1.257674520083185143e-16 -6.747581218410772519e-02
1.492256510455151819e+01 -7.892991815694472280e-17 -6.696885711671526908e-02
1.502728485967117678e+01 -3.122502256758252770e-17 -6.653009117120765870e-02
1.513200461479083714e+01 -2.688821387764050996e-17 -6.614870671064804197e-02
1.523672436991049572e+01 -1.240327285323417073e-16 -6.572027128900670423e-02
1.534144412503015609e+01 -1.726049858596923059e-16 -6.523952483024968163e-02
1.544616388014981645e+01 -1.517883041479706208e-16 -6.475830789993541892e-02
1.555088363526947681e+01 -9.367506770274758310e-17 -6.434032942698256208e-02
1.565560339038913540e+01 -2.602085213965210642e-17 -6.387634812787781891e-02
1.576032314550879576e+01 -6.591949208711866959e-17 -6.351858572346523457e-02
1.586504290062845435e+01 -1.040834085586084257e-17 -6.306916398085350706e-02
1.596976265574811649e+01 -2.341876692568689577e-17 -6.271853664082188695e-02
1.607448241086777685e+01 -1.196959198423996895e-16 -6.231351073649490924e-02
1.617920216598743366e+01 -5.290906601729261638e-17 -6.187660535310009896e-02
1.628392192110709402e+01 -4.336808689942017736e-17 -6.152909583644383673e-02
1.638864167622675438e+01 -7.459310946700270506e-17 -6.114205397778023354e-02
1.649336143134641475e+01 -1.474514954580286030e-17 -6.072986703433463224e-02
1.659808118646607511e+01 -1.014813233446432150e-16 -6.034737624601721473e-02
1.670280094158573192e+01 -1.049507702965968292e-16 -5.992255595037340732e-02
1.680752069670539228e+01 -2.341876692568689577e-17 -5.950355711519479673e-02
1.691224045182505265e+01 -1.838806884535415520e-16 -5.918750038348908477e-02
1.701696020694471301e+01 -7.892991815694472280e-17 -5.890832684368352279e-02
1.712167996206437337e+01 -2.428612866367529932e-17 -5.848566139967815991e-02
1.722639971718403373e+01 -5.811323644522303766e-17 -5.816876244132964530e-02
1.733111947230369054e+01 -5.204170427930421283e-17 -5.792634961796552101e-02
1.743583922742335091e+01 -2.949029909160572061e-17 -5.753390296803306825e-02
1.754055898254301127e+01 1.101549407245272505e-16 -5.719920774261735841e-02
1.764527873766267163e+01 5.204170427930421283e-17 -5.687875203598278390e-02
1.774999849278232844e+01 -1.474514954580286030e-17 -5.652598048885505710e-02
1.785471824790198880e+01 2.602085213965210642e-17 -5.614633107309281723e-02
1.795943800302165272e+01 2.341876692568689577e-17 -5.589971490266033155e-02
1.806415775814131308e+01 -4.423544863740858091e-17 -5.555744352966184713e-02
1.816887751326096989e+01 -6.852157730108388023e-17 -5.521211136796157909e-02
1.827359726838063025e+01 -1.170938346284344789e-16 -5.493329402688731239e-02
1.837831702350029062e+01 -9.367506770274758310e-17 -5.462248659108262516e-02
1.848303677861995098e+01 -5.290906601729261638e-17 -5.430341417163358358e-02
1.858775653373960779e+01 -3.209238430557093125e-17 -5.399653502855673859e-02
1.869247628885926815e+01 -2.255140518769849223e-17 -5.373485756172827199e-02
1.879719604397892851e+01 -2.602085213965210642e-18 -5.338514478208661318e-02
