5.235987755982988295e-02 9.540979117872439019e-18 -1.669576003204504416e-02
1.570796326794896558e-01 5.204170427930421283e-17 -4.968954417539109270e-02
2.617993877991494078e-01 -4.683753385137379155e-17 -8.152357629331025146e-02
3.665191429188092154e-01 4.683753385137379155e-17 -1.115259281198981711e-01
4.712388980384689674e-01 1.786765180256111307e-16 -1.391606139629205097e-01
5.759586531581286639e-01 2.437286483747413968e-16 -1.640483919979074945e-01
6.806784082777885825e-01 2.064320936412400442e-16 -1.859718518693450062e-01
7.853981633974481680e-01 2.359223927328457648e-16 -2.048604969975246215e-01
8.901179185171080865e-01 2.758210326803123280e-16 -2.207682285541524569e-01
9.948376736367677831e-01 2.662800535624398890e-16 -2.338446360739060148e-01
1.099557428756427591e+00 2.905661822261151883e-16 -2.443056238491296828e-01
1.204277183876087287e+00 3.486794186713382260e-16 -2.524074636985306208e-01
1.308996938995747206e+00 3.868433351428279821e-16 -2.584248597696995886e-01
1.413716694115406902e+00 3.920475055707584033e-16 -2.626332966934675772e-01
1.518436449235066821e+00 3.642919299551294898e-16 -2.652967855635995909e-01
1.623156204354726295e+00 3.903127820947815962e-16 -2.666591314901345378e-01
1.727875959474386214e+00 3.634245682171410863e-16 -2.669400648052347447e-01
1.832595714594045910e+00 3.799044412389207537e-16 -2.663328578258097323e-01
1.937315469713705829e+00 3.530162273612802437e-16 -2.650054174053706468e-01
2.042035224833365525e+00 3.382710778154773834e-16 -2.631017715427275694e-01
2.146754979953025000e+00 2.896988204881267848e-16 -2.607440853870234276e-01
2.251474735072684918e+00 2.966377143920340131e-16 -2.580352900806569538e-01
2.356194490192344837e+00 2.463307335887066074e-16 -2.550612400114858347e-01
2.460914245312004756e+00 2.272487753529617294e-16 -2.518925417871145100e-01
2.565634000431664230e+00 1.569924745759010420e-16 -2.485860666152076015e-01
2.670353755551324149e+00 1.439820485060749888e-16 -2.451865838474739101e-01
2.775073510670984067e+00 1.613292832658430598e-16 -2.417282931542363011e-01
2.879793265790643986e+00 1.916869440954371839e-16 -2.382362214340724149e-01
2.984513020910303460e+00 1.509209424099822172e-16 -2.347284444263005310e-01
3.089232776029963379e+00 1.639313684798082704e-16 -2.312175390566657274e-01
3.193952531149622853e+00 1.873501354054951662e-16 -2.277124217983959309e-01
3.298672286269282772e+00 1.301042606982605321e-16 -2.242194859359193937e-01
3.403392041388942246e+00 2.550043509685906429e-16 -2.207441153628431074e-01
3.508111796508602165e+00 2.012279232133096230e-16 -2.172910515809691745e-01
3.612831551628262083e+00 1.413799632921097782e-16 -2.138649303527390411e-01
3.717551306747922002e+00 1.994931997373328159e-16 -2.104707397689565274e-01
3.822271061867581476e+00 1.977584762613560088e-16 -2.071135272626668522e-01
3.926990816987241395e+00 2.393918396847993790e-16 -2.037985308457024858e-01
4.031710572106900869e+00 2.359223927328457648e-16 -2.005308882999662090e-01
4.136430327226561232e+00 2.610758831345094677e-16 -1.973152092523209888e-01
4.241150082346220707e+00 2.628106066104862748e-16 -1.941556983557439775e-01
4.345869837465881069e+00 2.567390744445674500e-16 -1.910555225345438590e-01
4.450589592585540544e+00 2.619432448724978713e-16 -1.880170038726748094e-01
4.555309347705200018e+00 3.001071613439876273e-16 -1.850416508920515180e-01
4.660029102824860381e+00 2.818925648462311528e-16 -1.821303033216054579e-01
4.764748857944519855e+00 2.949029909160572061e-16 -1.792833819575173904e-01
4.869468613064179330e+00 2.489328188026718180e-16 -1.765011717482737330e-01
4.974188368183839692e+00 1.726049858596923059e-16 -1.737839047327646158e-01
5.078908123303498279e+00 2.862293735361731706e-16 -1.711317106787127451e-01
5.183627878423158641e+00 3.157196726277788912e-16 -1.685446952865300718e-01
5.288347633542818116e+00 2.246466901389965187e-16 -1.660225513985052470e-01
5.393067388662477590e+00 2.628106066104862748e-16 -1.635646669235653605e-01
5.497787143782137953e+00 2.237793284010081152e-16 -1.611700586447241679e-01
5.602506898901797427e+00 1.942890293094023946e-16 -1.588372390256498623e-01
5.707226654021456902e+00 3.018418848199644344e-16 -1.565645737903507695e-01
5.811946409141117265e+00 1.509209424099822172e-16 -1.543501486754373098e-01
5.916666164260776739e+00 2.012279232133096230e-16 -1.521920947114219491e-01
6.021385919380437102e+00 1.561251128379126385e-16 -1.500885074069505942e-01
6.126105674500096576e+00 2.602085213965210642e-16 -1.480375741302119852e-01
6.230825429619756051e+00 1.318389841742373392e-16 -1.460376703078059279e-01
6.335545184739416413e+00 2.680147770384166961e-16 -1.440872403205079033e-01
6.440264939859075888e+00 2.324529457808921507e-16 -1.421848735645041273e-01
6.544984694978735362e+00 2.576064361825558535e-16 -1.403291930399494791e-01
6.649704450098395725e+00 1.517883041479706208e-16 -1.385187906023517268e-01
6.754424205218055199e+00 1.569924745759010420e-16 -1.367522698424552818e-01
6.859143960337715562e+00 1.682681771697502882e-16 -1.350281586897500441e-01
6.963863715457375037e+00 1.127570259384924611e-16 -1.333448649633166283e-01
7.068583470577034511e+00 1.127570259384924611e-16 -1.317006689823562726e-01
7.173303225696694874e+00 1.127570259384924611e-16 -1.300937652764618535e-01
7.278022980816354348e+00 7.632783294297951215e-17 -1.285221830852883718e-01
7.382742735936013823e+00 7.632783294297951215e-17 -1.269839883935802716e-01
7.487462491055674185e+00 1.353084311261909534e-16 -1.254773290222524207e-01
7.592182246175332772e+00 1.595945597898662527e-16 -1.240005169315234468e-01
7.696902001294993134e+00 1.361757928641793569e-16 -1.225521184424688825e-01
7.801621756414652609e+00 1.266348137463069179e-16 -1.211310184413191549e-01
7.906341511534312083e+00 1.882174971434835697e-16 -1.197364310784387181e-01
8.011061266653973334e+00 1.231653667943533037e-16 -1.183678686350753267e-01
8.115781021773631920e+00 1.890848588814719733e-16 -1.170251772707340543e-01
8.220500776893292283e+00 1.249000902703301108e-16 -1.157084179884182995e-01
8.325220532012952646e+00 1.812786032395763414e-16 -1.144178170618652679e-01
8.429940287132611232e+00 1.266348137463069179e-16 -1.131536626343670193e-01
8.534660042252271595e+00 1.179611963664228824e-16 -1.119162525405184017e-01
8.639379797371930181e+00 1.613292832658430598e-16 -1.107058247055315164e-01
8.744099552491592320e+00 1.613292832658430598e-16 -1.095224593208126429e-01
8.848819307611250906e+00 1.838806884535415520e-16 -1.083660109602536947e-01
8.953539062730909492e+00 1.214306433183764966e-16 -1.072360342116595588e-01
9.058258817850569855e+00 1.170938346284344789e-16 -1.061318181396616461e-01
9.162978572970228441e+00 7.979727989493312634e-17 -1.050523110523316067e-01
9.267698328089890580e+00 5.030698080332740574e-17 -1.039962026875543150e-01
9.372418083209549167e+00 4.683753385137379155e-17 -1.029619205693896589e-01
9.477137838329209529e+00 1.387778780781445676e-17 -1.019477560623791024e-01
9.581857593448868116e+00 3.469446951953614189e-18 -1.009520168301204918e-01
9.686577348568528478e+00 -6.331740687315345895e-17 -9.997306111082547575e-02
9.791297103688188841e+00 -6.852157730108388023e-17 -9.900945251716683493e-02
9.896016858807849204e+00 -1.110223024625156540e-16 -9.805998470011378920e-02
1.000073661392750779e+01 -1.075528555105620399e-16 -9.712378244736205590e-02
1.010545636904716815e+01 -1.431146867680865853e-16 -9.620032120689944732e-02
1.021017612416682674e+01 -1.327063459122257427e-16 -9.528940888023279543e-02
1.031489587928648710e+01 -2.125036258071588691e-16 -9.439115298130891507e-02
1.041961563440614746e+01 -1.977584762613560088e-16 -9.350590116527912610e-02
1.052433538952580783e+01 -2.706168622523819067e-16 -9.263421400513768833e-02
1.062905514464546641e+01 -2.896988204881267848e-16 -9.177671656463477767e-02
1.073377489976512678e+01 -3.330669073875469621e-16 -9.093404439216759561e-02
1.083849465488478536e+01 -3.096481404618600664e-16 -9.010678087944161418e-02
1.094321441000444750e+01 -3.460773334573730153e-16 -8.929539743498840498e-02
1.104793416512410609e+01 -3.295974604355933479e-16 -8.850023789682341657e-02
1.115265392024376645e+01 -3.616898447411642792e-16 -8.772148901918178088e-02
1.125737367536342504e+01 -3.582203977892106650e-16 -8.695923813261417779e-02
1.136209343048308362e+01 -3.747002708109903324e-16 -8.624066602945754112e-02
1.146681318560274576e+01 -3.712308238590367182e-16 -8.551154944506034195e-02
1.157153294072240435e+01 -3.521488656232918402e-16 -8.479868228667068741e-02
1.167625269584206471e+01 -3.330669073875469621e-16 -8.410184830761777142e-02
1.178097245096172330e+01 -3.261280134836397337e-16 -8.342076458827193952e-02
1.188569220608138366e+01 -3.504141421473150331e-16 -8.275505268310762164e-02
1.199041196120104225e+01 -3.174543961037556983e-16 -8.210424239111419054e-02
1.209513171632070438e+01 -3.304648221735817515e-16 -8.146768751496204219e-02
1.219985147144036297e+01 -2.905661822261151883e-16 -8.084455577747888533e-02
1.230457122656002333e+01 -2.723515857283587138e-16 -8.023378551356441513e-02
1.240929098167968192e+01 -2.766883944183007316e-16 -7.963410888968923407e-02
1.251401073679934228e+01 -2.654126918244514854e-16 -7.904407416605557790e-02
1.261873049191900265e+01 -2.246466901389965187e-16 -7.846209145023938514e-02
1.272345024703866301e+01 -2.515349040166370287e-16 -7.788656590926432144e-02
1.282817000215832159e+01 -2.133709875451472726e-16 -7.731601817521202569e-02
1.293288975727798196e+01 -2.385244779468109755e-16 -7.674920436975912752e-02
1.303760951239764054e+01 -2.151057110211240797e-16 -7.618520969591915937e-02
1.314232926751730268e+01 -1.916869440954371839e-16 -7.562353553931083772e-02
1.324704902263696127e+01 -1.908195823574487804e-16 -7.506414205561190434e-02
1.335176877775662163e+01 -1.890848588814719733e-16 -7.450742056592422891e-02
1.345648853287628022e+01 -1.595945597898662527e-16 -7.395412674522056085e-02
1.356120828799594058e+01 -1.726049858596923059e-16 -7.340527437272850730e-02
1.366592804311559917e+01 -1.821459649775647449e-16 -7.286202733146188160e-02
1.377064779823526131e+01 -1.257674520083185143e-16 -7.232552788222781914e-02
1.387536755335491989e+01 -1.162264728904460753e-16 -7.179680351916459258e-02
1.398008730847457848e+01 -1.283695372222837250e-16 -7.127667535880166660e-02
1.408480706359423884e+01 -1.257674520083185143e-16 -7.076567961159535569e-02
1.418952681871389743e+01 -1.353084311261909534e-16 -7.026408396722877425e-02
1.429424657383355957e+01 -1.353084311261909534e-16 -6.977188287711745540e-02
1.439896632895321815e+01 -1.084202172485504434e-16 -6.928882840797845333e-02
1.450368608407287851e+01 -1.309716224362489356e-16 -6.881453961378379558e-02
1.460840583919253710e+01 -1.040834085586084257e-16 -6.834851038720013428e-02
1.471312559431219746e+01 -1.136243876764808647e-16 -6.789020465639597490e-02
1.481784534943185783e+01 -1.136243876764808647e-16 -6.743908091962505513e-02
1.492256510455151819e+01 -1.023486850826316186e-16 -6.699461214918614460e-02
1.502728485967117678e+01 -1.231653667943533037e-16 -6.655632243003450910e-02
1.513200461479083714e+01 -1.240327285323417073e-16 -6.612372599669943951e-02
1.523672436991049572e+01 -1.049507702965968292e-16 -6.569645153372696833e-02
1.534144412503015609e+01 -1.110223024625156540e-16 -6.527406129144092128e-02
1.544616388014981645e+01 -1.188285581044112860e-16 -6.485617461648320037e-02
1.555088363526947681e+01 -9.887923813067800438e-17 -6.444241067049641392e-02
1.565560339038913540e+01 -1.006139616066548115e-16 -6.403242264658340344e-02
1.576032314550879576e+01 -1.144917494144692682e-16 -6.362591205750380008e-02
1.586504290062845435e+01 -9.887923813067800438e-17 -6.322264367236289651e-02
1.596976265574811649e+01 -8.673617379884035472e-17 -6.282251048391652992e-02
1.607448241086777685e+01 -9.107298248878237246e-17 -6.242552132144439658e-02
1.617920216598743366e+01 -1.023486850826316186e-16 -6.203186088467717296e-02
1.628392192110709402e+01 -6.158268339717665185e-17 -6.164188240898443166e-02
1.638864167622675438e+01 -6.852157730108388023e-17 -6.125607524813564408e-02
1.649336143134641475e+01 -9.540979117872439019e-17 -6.087504928671511051e-02
1.659808118646607511e+01 -9.367506770274758310e-17 -6.049946086150156943e-02
1.670280094158573192e+01 -7.025630077706068732e-17 -6.012994282153159842e-02
1.680752069670539228e+01 -8.066464163292152989e-17 -5.976704606774362050e-02
1.691224045182505265e+01 -8.239936510889833698e-17 -5.941114819776634193e-02
1.701696020694471301e+01 -8.066464163292152989e-17 -5.906241557891644262e-02
1.712167996206437337e+01 -7.025630077706068732e-17 -5.872077631990521573e-02
1.722639971718403373e+01 -9.714451465470119729e-17 -5.838592190146921213e-02
1.733111947230369054e+01 -7.285838599102589797e-17 -5.805733174771520594e-02
1.743583922742335091e+01 -9.887923813067800438e-17 -5.773433040464301391e-02
1.754055898254301127e+01 -5.724587470723463412e-17 -5.741615776098866336e-02
1.764527873766267163e+01 -6.071532165918824830e-17 -5.710203124450689838e-02
1.774999849278232844e+01 -7.719519468096791570e-17 -5.679120894645930950e-02
1.785471824790198880e+01 -7.025630077706068732e-17 -5.648304124351137545e-02
1.795943800302165272e+01 -7.892991815694472280e-17 -5.617701698034840985e-02
1.806415775814131308e+01 -8.586881206085195117e-17 -5.587276543727488082e-02
1.816887751326096989e+01 -7.199102425303749442e-17 -5.557004710170341394e-02
1.827359726838063025e+01 -8.760353553682875827e-17 -5.526874445983884915e-02
1.837831702350029062e+01 -8.153200337090993344e-17 -5.496882942849452836e-02
1.848303677861995098e+01 -7.632783294297951215e-17 -5.467034650929230438e-02
1.858775653373960779e+01 -7.025630077706068732e-17 -5.437337381794095370e-02
1.869247628885926815e+01 -9.714451465470119729e-17 -5.407801838374938497e-02
1.879719604397892851e+01 -9.714451465470119729e-17 -5.378440187305087716e-02
