5.235987755982988295e-02 -5.516420653606246560e-16 -1.844974639163030838e+00
1.570796326794896558e-01 -3.157196726277788912e-16 -1.620404361604179222e+00
2.617993877991494078e-01 1.144917494144692682e-16 -1.445502595399570378e+00
3.665191429188092154e-01 -1.587271980518778491e-16 -1.293695723506557815e+00
4.712388980384689674e-01 -1.812786032395763414e-16 -1.164703527469134192e+00
5.759586531581286639e-01 -1.006139616066548115e-16 -1.059208419686939351e+00
6.806784082777885825e-01 -3.139849491518020841e-16 -9.706489784414822353e-01
7.853981633974481680e-01 -2.879640970121499777e-16 -8.941378589250781328e-01
8.901179185171080865e-01 -3.200564813177209089e-16 -8.289507141142704594e-01
9.948376736367677831e-01 1.040834085586084257e-16 -7.711456303324970563e-01
1.099557428756427591e+00 -2.732189474663471174e-16 -7.206849145528829714e-01
1.204277183876087287e+00 -7.979727989493312634e-17 -6.751840943413864871e-01
1.308996938995747206e+00 -7.806255641895631925e-17 -6.358641087433744010e-01
1.413716694115406902e+00 -1.196959198423996895e-16 -5.997446627206552972e-01
1.518436449235066821e+00 4.510281037539698445e-17 -5.665518114692346119e-01
1.623156204354726295e+00 -1.283695372222837250e-16 -5.377095404080887153e-01
1.727875959474386214e+00 -1.665334536937734811e-16 -5.111385415164311219e-01
1.832595714594045910e+00 -1.266348137463069179e-16 -4.872497032498400715e-01
1.937315469713705829e+00 8.673617379884035472e-19 -4.655699595562814985e-01
2.042035224833365525e+00 -4.336808689942017736e-17 -4.453019588157164366e-01
2.146754979953025000e+00 -8.933825901280556536e-17 -4.272022117340398273e-01
2.251474735072684918e+00 -8.326672684688674053e-17 -4.099197347544040193e-01
2.356194490192344837e+00 1.231653667943533037e-16 -3.939408050169836972e-01
2.460914245312004756e+00 -2.602085213965210642e-17 -3.794053604094207999e-01
2.565634000431664230e+00 -1.856154119295183591e-16 -3.656233356604677298e-01
2.670353755551324149e+00 -1.665334536937734811e-16 -3.528048991862133832e-01
2.775073510670984067e+00 8.413408858487514408e-17 -3.409876674479743186e-01
2.879793265790643986e+00 8.500145032286354763e-17 -3.296190997556828206e-01
2.984513020910303460e+00 -7.979727989493312634e-17 -3.191718012206432586e-01
3.089232776029963379e+00 -5.724587470723463412e-17 -3.095345635366499870e-01
3.193952531149622853e+00 -1.509209424099822172e-16 -2.997658303974310989e-01
3.298672286269282772e+00 -3.183217578417441018e-16 -2.909318940553551336e-01
3.403392041388942246e+00 1.387778780781445676e-17 -2.826462348614753872e-01
3.508111796508602165e+00 -2.341876692568689577e-16 -2.748619115561712900e-01
3.612831551628262083e+00 1.040834085586084257e-16 -2.671417824757654214e-01
3.717551306747922002e+00 -1.448494102440633924e-16 -2.600342284496076628e-01
3.822271061867581476e+00 -1.370431546021677605e-16 -2.534662337425863665e-01
3.926990816987241395e+00 -2.862293735361731706e-16 -2.470517293474226161e-01
4.031710572106900869e+00 2.211772431870429045e-16 -2.409651103646071324e-01
4.136430327226561232e+00 2.949029909160572061e-16 -2.353084382155325727e-01
4.241150082346220707e+00 1.769417945496343236e-16 -2.299442218587940123e-01
4.345869837465881069e+00 2.116362640691704655e-16 -2.246962013142239367e-01
4.450589592585540544e+00 1.726049858596923059e-16 -2.196744906829810051e-01
4.555309347705200018e+00 -6.505213034913026604e-17 -2.147772909364799865e-01
4.660029102824860381e+00 -2.324529457808921507e-16 -2.101396143555221419e-01
4.764748857944519855e+00 7.632783294297951215e-17 -2.056000866230861812e-01
4.869468613064179330e+00 2.125036258071588691e-16 -2.013275645175031658e-01
4.974188368183839692e+00 1.908195823574487804e-16 -1.972771958647139279e-01
5.078908123303498279e+00 2.602085213965210642e-16 -1.933193901771113887e-01
5.183627878423158641e+00 3.504141421473150331e-16 -1.895529800518490626e-01
5.288347633542818116e+00 2.836272883222079599e-16 -1.859953554749373961e-01
5.393067388662477590e+00 7.112366251504909087e-17 -1.825101535453470536e-01
5.497787143782137953e+00 -2.081668171172168513e-17 -1.791464744754482641e-01
5.602506898901797427e+00 7.112366251504909087e-17 -1.759432902076613348e-01
5.707226654021456902e+00 -1.222980050563649002e-16 -1.727218467283606618e-01
5.811946409141117265e+00 3.035766082959412415e-16 -1.697121771461682083e-01
5.916666164260776739e+00 1.023486850826316186e-16 -1.667395270142121300e-01
6.021385919380437102e+00 -9.454242944073598665e-17 -1.640635415568094668e-01
6.126105674500096576e+00 -1.301042606982605321e-17 -1.613187407947403729e-01
6.230825429619756051e+00 3.313321839115701550e-16 -1.586733051915097392e-01
6.335545184739416413e+00 -3.209238430557093125e-17 -1.560359890485840395e-01
6.440264939859075888e+00 7.025630077706068732e-17 -1.535730088568598439e-01
6.544984694978735362e+00 5.204170427930421283e-18 -1.512736360193012719e-01
6.649704450098395725e+00 -1.543903893619358314e-16 -1.488839441487193049e-01
6.754424205218055199e+00 -2.792904796322659422e-16 -1.465475381228739382e-01
6.859143960337715562e+00 -2.949029909160572061e-17 -1.443231107278107050e-01
6.963863715457375037e+00 -2.827599265842195564e-16 -1.421583433325672163e-01
7.068583470577034511e+00 -4.597017211338538800e-17 -1.401548239114293881e-01
7.173303225696694874e+00 -6.158268339717665185e-17 -1.382001811385916157e-01
7.278022980816354348e+00 -1.266348137463069179e-16 -1.362437421636871482e-01
7.382742735936013823e+00 -2.081668171172168513e-16 -1.342797766620421329e-01
7.487462491055674185e+00 7.632783294297951215e-16 -1.325624673256340091e-01
7.592182246175332772e+00 -4.041905699025960530e-16 -1.307852114221063344e-01
7.696902001294993134e+00 -1.543903893619358314e-16 -1.289838341426845780e-01
7.801621756414652609e+00 -5.377642775528101993e-17 -1.272910065349666942e-01
7.906341511534312083e+00 -5.377642775528101993e-17 -1.256061755023437920e-01
8.011061266653973334e+00 -1.864827736675067626e-16 -1.240368127991147151e-01
8.115781021773631920e+00 2.081668171172168513e-17 -1.223896089149034277e-01
8.220500776893292283e+00 -1.162264728904460753e-16 -1.209314153896611094e-01
8.325220532012952646e+00 -7.979727989493312634e-17 -1.194663304239104717e-01
8.429940287132611232e+00 -1.578598363138894456e-16 -1.179509499465888345e-01
8.534660042252271595e+00 1.023486850826316186e-16 -1.165266361546947599e-01
8.639379797371930181e+00 4.328135072562133701e-16 -1.151031157987282283e-01
8.744099552491592320e+00 7.077671781985372945e-16 -1.137559846166438238e-01
8.848819307611250906e+00 -1.214306433183764966e-17 -1.124703632061474917e-01
8.953539062730909492e+00 3.833738881908743679e-16 -1.111435320387926251e-01
9.058258817850569855e+00 4.874572967494827935e-16 -1.098650325679506878e-01
9.162978572970228441e+00 4.336808689942017736e-17 -1.086474334498127164e-01
9.267698328089890580e+00 1.700029006457270953e-16 -1.074296629048918095e-01
9.372418083209549167e+00 9.454242944073598665e-17 -1.062435862377186374e-01
9.477137838329209529e+00 1.951563910473907981e-16 -1.050935646078118707e-01
9.581857593448868116e+00 4.024558464266192459e-16 -1.039782956056510693e-01
9.686577348568528478e+00 2.792904796322659422e-16 -1.028737257402063676e-01
9.791297103688188841e+00 6.938893903907228378e-17 -1.017463514746775877e-01
9.896016858807849204e+00 -1.743397093356691130e-16 -1.006667486975975356e-01
1.000073661392750779e+01 -2.393918396847993790e-16 -9.955844024438266493e-02
1.010545636904716815e+01 1.361757928641793569e-16 -9.858146504507968311e-02
1.021017612416682674e+01 2.151057110211240797e-16 -9.757574982651792683e-02
1.031489587928648710e+01 -1.153591111524576718e-16 -9.658284047713305842e-02
1.041961563440614746e+01 1.014813233446432150e-16 -9.562997445958658360e-02
1.052433538952580783e+01 2.775557561562891351e-17 -9.467302440918867745e-02
1.062905514464546641e+01 -9.107298248878237246e-17 -9.376065557078436252e-02
1.073377489976512678e+01 -1.830133267155531485e-16 -9.286425717733517993e-02
1.083849465488478536e+01 -2.359223927328457648e-16 -9.196623494622130357e-02
1.094321441000444750e+01 -2.949029909160572061e-17 -9.109255773484688234e-02
1.104793416512410609e+01 -7.806255641895631925e-17 -9.026835599436919266e-02
1.115265392024376645e+01 -1.214306433183764966e-16 -8.943943025469297536e-02
1.125737367536342504e+01 -6.418476861114186249e-17 -8.860484459826596659e-02
1.136209343048308362e+01 7.546047120499110861e-17 -8.779219753122367853e-02
1.146681318560274576e+01 -7.979727989493312634e-17 -8.699456305350669605e-02
1.157153294072240435e+01 -2.688821387764050996e-17 -8.622841789057282547e-02
1.167625269584206471e+01 -1.769417945496343236e-16 -8.548240952099173118e-02
1.178097245096172330e+01 -3.903127820947815962e-17 -8.472577122596335053e-02
1.188569220608138366e+01 -1.075528555105620399e-16 -8.396611013395070822e-02
1.199041196120104225e+01 -1.700029006457270953e-16 -8.323931309504352394e-02
1.209513171632070438e+01 -3.209238430557093125e-17 -8.253023258140072815e-02
1.219985147144036297e+01 1.908195823574487804e-17 -8.182760567665514628e-02
1.230457122656002333e+01 2.862293735361731706e-17 -8.115206373581718147e-02
1.240929098167968192e+01 1.075528555105620399e-16 -8.048087887269961271e-02
1.251401073679934228e+01 3.417405247674309976e-16 -7.984176600211354002e-02
1.261873049191900265e+01 4.432218481120742126e-16 -7.915805159006314429e-02
1.272345024703866301e+01 9.280770596475917955e-17 -7.849612157984862948e-02
1.282817000215832159e+01 -6.418476861114186249e-17 -7.788623713882511512e-02
1.293288975727798196e+01 -1.075528555105620399e-16 -7.723284402005352323e-02
1.303760951239764054e+01 1.752070710736575165e-16 -7.660140474802845656e-02
1.314232926751730268e+01 -3.469446951953614189e-17 -7.600411354987687829e-02
1.324704902263696127e+01 -2.012279232133096230e-16 -7.544390904994612013e-02
1.335176877775662163e+01 5.204170427930421283e-17 -7.484901211402365806e-02
1.345648853287628022e+01 -8.153200337090993344e-17 -7.428537082998770691e-02
1.356120828799594058e+01 3.469446951953614189e-18 -7.372737032606151153e-02
1.366592804311559917e+01 -3.816391647148975608e-17 -7.315556015553359437e-02
1.377064779823526131e+01 1.561251128379126385e-17 -7.260406016638379367e-02
1.387536755335491989e+01 -2.471980953266950110e-16 -7.207116016656531232e-02
1.398008730847457848e+01 -3.469446951953614189e-18 -7.152262885486102006e-02
1.408480706359423884e+01 -4.250072516143177381e-17 -7.099616010037930469e-02
1.418952681871389743e+01 -6.765421556309547668e-17 -7.047040499104224864e-02
1.429424657383355957e+01 -2.515349040166370287e-17 -6.997149436826188840e-02
1.439896632895321815e+01 -1.405126015541213746e-16 -6.944381362299152649e-02
1.450368608407287851e+01 -6.765421556309547668e-17 -6.895674857119932222e-02
1.460840583919253710e+01 -3.729655473350135253e-17 -6.845381840362914361e-02
1.471312559431219746e+01 -1.084202172485504434e-16 -6.798120032949080127e-02
1.481784534943185783e+01 -7.546047120499110861e-17 -6.752199433900603343e-02
1.492256510455151819e+01 -9.887923813067800438e-17 -6.702816830193530917e-02
1.502728485967117678e+01 -1.249000902703301108e-16 -6.656043603014914767e-02
1.513200461479083714e+01 -1.578598363138894456e-16 -6.611876468078306535e-02
1.523672436991049572e+01 -1.023486850826316186e-16 -6.566359900190890664e-02
1.534144412503015609e+01 -1.275021754842953214e-16 -6.519678121782068736e-02
1.544616388014981645e+01 -1.023486850826316186e-16 -6.477417616577349491e-02
1.555088363526947681e+01 -9.280770596475917955e-17 -6.435070861114425278e-02
1.565560339038913540e+01 -7.025630077706068732e-17 -6.391286744083213289e-02
1.576032314550879576e+01 -1.778091562876227272e-16 -6.349990940255989536e-02
1.586504290062845435e+01 -3.729655473350135253e-17 -6.306582531980846340e-02
1.596976265574811649e+01 -6.765421556309547668e-17 -6.266569918027593833e-02
1.607448241086777685e+01 8.673617379884035472e-19 -6.225611026296434120e-02
1.617920216598743366e+01 -1.301042606982605321e-17 -6.185699187371994368e-02
1.628392192110709402e+01 -1.517883041479706208e-16 -6.145322620629788124e-02
1.638864167622675438e+01 2.168404344971008868e-17 -6.107083684261992163e-02
1.649336143134641475e+01 1.214306433183764966e-17 -6.068624150815342400e-02
1.659808118646607511e+01 -3.295974604355933479e-17 -6.029909206308796399e-02
1.670280094158573192e+01 -3.295974604355933479e-17 -5.993067124726226408e-02
1.680752069670539228e+01 1.301042606982605321e-17 -5.956832954657438617e-02
1.691224045182505265e+01 -9.194034422677077600e-17 -5.919753567366570213e-02
1.701696020694471301e+01 -1.014813233446432150e-16 -5.885539848837571114e-02
1.712167996206437337e+01 1.266348137463069179e-16 -5.850191156380048219e-02
1.722639971718403373e+01 -9.540979117872439019e-18 -5.814006193508078346e-02
1.733111947230369054e+01 -3.903127820947815962e-17 -5.777713628004518126e-02
1.743583922742335091e+01 1.006139616066548115e-16 -5.744482310042649253e-02
1.754055898254301127e+01 2.237793284010081152e-16 -5.709670130381195446e-02
1.764527873766267163e+01 1.708702623837154988e-16 -5.674820982655278540e-02
1.774999849278232844e+01 1.491862189340054101e-16 -5.642830400623197185e-02
1.785471824790198880e+01 4.597017211338538800e-17 -5.610282324145812044e-02
1.795943800302165272e+01 9.887923813067800438e-17 -5.578382979212805071e-02
1.806415775814131308e+01 8.239936510889833698e-17 -5.546228864789617269e-02
1.816887751326096989e+01 -2.341876692568689577e-17 -5.514660564987397540e-02
1.827359726838063025e+01 -1.127570259384924611e-17 -5.483251196499706881e-02
1.837831702350029062e+01 3.642919299551294898e-17 -5.451502441506542174e-02
1.848303677861995098e+01 1.734723475976807094e-18 -5.420694711587648040e-02
1.858775653373960779e+01 6.505213034913026604e-17 -5.391022494345291960e-02
1.869247628885926815e+01 5.204170427930421283e-17 -5.361448548013064697e-02
1.879719604397892851e+01 7.546047120499110861e-17 -5.331655993538332583e-02
