5.235987755982988295e-02 1.491862189340054101e-16 -2.170436888728479938e-02
1.570796326794896558e-01 1.639313684798082704e-16 -6.439526537751028012e-02
2.617993877991494078e-01 2.020952849512980265e-16 -1.050152482460913195e-01
3.665191429188092154e-01 1.795438797635995343e-16 -1.424444179063302507e-01
4.712388980384689674e-01 1.569924745759010420e-16 -1.758903473464283052e-01
5.759586531581286639e-01 2.697495005143935032e-16 -2.049128307350479017e-01
6.806784082777885825e-01 3.252606517456513302e-16 -2.293977246202019149e-01
7.853981633974481680e-01 3.287300986976049444e-16 -2.494881314369584158e-01
8.901179185171080865e-01 3.660266534311062969e-16 -2.655070632206389947e-01
9.948376736367677831e-01 3.478120569333498224e-16 -2.778832613790085948e-01
1.099557428756427591e+00 2.558717127065790464e-16 -2.870874180660171193e-01
1.204277183876087287e+00 3.174543961037556983e-16 -2.935855529060868996e-01
1.308996938995747206e+00 3.096481404618600664e-16 -2.978089416309802617e-01
1.413716694115406902e+00 2.931682674400803990e-16 -3.001351176616944838e-01
1.518436449235066821e+00 2.541369892306022393e-16 -3.008858491688515824e-01
1.623156204354726295e+00 2.524022657546254322e-16 -3.003316777878136112e-01
1.727875959474386214e+00 2.576064361825558535e-16 -2.987023758130871176e-01
1.832595714594045910e+00 3.148523108897904876e-16 -2.961987014130598173e-01
1.937315469713705829e+00 2.489328188026718180e-16 -2.930004202943691238e-01
2.042035224833365525e+00 2.506675422786486251e-16 -2.892696555239108180e-01
2.146754979953025000e+00 2.055647319032516407e-16 -2.851511577681223319e-01
2.251474735072684918e+00 2.489328188026718180e-16 -2.807697756917418852e-01
2.356194490192344837e+00 1.353084311261909534e-16 -2.762285261104712175e-01
2.460914245312004756e+00 1.526556658859590243e-16 -2.716072301247361431e-01
2.565634000431664230e+00 1.821459649775647449e-16 -2.669643872601323853e-01
2.670353755551324149e+00 1.379105163401561640e-16 -2.623396100027530209e-01
2.775073510670984067e+00 8.066464163292152989e-17 -2.577569007757251063e-01
2.879793265790643986e+00 1.543903893619358314e-16 -2.532290360556421760e-01
2.984513020910303460e+00 1.500535806719938137e-16 -2.487608465347309061e-01
3.089232776029963379e+00 2.281161370909501329e-16 -2.443525110894825270e-01
3.193952531149622853e+00 1.726049858596923059e-16 -2.400024189832516142e-01
3.298672286269282772e+00 1.500535806719938137e-16 -2.357092155967732139e-01
3.403392041388942246e+00 2.732189474663471174e-16 -2.314733706660406232e-01
3.508111796508602165e+00 1.708702623837154988e-16 -2.272974241240830751e-01
3.612831551628262083e+00 2.211772431870429045e-16 -2.231857571446275446e-01
3.717551306747922002e+00 1.439820485060749888e-16 -2.191445276652680962e-01
3.822271061867581476e+00 3.027092465579528380e-16 -2.151806406698463237e-01
3.926990816987241395e+00 2.367897544708341684e-16 -2.113015949546057648e-01
4.031710572106900869e+00 2.541369892306022393e-16 -2.075153494716753810e-01
4.136430327226561232e+00 2.645453300864630819e-16 -2.038290658727594240e-01
4.241150082346220707e+00 1.986258379993444123e-16 -2.002485344773860532e-01
4.345869837465881069e+00 2.281161370909501329e-16 -1.967767995167982731e-01
4.450589592585540544e+00 2.818925648462311528e-16 -1.934134034963985449e-01
4.555309347705200018e+00 2.940356291780688025e-16 -1.901544635480228451e-01
4.660029102824860381e+00 2.853620117981847670e-16 -1.869938241449303762e-01
4.764748857944519855e+00 2.246466901389965187e-16 -1.839244832505039506e-01
4.869468613064179330e+00 2.888314587501383812e-16 -1.809403773244102342e-01
4.974188368183839692e+00 3.217912047936977160e-16 -1.780375203697489583e-01
5.078908123303498279e+00 2.688821387764050996e-16 -1.752140779055104958e-01
5.183627878423158641e+00 2.341876692568689577e-16 -1.724698406473045842e-01
5.288347633542818116e+00 2.680147770384166961e-16 -1.698050270152189900e-01
5.393067388662477590e+00 1.804112415015879378e-16 -1.672189965567725811e-01
5.497787143782137953e+00 2.506675422786486251e-16 -1.647096468032992478e-01
5.602506898901797427e+00 1.309716224362489356e-16 -1.622730009952628727e-01
5.707226654021456902e+00 1.795438797635995343e-16 -1.599036584310840337e-01
5.811946409141117265e+00 1.882174971434835697e-16 -1.575954138416108541e-01
5.916666164260776739e+00 2.194425197110660974e-16 -1.553421506983367617e-01
6.021385919380437102e+00 1.934216675714139910e-16 -1.531384270989338547e-01
6.126105674500096576e+00 2.367897544708341684e-16 -1.509800196647826387e-01
6.230825429619756051e+00 1.561251128379126385e-16 -1.488640661638014340e-01
6.335545184739416413e+00 2.246466901389965187e-16 -1.467892055228660064e-01
6.440264939859075888e+00 1.413799632921097782e-16 -1.447553953587309983e-01
6.544984694978735362e+00 2.385244779468109755e-16 -1.427635980399524496e-01
6.649704450098395725e+00 1.465841337200401995e-16 -1.408154225542308791e-01
6.754424205218055199e+00 1.144917494144692682e-16 -1.389126529120649489e-01
6.859143960337715562e+00 1.639313684798082704e-16 -1.370567721014043505e-01
6.963863715457375037e+00 1.587271980518778491e-16 -1.352485611753743155e-01
7.068583470577034511e+00 9.974659986866640793e-17 -1.334877611329907121e-01
7.173303225696694874e+00 1.014813233446432150e-16 -1.317732140077109426e-01
7.278022980816354348e+00 1.448494102440633924e-16 -1.301029646055210098e-01
7.382742735936013823e+00 3.295974604355933479e-17 -1.284747260170795435e-01
7.487462491055674185e+00 1.370431546021677605e-16 -1.268862941727695315e-01
7.592182246175332772e+00 1.136243876764808647e-16 -1.253358669572040840e-01
7.696902001294993134e+00 1.014813233446432150e-16 -1.238220923125918499e-01
7.801621756414652609e+00 1.899522206194603768e-16 -1.223439577956844104e-01
7.906341511534312083e+00 1.569924745759010420e-16 -1.209005721495995250e-01
8.011061266653973334e+00 1.118896642005040576e-16 -1.194908395132201762e-01
8.115781021773631920e+00 1.153591111524576718e-16 -1.181133362268470266e-01
8.220500776893292283e+00 2.020952849512980265e-16 -1.167663124431207733e-01
8.325220532012952646e+00 1.327063459122257427e-16 -1.154478081603112216e-01
8.429940287132611232e+00 1.674008154317618846e-16 -1.141558907080903462e-01
8.534660042252271595e+00 1.465841337200401995e-16 -1.128887949396873286e-01
8.639379797371930181e+00 2.402592014227877826e-16 -1.116452570971469549e-01
8.744099552491592320e+00 1.483188571960170066e-16 -1.104245630509339410e-01
8.848819307611250906e+00 1.674008154317618846e-16 -1.092265772217924091e-01
8.953539062730909492e+00 1.144917494144692682e-16 -1.080518473979240612e-01
9.058258817850569855e+00 1.613292832658430598e-16 -1.069013773920176325e-01
9.162978572970228441e+00 1.170938346284344789e-16 -1.057763323208154582e-01
9.267698328089890580e+00 1.084202172485504434e-16 -1.046777879485331908e-01
9.372418083209549167e+00 5.811323644522303766e-17 -1.036061356406909467e-01
9.477137838329209529e+00 8.239936510889833698e-17 -1.025607111519101222e-01
9.581857593448868116e+00 7.892991815694472280e-17 -1.015395976315541099e-01
9.686577348568528478e+00 3.469446951953614189e-18 -1.005395990797296191e-01
9.791297103688188841e+00 -1.561251128379126385e-17 -9.955675287619659974e-02
9.896016858807849204e+00 -4.943961906533900219e-17 -9.858699626244912806e-02
1.000073661392750779e+01 -1.327063459122257427e-16 -9.762693832548829942e-02
1.010545636904716815e+01 -6.158268339717665185e-17 -9.667471167102364982e-02
1.021017612416682674e+01 -1.058181320345852328e-16 -9.573031871735948606e-02
1.031489587928648710e+01 -1.465841337200401995e-16 -9.479568716130011563e-02
1.041961563440614746e+01 -2.012279232133096230e-16 -9.387436783861811962e-02
1.052433538952580783e+01 -2.610758831345094677e-16 -9.297085596181113576e-02
1.062905514464546641e+01 -2.584737979205442571e-16 -9.208957287408114922e-02
1.073377489976512678e+01 -3.105155021998484699e-16 -9.123401199866335021e-02
1.083849465488478536e+01 -3.486794186713382260e-16 -9.040587161567885388e-02
1.094321441000444750e+01 -3.842412499288627714e-16 -8.960462788164075265e-02
1.104793416512410609e+01 -3.738329090730019288e-16 -8.882763227297282849e-02
1.115265392024376645e+01 -3.877106968808163856e-16 -8.807075460655877652e-02
1.125737367536342504e+01 -3.989863994746656317e-16 -8.732927622038350046e-02
1.136209343048308362e+01 -3.495467804093266295e-16 -8.662648742359835285e-02
1.146681318560274576e+01 -3.842412499288627714e-16 -8.590446524437965470e-02
1.157153294072240435e+01 -3.538835890992686473e-16 -8.518896892918390029e-02
1.167625269584206471e+01 -4.050579316405844565e-16 -8.447997343792781888e-02
1.178097245096172330e+01 -3.339342691255353657e-16 -8.377861457092554420e-02
1.188569220608138366e+01 -3.191891195797325054e-16 -8.308679348922939911e-02
1.199041196120104225e+01 -2.992397996059992238e-16 -8.240673921313103334e-02
1.209513171632070438e+01 -3.443426099813962082e-16 -8.174050985417226356e-02
1.219985147144036297e+01 -2.584737979205442571e-16 -8.108963730713958373e-02
1.230457122656002333e+01 -2.905661822261151883e-16 -8.045464245109697210e-02
1.240929098167968192e+01 -2.758210326803123280e-16 -7.983475910026037459e-02
1.251401073679934228e+01 -2.194425197110660974e-16 -7.922791383608679405e-02
1.261873049191900265e+01 -1.795438797635995343e-16 -7.863096761763536946e-02
1.272345024703866301e+01 -2.437286483747413968e-16 -7.804039517491216660e-02
1.282817000215832159e+01 -2.307182223049153436e-16 -7.745302848616819613e-02
1.293288975727798196e+01 -2.281161370909501329e-16 -7.686674658155444317e-02
1.303760951239764054e+01 -1.916869440954371839e-16 -7.628085499945674863e-02
1.314232926751730268e+01 -2.055647319032516407e-16 -7.569607739091899212e-02
1.324704902263696127e+01 -1.838806884535415520e-16 -7.511422900499148403e-02
1.335176877775662163e+01 -1.474514954580286030e-16 -7.453768753692063820e-02
1.345648853287628022e+01 -1.587271980518778491e-16 -7.396891058236401695e-02
1.356120828799594058e+01 -1.084202172485504434e-16 -7.341011202430894333e-02
1.366592804311559917e+01 -1.769417945496343236e-16 -7.286305591061731368e-02
1.377064779823526131e+01 -1.630640067418198669e-16 -7.232898297807038857e-02
1.387536755335491989e+01 -1.439820485060749888e-16 -7.180844494708675529e-02
1.398008730847457848e+01 -1.118896642005040576e-16 -7.130116912079240143e-02
1.408480706359423884e+01 -1.647987302177966740e-16 -7.080603016388782589e-02
1.418952681871389743e+01 -9.974659986866640793e-17 -7.032101871234147650e-02
1.429424657383355957e+01 -7.892991815694472280e-17 -6.984354631902672805e-02
1.439896632895321815e+01 -8.586881206085195117e-17 -6.937090943182026848e-02
1.450368608407287851e+01 -1.266348137463069179e-16 -6.890076815079305972e-02
1.460840583919253710e+01 -1.222980050563649002e-16 -6.843161142417947262e-02
1.471312559431219746e+01 -1.101549407245272505e-16 -6.796298001601353000e-02
1.481784534943185783e+01 -9.280770596475917955e-17 -6.749532964413260117e-02
1.492256510455151819e+01 -9.107298248878237246e-17 -6.702986727262111311e-02
1.502728485967117678e+01 -6.678685382510707313e-17 -6.656815702134971646e-02
1.513200461479083714e+01 -9.974659986866640793e-17 -6.611184939155634321e-02
1.523672436991049572e+01 -1.049507702965968292e-16 -6.566265895189987711e-02
1.534144412503015609e+01 -9.194034422677077600e-17 -6.522201632858541653e-02
1.544616388014981645e+01 -9.974659986866640793e-17 -6.479107457823346516e-02
1.555088363526947681e+01 -1.023486850826316186e-16 -6.437050488828666150e-02
1.565560339038913540e+01 -1.040834085586084257e-16 -6.396023138682435660e-02
1.576032314550879576e+01 -8.326672684688674053e-17 -6.355941009560572841e-02
1.586504290062845435e+01 -4.683753385137379155e-17 -6.316644418100239577e-02
1.596976265574811649e+01 -7.806255641895631925e-17 -6.277928077915154170e-02
1.607448241086777685e+01 -1.257674520083185143e-16 -6.239584042039726663e-02
1.617920216598743366e+01 -7.632783294297951215e-17 -6.201438124812776176e-02
1.628392192110709402e+01 -8.847089727481716182e-17 -6.163378415565953783e-02
1.638864167622675438e+01 -9.194034422677077600e-17 -6.125367290602407033e-02
1.649336143134641475e+01 -9.714451465470119729e-17 -6.087428584858546599e-02
1.659808118646607511e+01 -6.678685382510707313e-17 -6.049636313178992364e-02
1.670280094158573192e+01 -5.551115123125782702e-17 -6.012098158163473732e-02
1.680752069670539228e+01 -6.938893903907228378e-17 -5.974939581279196943e-02
1.691224045182505265e+01 -8.153200337090993344e-17 -5.938295609240383521e-02
1.701696020694471301e+01 -1.101549407245272505e-16 -5.902296642570453722e-02
1.712167996206437337e+01 -6.505213034913026604e-17 -5.867050627239489557e-02
1.722639971718403373e+01 -9.454242944073598665e-17 -5.832620642133214128e-02
1.733111947230369054e+01 -9.194034422677077600e-17 -5.799004931675386110e-02
1.743583922742335091e+01 -8.413408858487514408e-17 -5.766131240605662511e-02
1.754055898254301127e+01 -4.076600168545496672e-17 -5.733867983781934519e-02
1.764527873766267163e+01 -6.158268339717665185e-17 -5.702051664461191272e-02
1.774999849278232844e+01 -8.413408858487514408e-17 -5.670523214929690248e-02
1.785471824790198880e+01 -9.107298248878237246e-17 -5.639159913295101190e-02
1.795943800302165272e+01 -5.551115123125782702e-17 -5.607898321533764940e-02
1.806415775814131308e+01 -8.847089727481716182e-17 -5.576735069695173963e-02
1.816887751326096989e+01 -9.627715291671279374e-17 -5.545716675099046644e-02
1.827359726838063025e+01 -8.933825901280556536e-17 -5.514921124218610110e-02
1.837831702350029062e+01 -9.107298248878237246e-17 -5.484435010276752370e-02
1.848303677861995098e+01 -1.066854937725736363e-16 -5.454339094985222874e-02
1.858775653373960779e+01 -8.153200337090993344e-17 -5.424691990967098892e-02
1.869247628885926815e+01 -9.020562075079396891e-17 -5.395519207746260482e-02
1.879719604397892851e+01 -8.933825901280556536e-17 -5.366806155069594325e-02
