5.235987755982988295e-02 1.925543058334255875e-16 -1.230984878961848938e+00
1.570796326794896558e-01 1.344410693882025498e-16 -7.326604126107922887e-01
2.617993877991494078e-01 2.064320936412400442e-16 -6.423472538610301985e-01
3.665191429188092154e-01 6.678685382510707313e-17 -5.911585124051743634e-01
4.712388980384689674e-01 1.552577510999242349e-16 -5.490401148870335257e-01
5.759586531581286639e-01 1.708702623837154988e-16 -5.248310939015794485e-01
6.806784082777885825e-01 1.647987302177966740e-17 -5.081730411873265352e-01
7.853981633974481680e-01 1.275021754842953214e-16 -5.003117509591799017e-01
8.901179185171080865e-01 2.645453300864630819e-16 -4.906187171439502781e-01
9.948376736367677831e-01 2.376571162088225719e-16 -4.855228949154258844e-01
1.099557428756427591e+00 1.066854937725736363e-16 -4.668084425833541884e-01
1.204277183876087287e+00 1.448494102440633924e-16 -4.685012149186230657e-01
1.308996938995747206e+00 1.370431546021677605e-16 -4.465576050630382099e-01
1.413716694115406902e+00 2.263814136149733258e-16 -4.341272667690085352e-01
1.518436449235066821e+00 1.448494102440633924e-16 -4.284489726442530788e-01
1.623156204354726295e+00 9.627715291671279374e-17 -4.074993465700909590e-01
1.727875959474386214e+00 2.229119666630197116e-16 -3.926759683993139571e-01
1.832595714594045910e+00 2.454633718507182039e-16 -3.926056105122343043e-01
1.937315469713705829e+00 1.786765180256111307e-16 -3.755647368470013125e-01
2.042035224833365525e+00 2.003605614753212194e-16 -3.691902823536991063e-01
2.146754979953025000e+00 1.136243876764808647e-16 -3.604709752238443032e-01
2.251474735072684918e+00 2.593411596585326606e-16 -3.445173996333068533e-01
2.356194490192344837e+00 2.541369892306022393e-16 -3.375160754866289858e-01
2.460914245312004756e+00 3.113828639378368734e-16 -3.261055068636046772e-01
2.565634000431664230e+00 -1.630640067418198669e-16 -3.145106052198959889e-01
2.670353755551324149e+00 1.647987302177966740e-17 -3.098291671153143301e-01
2.775073510670984067e+00 1.431146867680865853e-16 -2.990529563075363662e-01
2.879793265790643986e+00 2.532696274926138358e-16 -2.957146922084116225e-01
2.984513020910303460e+00 1.153591111524576718e-16 -2.837800295388770988e-01
3.089232776029963379e+00 1.318389841742373392e-16 -2.755559413521321277e-01
3.193952531149622853e+00 1.214306433183764966e-17 -2.713994075651652849e-01
3.298672286269282772e+00 1.101549407245272505e-16 -2.636071937567407431e-01
3.403392041388942246e+00 1.674008154317618846e-16 -2.580070333451607856e-01
3.508111796508602165e+00 1.205632815803880931e-16 -2.531943046669700159e-01
3.612831551628262083e+00 2.125036258071588691e-16 -2.460943421718959356e-01
3.717551306747922002e+00 1.569924745759010420e-16 -2.390327439436175094e-01
3.822271061867581476e+00 1.760744328116459201e-16 -2.373359292980862789e-01
3.926990816987241395e+00 1.578598363138894456e-16 -2.298212075795124376e-01
4.031710572106900869e+00 3.495467804093266295e-16 -2.248726568222893518e-01
4.136430327226561232e+00 5.065392549852276716e-16 -2.195948529266089633e-01
4.241150082346220707e+00 2.107689023311820620e-16 -2.168766976003893843e-01
4.345869837465881069e+00 3.668940151690947005e-16 -2.123785204030657070e-01
4.450589592585540544e+00 3.634245682171410863e-16 -2.077773831428602891e-01
4.555309347705200018e+00 1.153591111524576718e-16 -2.026005758760822673e-01
4.660029102824860381e+00 3.339342691255353657e-16 -2.008165037954206811e-01
4.764748857944519855e+00 3.113828639378368734e-16 -1.957696947215493977e-01
4.869468613064179330e+00 4.137315490204684920e-16 -1.935107958888555857e-01
4.974188368183839692e+00 3.599551212651874721e-16 -1.891943294064834247e-01
5.078908123303498279e+00 3.495467804093266295e-16 -1.861307219732492024e-01
5.183627878423158641e+00 4.848552115355175829e-16 -1.811169882413946886e-01
5.288347633542818116e+00 2.766883944183007316e-16 -1.786714699038301490e-01
5.393067388662477590e+00 2.159730727591124833e-16 -1.760053332454313280e-01
5.497787143782137953e+00 1.647987302177966740e-16 -1.723158535861318286e-01
5.602506898901797427e+00 1.899522206194603768e-16 -1.694748817809367258e-01
5.707226654021456902e+00 7.719519468096791570e-17 -1.667746351236519264e-01
5.811946409141117265e+00 2.749536709423239245e-16 -1.650099249131564139e-01
5.916666164260776739e+00 2.315855840429037471e-16 -1.609198829165873479e-01
6.021385919380437102e+00 3.668940151690947005e-16 -1.588181999778502385e-01
6.126105674500096576e+00 1.630640067418198669e-16 -1.561903269330155719e-01
6.230825429619756051e+00 -6.505213034913026604e-17 -1.548985212926997090e-01
6.335545184739416413e+00 5.733261088103347447e-16 -1.516314074401937384e-01
6.440264939859075888e+00 1.535230276239474279e-16 -1.499207030852025557e-01
6.544984694978735362e+00 1.153591111524576718e-16 -1.473973591294502894e-01
6.649704450098395725e+00 1.066854937725736363e-16 -1.449797510463937678e-01
6.754424205218055199e+00 7.372574772901430151e-17 -1.434279486231313794e-01
6.859143960337715562e+00 2.402592014227877826e-16 -1.417001897869534788e-01
6.963863715457375037e+00 2.480654570646834145e-16 -1.389881780503965658e-01
7.068583470577034511e+00 1.552577510999242349e-16 -1.372341037582789358e-01
7.173303225696694874e+00 6.331740687315345895e-17 -1.348016208576154340e-01
7.278022980816354348e+00 7.806255641895631925e-18 -1.330769690394197069e-01
7.382742735936013823e+00 3.903127820947815962e-17 -1.314966730191527433e-01
7.487462491055674185e+00 5.290906601729261638e-17 -1.300909176131205547e-01
7.592182246175332772e+00 4.224051664003525275e-16 -1.280644443667197929e-01
7.696902001294993134e+00 3.989863994746656317e-17 -1.261196518291148871e-01
7.801621756414652609e+00 3.122502256758252770e-16 -1.254216283434571588e-01
7.906341511534312083e+00 1.691355389077386917e-16 -1.233184512766149071e-01
8.011061266653973334e+00 7.459310946700270506e-17 -1.222732799269293374e-01
8.115781021773631920e+00 1.465841337200401995e-16 -1.205340764282194499e-01
8.220500776893292283e+00 1.439820485060749888e-16 -1.193410559831083462e-01
8.325220532012952646e+00 -6.071532165918824830e-17 -1.182017332640590418e-01
8.429940287132611232e+00 -5.637851296924623057e-17 -1.164189183526646576e-01
8.534660042252271595e+00 1.656660919557850775e-16 -1.150944242437216825e-01
8.639379797371930181e+00 5.924080670460796227e-16 -1.139151388043861263e-01
8.744099552491592320e+00 2.914335439641035919e-16 -1.121365341216528644e-01
8.848819307611250906e+00 4.544975507059234587e-16 -1.107766509813716549e-01
8.953539062730909492e+00 4.553649124439118623e-16 -1.097290686756326183e-01
9.058258817850569855e+00 5.412337245047638135e-16 -1.084043353974147167e-01
9.162978572970228441e+00 2.818925648462311528e-16 -1.074796985178225889e-01
9.267698328089890580e+00 2.949029909160572061e-16 -1.064433089542755617e-01
9.372418083209549167e+00 1.361757928641793569e-16 -1.049073783555347916e-01
9.477137838329209529e+00 2.628106066104862748e-16 -1.038747012502883177e-01
9.581857593448868116e+00 3.356689926015121728e-16 -1.028298019116141715e-01
9.686577348568528478e+00 -5.290906601729261638e-17 -1.015501769824888878e-01
9.791297103688188841e+00 8.586881206085195117e-17 -1.011413450912799772e-01
9.896016858807849204e+00 -2.246466901389965187e-16 -9.968702125950733295e-02
1.000073661392750779e+01 -3.877106968808163856e-16 -9.895436972340002080e-02
1.010545636904716815e+01 4.553649124439118623e-16 -9.771111041945237941e-02
1.021017612416682674e+01 1.734723475976807094e-16 -9.676978038773076385e-02
1.031489587928648710e+01 3.382710778154773834e-17 -9.591706357263649063e-02
1.041961563440614746e+01 -4.857225732735059864e-17 -9.496559920966911317e-02
1.052433538952580783e+01 -2.602085213965210642e-17 -9.381121452678581329e-02
1.062905514464546641e+01 5.204170427930421283e-18 -9.315957898648494218e-02
1.073377489976512678e+01 -9.194034422677077600e-17 -9.224780053446204886e-02
1.083849465488478536e+01 -1.144917494144692682e-16 -9.117898988534746396e-02
1.094321441000444750e+01 -1.630640067418198669e-16 -9.056241098448664095e-02
1.104793416512410609e+01 -3.018418848199644344e-16 -8.989202436371776517e-02
1.115265392024376645e+01 -2.350550309948573613e-16 -8.911247574494524093e-02
1.125737367536342504e+01 -1.301042606982605321e-17 -8.817823683489978137e-02
1.136209343048308362e+01 -2.862293735361731706e-16 -8.734346450273726414e-02
1.146681318560274576e+01 -7.372574772901430151e-17 -8.700272742597120468e-02
1.157153294072240435e+01 -6.071532165918824830e-17 -8.563424786964232704e-02
1.167625269584206471e+01 -3.547509508372570508e-16 -8.486410590536348775e-02
1.178097245096172330e+01 -1.899522206194603768e-16 -8.437551633356789316e-02
1.188569220608138366e+01 -1.864827736675067626e-16 -8.336585825555203888e-02
1.199041196120104225e+01 -3.382710778154773834e-17 -8.292477112980636833e-02
1.209513171632070438e+01 -1.214306433183764966e-17 -8.193549073023079221e-02
1.219985147144036297e+01 2.515349040166370287e-17 -8.149303824705494970e-02
1.230457122656002333e+01 -8.760353553682875827e-17 -8.074784508519922133e-02
1.240929098167968192e+01 -9.020562075079396891e-17 -8.043080860743379024e-02
1.251401073679934228e+01 1.500535806719938137e-16 -7.950938053827130703e-02
1.261873049191900265e+01 2.046973701652632371e-16 -7.870935685167000651e-02
1.272345024703866301e+01 -2.081668171172168513e-17 -7.844549333203008901e-02
1.282817000215832159e+01 -2.107689023311820620e-16 -7.779467977128662337e-02
1.293288975727798196e+01 -9.887923813067800438e-17 -7.742560170309323309e-02
1.303760951239764054e+01 2.602085213965210642e-17 -7.639856135942241222e-02
1.314232926751730268e+01 -7.546047120499110861e-17 -7.585054044110542404e-02
1.324704902263696127e+01 -1.526556658859590243e-16 -7.547218201584279806e-02
1.335176877775662163e+01 -1.205632815803880931e-16 -7.464098653920907267e-02
1.345648853287628022e+01 -1.014813233446432150e-16 -7.401904810234657961e-02
1.356120828799594058e+01 -1.110223024625156540e-16 -7.362111515471668477e-02
1.366592804311559917e+01 -3.209238430557093125e-17 -7.294720916525956889e-02
1.377064779823526131e+01 1.040834085586084257e-17 -7.240398899766636864e-02
1.387536755335491989e+01 -1.517883041479706208e-16 -7.179811851351360075e-02
1.398008730847457848e+01 3.295974604355933479e-17 -7.132151728390610790e-02
1.408480706359423884e+01 -1.483188571960170066e-16 -7.082911026672306098e-02
1.418952681871389743e+01 -5.551115123125782702e-17 -7.025483220904515935e-02
1.429424657383355957e+01 -2.949029909160572061e-17 -7.011155471784273618e-02
1.439896632895321815e+01 -1.014813233446432150e-16 -6.932830132993060557e-02
1.450368608407287851e+01 3.209238430557093125e-17 -6.887346919946107926e-02
1.460840583919253710e+01 -1.214306433183764966e-17 -6.832145155805702252e-02
1.471312559431219746e+01 -4.250072516143177381e-17 -6.785997927727124845e-02
1.481784534943185783e+01 0.000000000000000000e+00 -6.758584897013467097e-02
1.492256510455151819e+01 -1.006139616066548115e-16 -6.689003353076730662e-02
1.502728485967117678e+01 -3.035766082959412415e-17 -6.659016133240241997e-02
1.513200461479083714e+01 -3.035766082959412415e-17 -6.608972394003286011e-02
1.523672436991049572e+01 -1.136243876764808647e-16 -6.579505242155780920e-02
1.534144412503015609e+01 -2.341876692568689577e-17 -6.513820307593376491e-02
1.544616388014981645e+01 -6.158268339717665185e-17 -6.488258498341260838e-02
1.555088363526947681e+01 -2.949029909160572061e-17 -6.446524034311187923e-02
1.565560339038913540e+01 1.301042606982605321e-17 -6.398276823742368724e-02
1.576032314550879576e+01 -1.179611963664228824e-16 -6.359348828666630538e-02
1.586504290062845435e+01 -5.637851296924623057e-17 -6.295670382554834077e-02
1.596976265574811649e+01 -8.673617379884035472e-18 -6.282907282311912811e-02
1.607448241086777685e+01 -8.760353553682875827e-17 -6.237870366207859396e-02
1.617920216598743366e+01 2.515349040166370287e-17 -6.199960201992903153e-02
1.628392192110709402e+01 -1.205632815803880931e-16 -6.164065117006656269e-02
1.638864167622675438e+01 4.163336342344337027e-17 -6.120377240896823778e-02
1.649336143134641475e+01 -8.673617379884035472e-18 -6.082001468316759751e-02
1.659808118646607511e+01 -8.326672684688674053e-17 -6.036507235189202125e-02
1.670280094158573192e+01 -7.546047120499110861e-17 -6.009055722559375479e-02
1.680752069670539228e+01 -2.775557561562891351e-17 -5.968932392869023829e-02
1.691224045182505265e+01 -8.586881206085195117e-17 -5.918176352334483803e-02
1.701696020694471301e+01 -2.081668171172168513e-17 -5.893883032516999965e-02
1.712167996206437337e+01 2.428612866367529932e-17 -5.860857008733906526e-02
1.722639971718403373e+01 -2.255140518769849223e-17 -5.804230548506219417e-02
1.733111947230369054e+01 -5.898059818321144121e-17 -5.782221302355750048e-02
1.743583922742335091e+01 9.540979117872439019e-18 -5.746898731259714177e-02
1.754055898254301127e+01 1.006139616066548115e-16 -5.730269206784716768e-02
1.764527873766267163e+01 9.367506770274758310e-17 -5.689573161459222234e-02
1.774999849278232844e+01 -1.301042606982605321e-17 -5.644985550404570118e-02
1.785471824790198880e+01 1.127570259384924611e-17 -5.627024098644066441e-02
1.795943800302165272e+01 3.816391647148975608e-17 -5.591773442502645519e-02
1.806415775814131308e+01 1.387778780781445676e-17 -5.569189433171120585e-02
1.816887751326096989e+01 1.821459649775647449e-17 -5.526399503290223975e-02
1.827359726838063025e+01 -6.245004513516505540e-17 -5.504875332865958454e-02
1.837831702350029062e+01 -6.678685382510707313e-17 -5.463685871625891671e-02
1.848303677861995098e+01 -7.459310946700270506e-17 -5.441456440014540152e-02
1.858775653373960779e+01 2.168404344971008868e-17 -5.410270690947462102e-02
1.869247628885926815e+01 -9.540979117872439019e-18 -5.361199552527372986e-02
1.879719604397892851e+01 -3.122502256758252770e-17 -5.345185421994025354e-02
