5.235987755982988295e-02 1.022619489088327782e-15 -6.205130559833281489e-02
1.570796326794896558e-01 8.101158632811689131e-16 -1.764086080366432385e-01
2.617993877991494078e-01 2.341876692568689577e-16 -2.670232469936163477e-01
3.665191429188092154e-01 -3.365363543395005763e-16 -3.304577095570412903e-01
4.712388980384689674e-01 -4.978656376053436361e-16 -3.706803493257038173e-01
5.759586531581286639e-01 -4.666406150377611084e-16 -3.942382086285285414e-01
6.806784082777885825e-01 -2.584737979205442571e-16 -4.072937530063046596e-01
7.853981633974481680e-01 -1.127570259384924611e-16 -4.143045863393694517e-01
8.901179185171080865e-01 2.428612866367529932e-17 -4.176976616233690764e-01
9.948376736367677831e-01 3.642919299551294898e-17 -4.183347545013426649e-01
1.099557428756427591e+00 6.591949208711866959e-17 -4.164234930637163989e-01
1.204277183876087287e+00 -8.673617379884035472e-18 -4.122200913774729525e-01
1.308996938995747206e+00 -7.892991815694472280e-17 -4.061922876032282304e-01
1.413716694115406902e+00 -1.249000902703301108e-16 -3.988949742899616790e-01
1.518436449235066821e+00 6.938893903907228378e-18 -3.908668012901310718e-01
1.623156204354726295e+00 1.127570259384924611e-16 -3.826152789027912893e-01
1.727875959474386214e+00 1.483188571960170066e-16 -3.745365363974654804e-01
1.832595714594045910e+00 1.942890293094023946e-16 -3.667386291903891871e-01
1.937315469713705829e+00 1.882174971434835697e-16 -3.589503758160164093e-01
2.042035224833365525e+00 8.066464163292152989e-17 -3.507013732425941499e-01
2.146754979953025000e+00 -1.908195823574487804e-17 -3.417134252213545054e-01
2.251474735072684918e+00 -9.974659986866640793e-17 -3.321645004780977017e-01
2.356194490192344837e+00 -2.949029909160572061e-17 -3.226161850597733527e-01
2.460914245312004756e+00 -4.683753385137379155e-17 -3.137181240865906107e-01
2.565634000431664230e+00 -6.418476861114186249e-17 -3.058609618050258105e-01
2.670353755551324149e+00 3.556183125752454544e-17 -2.989671498162103647e-01
2.775073510670984067e+00 1.301042606982605321e-16 -2.925892903140481227e-01
2.879793265790643986e+00 3.209238430557093125e-17 -2.862278331478570470e-01
2.984513020910303460e+00 8.326672684688674053e-17 -2.795993817089146849e-01
3.089232776029963379e+00 0.000000000000000000e+00 -2.727056364718335457e-01
3.193952531149622853e+00 -1.249000902703301108e-16 -2.657523142463499854e-01
3.298672286269282772e+00 -3.989863994746656317e-17 -2.590399054931309952e-01
3.403392041388942246e+00 3.816391647148975608e-17 -2.528409929999878569e-01
3.508111796508602165e+00 -6.071532165918824830e-17 -2.472642575715600366e-01
3.612831551628262083e+00 1.249000902703301108e-16 -2.421914628137528669e-01
3.717551306747922002e+00 7.979727989493312634e-17 -2.373566918528897118e-01
3.822271061867581476e+00 1.292368989602721285e-16 -2.324997603203258212e-01
3.926990816987241395e+00 -2.428612866367529932e-17 -2.274766515111022458e-01
4.031710572106900869e+00 8.239936510889833698e-17 -2.222992224374652492e-01
4.136430327226561232e+00 9.280770596475917955e-17 -2.171393751967555796e-01
4.241150082346220707e+00 7.806255641895631925e-17 -2.122821771415687730e-01
4.345869837465881069e+00 1.890848588814719733e-16 -2.079819192412759310e-01
4.450589592585540544e+00 1.700029006457270953e-16 -2.042923124441785310e-01
4.555309347705200018e+00 1.769417945496343236e-16 -2.010295360737909265e-01
4.660029102824860381e+00 2.272487753529617294e-16 -1.979078965713925720e-01
4.764748857944519855e+00 1.760744328116459201e-16 -1.947067019207939231e-01
4.869468613064179330e+00 1.344410693882025498e-16 -1.913375505699727863e-01
4.974188368183839692e+00 1.231653667943533037e-16 -1.878213448132930452e-01
5.078908123303498279e+00 5.204170427930421283e-17 -1.842511446254357921e-01
5.183627878423158641e+00 1.994931997373328159e-16 -1.807572420602299168e-01
5.288347633542818116e+00 1.370431546021677605e-16 -1.774506054721489978e-01
5.393067388662477590e+00 5.724587470723463412e-17 -1.743678937227892967e-01
5.497787143782137953e+00 8.066464163292152989e-17 -1.714651167691123579e-01
5.602506898901797427e+00 7.459310946700270506e-17 -1.686614424159936232e-01
5.707226654021456902e+00 9.194034422677077600e-17 -1.658912250431968660e-01
5.811946409141117265e+00 9.540979117872439019e-17 -1.631339037013953552e-01
5.916666164260776739e+00 1.465841337200401995e-16 -1.604186413204894412e-01
6.021385919380437102e+00 5.898059818321144121e-17 -1.578084209045627073e-01
6.126105674500096576e+00 9.367506770274758310e-17 -1.553682390991598106e-01
6.230825429619756051e+00 4.510281037539698445e-17 -1.531227587364339393e-01
6.335545184739416413e+00 1.327063459122257427e-16 -1.510219381398764660e-01
6.440264939859075888e+00 7.112366251504909087e-17 -1.489540271549421591e-01
6.544984694978735362e+00 1.734723475976807094e-17 -1.468122134779765442e-01
6.649704450098395725e+00 5.030698080332740574e-17 -1.445651009380667928e-01
6.754424205218055199e+00 -1.734723475976807094e-17 -1.422783231522045111e-01
6.859143960337715562e+00 -5.377642775528101993e-17 -1.400726575282217057e-01
6.963863715457375037e+00 7.459310946700270506e-17 -1.380492052613187526e-01
7.068583470577034511e+00 -5.204170427930421283e-18 -1.362326240918336484e-01
7.173303225696694874e+00 2.602085213965210642e-17 -1.345682599954198810e-01
7.278022980816354348e+00 1.561251128379126385e-17 -1.329665796309537074e-01
7.382742735936013823e+00 -5.204170427930421283e-18 -1.313517099723294224e-01
7.487462491055674185e+00 1.665334536937734811e-16 -1.296849103545268944e-01
7.592182246175332772e+00 -6.938893903907228378e-18 -1.279674857893156881e-01
7.696902001294993134e+00 -7.806255641895631925e-17 -1.262316140961620425e-01
7.801621756414652609e+00 9.887923813067800438e-17 -1.245231830575992404e-01
7.906341511534312083e+00 3.122502256758252770e-17 -1.228857467028636324e-01
8.011061266653973334e+00 7.546047120499110861e-17 -1.213478863222400977e-01
8.115781021773631920e+00 9.107298248878237246e-17 -1.199146186340460940e-01
8.220500776893292283e+00 8.673617379884035472e-18 -1.185670045207817824e-01
8.325220532012952646e+00 5.204170427930421283e-17 -1.172695622539717125e-01
8.429940287132611232e+00 4.683753385137379155e-17 -1.159828915554893536e-01
8.534660042252271595e+00 1.344410693882025498e-16 -1.146790681579730187e-01
8.639379797371930181e+00 2.003605614753212194e-16 -1.133550247549319767e-01
8.744099552491592320e+00 5.984795992119984476e-17 -1.120347005745390978e-01
8.848819307611250906e+00 1.301042606982605321e-16 -1.107530960630900979e-01
8.953539062730909492e+00 1.075528555105620399e-16 -1.095318928636357519e-01
9.058258817850569855e+00 1.526556658859590243e-16 -1.083653494661048489e-01
9.162978572970228441e+00 1.110223024625156540e-16 -1.072251314999413119e-01
9.267698328089890580e+00 1.110223024625156540e-16 -1.060802482016021953e-01
9.372418083209549167e+00 -1.301042606982605321e-17 -1.049158964824217777e-01
9.477137838329209529e+00 -9.540979117872439019e-18 -1.037390105731582912e-01
9.581857593448868116e+00 4.163336342344337027e-17 -1.025736972916676815e-01
9.686577348568528478e+00 -7.892991815694472280e-17 -1.014528653903999378e-01
9.791297103688188841e+00 -3.122502256758252770e-17 -1.004062380032493540e-01
9.896016858807849204e+00 -2.298508605669269400e-16 -9.944495786856644148e-02
1.000073661392750779e+01 -2.515349040166370287e-16 -9.855332432882064897e-02
1.010545636904716815e+01 -1.630640067418198669e-16 -9.769638885263956518e-02
1.021017612416682674e+01 -1.413799632921097782e-16 -9.683488797741722498e-02
1.031489587928648710e+01 -2.931682674400803990e-16 -9.593708578229409589e-02
1.041961563440614746e+01 -2.463307335887066074e-16 -9.498854704643537594e-02
1.052433538952580783e+01 -3.330669073875469621e-16 -9.400026732217414693e-02
1.062905514464546641e+01 -3.235259282696745231e-16 -9.300791198261904036e-02
1.073377489976512678e+01 -4.232725281383409310e-16 -9.205607657014777678e-02
1.083849465488478536e+01 -4.354155924701785807e-16 -9.117423754347446507e-02
1.094321441000444750e+01 -3.035766082959412415e-16 -9.036260586484824719e-02
1.104793416512410609e+01 -4.466912950640278268e-16 -8.959798468444060693e-02
1.115265392024376645e+01 -4.588343593958654765e-16 -8.884990128031369783e-02
1.125737367536342504e+01 -4.440892098500626162e-16 -8.809429479270922125e-02
1.136209343048308362e+01 -4.250072516143177381e-16 -8.734907370993186260e-02
1.146681318560274576e+01 -4.657732532997727048e-16 -8.656389629752064829e-02
1.157153294072240435e+01 -4.050579316405844565e-16 -8.578357555719756666e-02
1.167625269584206471e+01 -4.371503159461553878e-16 -8.502657559142008659e-02
1.178097245096172330e+01 -5.030698080332740574e-16 -8.430206819001562213e-02
1.188569220608138366e+01 -3.773023560249555430e-16 -8.360567643825227158e-02
1.199041196120104225e+01 -3.998537612126540353e-16 -8.292250019607154410e-02
1.209513171632070438e+01 -3.018418848199644344e-16 -8.223353449980139174e-02
1.219985147144036297e+01 -3.738329090730019288e-16 -8.152391187895678681e-02
1.230457122656002333e+01 -3.209238430557093125e-16 -8.079157119984134439e-02
1.240929098167968192e+01 -3.608224830031758756e-16 -8.005240989152001552e-02
1.251401073679934228e+01 -2.662800535624398890e-16 -7.933467108747524477e-02
1.261873049191900265e+01 -1.543903893619358314e-16 -7.866330904006114955e-02
1.272345024703866301e+01 -2.229119666630197116e-16 -7.804546118556443535e-02
1.282817000215832159e+01 -3.044439700339296451e-16 -7.746836639850927797e-02
1.293288975727798196e+01 -2.654126918244514854e-16 -7.690914531948844779e-02
1.303760951239764054e+01 -1.986258379993444123e-16 -7.634807101900444037e-02
1.314232926751730268e+01 -2.220446049250313081e-16 -7.577656820901922108e-02
1.324704902263696127e+01 -2.610758831345094677e-16 -7.519864384908998833e-02
1.335176877775662163e+01 -2.133709875451472726e-16 -7.462664871903126884e-02
1.345648853287628022e+01 -2.072994553792284478e-16 -7.406946895684569931e-02
1.356120828799594058e+01 -1.864827736675067626e-16 -7.352316360179722565e-02
1.366592804311559917e+01 -1.873501354054951662e-16 -7.297705888279330810e-02
1.377064779823526131e+01 -1.934216675714139910e-16 -7.242692334586184333e-02
1.387536755335491989e+01 -9.367506770274758310e-17 -7.187709214630302879e-02
1.398008730847457848e+01 -2.064320936412400442e-16 -7.133369260353711327e-02
1.408480706359423884e+01 -1.951563910473907981e-16 -7.080162362972221290e-02
1.418952681871389743e+01 -1.899522206194603768e-16 -7.028605937489146305e-02
1.429424657383355957e+01 -1.170938346284344789e-16 -6.979109810470218722e-02
1.439896632895321815e+01 -1.101549407245272505e-16 -6.931519512951354878e-02
1.450368608407287851e+01 -1.578598363138894456e-16 -6.885137133568672296e-02
1.460840583919253710e+01 -1.491862189340054101e-16 -6.839334957589673913e-02
1.471312559431219746e+01 -1.431146867680865853e-16 -6.793878925371577004e-02
1.481784534943185783e+01 -1.249000902703301108e-16 -6.748541372333859145e-02
1.492256510455151819e+01 -1.179611963664228824e-16 -6.702911118570328841e-02
1.502728485967117678e+01 -1.387778780781445676e-16 -6.656894177549843583e-02
1.513200461479083714e+01 -1.266348137463069179e-16 -6.611061734496163911e-02
1.523672436991049572e+01 -9.627715291671279374e-17 -6.566294357160371020e-02
1.534144412503015609e+01 -1.249000902703301108e-16 -6.523075028166505640e-02
1.544616388014981645e+01 -1.292368989602721285e-16 -6.481227029535943651e-02
1.555088363526947681e+01 -1.604619215278546562e-16 -6.440315967030901811e-02
1.565560339038913540e+01 -1.188285581044112860e-16 -6.400111568016883523e-02
1.576032314550879576e+01 -1.127570259384924611e-16 -6.360405789043312164e-02
1.586504290062845435e+01 -1.162264728904460753e-16 -6.320708357622886742e-02
1.596976265574811649e+01 -1.318389841742373392e-16 -6.280538546456373994e-02
1.607448241086777685e+01 -1.301042606982605321e-16 -6.239877368419591980e-02
1.617920216598743366e+01 -1.552577510999242349e-16 -6.199112364374044504e-02
1.628392192110709402e+01 -8.326672684688674053e-17 -6.158659278357787870e-02
1.638864167622675438e+01 -1.413799632921097782e-16 -6.118864771791215906e-02
1.649336143134641475e+01 -1.032160468206200221e-16 -6.080110604193424834e-02
1.659808118646607511e+01 -1.309716224362489356e-16 -6.042616897765839407e-02
1.670280094158573192e+01 -1.387778780781445676e-16 -6.006057172502852343e-02
1.680752069670539228e+01 -1.032160468206200221e-16 -5.969768001176344041e-02
1.691224045182505265e+01 -1.222980050563649002e-16 -5.933547251794148158e-02
1.701696020694471301e+01 -1.032160468206200221e-16 -5.897916233256914054e-02
1.712167996206437337e+01 -8.586881206085195117e-17 -5.863510814688632777e-02
1.722639971718403373e+01 -1.214306433183764966e-16 -5.830457214387270437e-02
1.733111947230369054e+01 -1.266348137463069179e-16 -5.798241358164023251e-02
1.743583922742335091e+01 -7.719519468096791570e-17 -5.765881239087296273e-02
1.754055898254301127e+01 -5.377642775528101993e-17 -5.732377184616806870e-02
1.764527873766267163e+01 -8.933825901280556536e-17 -5.697314908748707385e-02
1.774999849278232844e+01 -9.540979117872439019e-17 -5.661198983543606900e-02
1.785471824790198880e+01 -9.454242944073598665e-17 -5.625217471575530426e-02
1.795943800302165272e+01 -8.326672684688674053e-17 -5.590539534042042458e-02
1.806415775814131308e+01 -7.546047120499110861e-17 -5.557700420296480398e-02
1.816887751326096989e+01 -1.327063459122257427e-16 -5.526485802599737096e-02
1.827359726838063025e+01 -9.714451465470119729e-17 -5.496238556647530665e-02
1.837831702350029062e+01 -1.405126015541213746e-16 -5.466238189352641552e-02
1.848303677861995098e+01 -6.331740687315345895e-17 -5.435996278914510815e-02
1.858775653373960779e+01 -8.326672684688674053e-17 -5.405433533440112681e-02
1.869247628885926815e+01 -1.240327285323417073e-16 -5.374909590869246523e-02
1.879719604397892851e+01 -1.040834085586084257e-16 -5.345018587992577536e-02
