5.235987755982988295e-02 3.556183125752454544e-17 -1.231146109761143581e+00
1.570796326794896558e-01 5.811323644522303766e-17 -7.937263593305443621e-01
2.617993877991494078e-01 2.255140518769849223e-17 -6.428725266571299057e-01
3.665191429188092154e-01 9.280770596475917955e-17 -5.886352221063926304e-01
4.712388980384689674e-01 8.326672684688674053e-17 -5.489525115222151364e-01
5.759586531581286639e-01 1.066854937725736363e-16 -5.398133608183157683e-01
6.806784082777885825e-01 4.423544863740858091e-17 -5.405740324677141828e-01
7.853981633974481680e-01 6.505213034913026604e-17 -5.031880183963668429e-01
8.901179185171080865e-01 6.331740687315345895e-17 -5.110685088713399216e-01
9.948376736367677831e-01 1.222980050563649002e-16 -4.911136385577548058e-01
1.099557428756427591e+00 1.465841337200401995e-16 -4.720299077920797060e-01
1.204277183876087287e+00 1.413799632921097782e-16 -4.633246341345107489e-01
1.308996938995747206e+00 8.760353553682875827e-17 -4.505419977749785532e-01
1.413716694115406902e+00 9.020562075079396891e-17 -4.290441072200203987e-01
1.518436449235066821e+00 7.199102425303749442e-17 -4.212381050811555561e-01
1.623156204354726295e+00 5.464378949326942347e-17 -4.176778629650526042e-01
1.727875959474386214e+00 1.153591111524576718e-16 -4.039495791157681204e-01
1.832595714594045910e+00 2.541369892306022393e-16 -3.874407802061103911e-01
1.937315469713705829e+00 1.396452398161329711e-16 -3.817904034250149126e-01
2.042035224833365525e+00 1.136243876764808647e-16 -3.666092007183724966e-01
2.146754979953025000e+00 8.239936510889833698e-17 -3.561249990106854502e-01
2.251474735072684918e+00 1.049507702965968292e-16 -3.440047786108119121e-01
2.356194490192344837e+00 1.431146867680865853e-16 -3.361360100486082136e-01
2.460914245312004756e+00 6.505213034913026604e-17 -3.232901591017627307e-01
2.565634000431664230e+00 9.627715291671279374e-17 -3.188532004613844340e-01
2.670353755551324149e+00 -4.076600168545496672e-17 -3.134618309529689784e-01
2.775073510670984067e+00 8.413408858487514408e-17 -2.998427815925112094e-01
2.879793265790643986e+00 2.177077962350892903e-16 -2.943277582468952769e-01
2.984513020910303460e+00 1.552577510999242349e-16 -2.874280159702287674e-01
3.089232776029963379e+00 1.170938346284344789e-16 -2.799540592946897499e-01
3.193952531149622853e+00 -1.647987302177966740e-17 -2.726014132018382274e-01
3.298672286269282772e+00 9.280770596475917955e-17 -2.663031438604777645e-01
3.403392041388942246e+00 1.361757928641793569e-16 -2.591596560199920241e-01
3.508111796508602165e+00 1.361757928641793569e-16 -2.521454757115713097e-01
3.612831551628262083e+00 1.847480501915299556e-16 -2.459813635783416885e-01
3.717551306747922002e+00 1.535230276239474279e-16 -2.412280151460372557e-01
3.822271061867581476e+00 2.515349040166370287e-17 -2.370575668107285927e-01
3.926990816987241395e+00 4.423544863740858091e-17 -2.320769667249126811e-01
4.031710572106900869e+00 3.044439700339296451e-16 -2.255919407660474385e-01
4.136430327226561232e+00 3.668940151690947005e-16 -2.197353822436849402e-01
4.241150082346220707e+00 2.506675422786486251e-16 -2.161154503490853029e-01
4.345869837465881069e+00 2.662800535624398890e-16 -2.124813135756950522e-01
4.450589592585540544e+00 3.877106968808163856e-16 -2.088920923328592139e-01
4.555309347705200018e+00 1.847480501915299556e-16 -2.029025310446170016e-01
4.660029102824860381e+00 -3.729655473350135253e-17 -1.996819636574599932e-01
4.764748857944519855e+00 2.628106066104862748e-16 -1.961526226037339504e-01
4.869468613064179330e+00 3.096481404618600664e-16 -1.929117076483544968e-01
4.974188368183839692e+00 4.224051664003525275e-16 -1.894392999293855184e-01
5.078908123303498279e+00 3.313321839115701550e-16 -1.871373341401445511e-01
5.183627878423158641e+00 1.890848588814719733e-16 -1.819239220688883274e-01
5.288347633542818116e+00 1.942890293094023946e-16 -1.786289023518519703e-01
5.393067388662477590e+00 1.170938346284344789e-16 -1.745376040276877261e-01
5.497787143782137953e+00 1.621966450038314633e-16 -1.721428974234275600e-01
5.602506898901797427e+00 1.205632815803880931e-16 -1.697996679789684493e-01
5.707226654021456902e+00 3.131175874138136805e-16 -1.667191689126958920e-01
5.811946409141117265e+00 1.309716224362489356e-16 -1.644401410368404592e-01
5.916666164260776739e+00 1.804112415015879378e-16 -1.608728444667307800e-01
6.021385919380437102e+00 4.597017211338538800e-17 -1.589290725019535666e-01
6.126105674500096576e+00 8.760353553682875827e-17 -1.561786841695625705e-01
6.230825429619756051e+00 -2.341876692568689577e-17 -1.542730366834649813e-01
6.335545184739416413e+00 3.235259282696745231e-16 -1.517850733779557981e-01
6.440264939859075888e+00 1.613292832658430598e-16 -1.498087441087329608e-01
6.544984694978735362e+00 1.066854937725736363e-16 -1.472908556364732613e-01
6.649704450098395725e+00 -1.994931997373328159e-16 -1.453755775721549681e-01
6.754424205218055199e+00 1.127570259384924611e-17 -1.430885300924839010e-01
6.859143960337715562e+00 1.205632815803880931e-16 -1.408769696734693544e-01
6.963863715457375037e+00 -5.637851296924623057e-17 -1.388021132367494026e-01
7.068583470577034511e+00 1.084202172485504434e-16 -1.374256726792990324e-01
7.173303225696694874e+00 2.688821387764050996e-17 -1.353940179304579661e-01
7.278022980816354348e+00 -8.066464163292152989e-17 -1.336259605274058015e-01
7.382742735936013823e+00 -4.336808689942017736e-17 -1.317084430376854187e-01
7.487462491055674185e+00 5.767955557622883589e-16 -1.299653932205366014e-01
7.592182246175332772e+00 -7.285838599102589797e-17 -1.283175257892270604e-01
7.696902001294993134e+00 -6.158268339717665185e-17 -1.268946228836871082e-01
7.801621756414652609e+00 1.778091562876227272e-16 -1.246302803276979898e-01
7.906341511534312083e+00 1.639313684798082704e-16 -1.234659961799866312e-01
8.011061266653973334e+00 4.770489558936219510e-17 -1.218607467189365412e-01
8.115781021773631920e+00 1.604619215278546562e-16 -1.204398290989047993e-01
8.220500776893292283e+00 1.370431546021677605e-16 -1.194438604113503971e-01
8.325220532012952646e+00 -1.387778780781445676e-16 -1.177694469904781993e-01
8.429940287132611232e+00 -5.811323644522303766e-17 -1.169727328423664225e-01
8.534660042252271595e+00 2.393918396847993790e-16 -1.152554356732615193e-01
8.639379797371930181e+00 4.137315490204684920e-16 -1.138692549877073495e-01
8.744099552491592320e+00 1.726049858596923059e-16 -1.126252172150852687e-01
8.848819307611250906e+00 4.119968255444916849e-16 -1.111793006369847098e-01
8.953539062730909492e+00 4.466912950640278268e-16 -1.097387704733224917e-01
9.058258817850569855e+00 4.067926551165612636e-16 -1.085190888696166700e-01
9.162978572970228441e+00 2.645453300864630819e-16 -1.073562614513640240e-01
9.267698328089890580e+00 1.691355389077386917e-16 -1.063776521791720830e-01
9.372418083209549167e+00 -5.377642775528101993e-17 -1.053572154196636551e-01
9.477137838329209529e+00 2.064320936412400442e-16 -1.042606139428677164e-01
9.581857593448868116e+00 8.673617379884035472e-17 -1.030529565472521891e-01
9.686577348568528478e+00 -3.035766082959412415e-17 -1.020255118945450762e-01
9.791297103688188841e+00 -1.092875789865388469e-16 -1.007245324007492726e-01
9.896016858807849204e+00 -2.584737979205442571e-16 -1.001368319649357241e-01
1.000073661392750779e+01 -1.127570259384924611e-16 -9.899946547152592424e-02
1.010545636904716815e+01 7.546047120499110861e-17 -9.806809238593838796e-02
1.021017612416682674e+01 1.682681771697502882e-16 -9.695927908390777894e-02
1.031489587928648710e+01 -1.908195823574487804e-17 -9.592496508476332229e-02
1.041961563440614746e+01 -5.898059818321144121e-17 -9.508370565089453719e-02
1.052433538952580783e+01 -1.474514954580286030e-17 -9.410673328597954357e-02
1.062905514464546641e+01 -1.795438797635995343e-16 -9.340515394435902619e-02
1.073377489976512678e+01 -1.361757928641793569e-16 -9.238715879214209892e-02
1.083849465488478536e+01 -1.283695372222837250e-16 -9.130301166895213316e-02
1.094321441000444750e+01 -2.393918396847993790e-16 -9.067173468244885126e-02
1.104793416512410609e+01 -1.535230276239474279e-16 -8.944010230310774079e-02
1.115265392024376645e+01 -2.307182223049153436e-16 -8.888197600408556664e-02
1.125737367536342504e+01 -2.081668171172168513e-16 -8.821824823281805561e-02
1.136209343048308362e+01 -2.385244779468109755e-16 -8.714039346715632406e-02
1.146681318560274576e+01 -1.734723475976807094e-16 -8.673006018040280152e-02
1.157153294072240435e+01 -1.405126015541213746e-16 -8.573488440152637891e-02
1.167625269584206471e+01 -1.838806884535415520e-16 -8.487165901144791413e-02
1.178097245096172330e+01 -1.752070710736575165e-16 -8.455317783412527599e-02
1.188569220608138366e+01 -1.483188571960170066e-16 -8.369415248115208428e-02
1.199041196120104225e+01 -1.196959198423996895e-16 -8.299986306696982563e-02
1.209513171632070438e+01 -6.765421556309547668e-17 -8.217335060460104201e-02
1.219985147144036297e+01 -8.933825901280556536e-17 -8.151762314767817263e-02
1.230457122656002333e+01 -1.734723475976807094e-18 -8.080782855322726776e-02
1.240929098167968192e+01 2.602085213965210642e-17 -8.001619494572231872e-02
1.251401073679934228e+01 1.222980050563649002e-16 -7.970800262292085381e-02
1.261873049191900265e+01 2.454633718507182039e-16 -7.912316773500571720e-02
1.272345024703866301e+01 8.673617379884035472e-18 -7.830960088635213756e-02
1.282817000215832159e+01 -1.309716224362489356e-16 -7.777107921081284625e-02
1.293288975727798196e+01 -2.870967352741615741e-16 -7.709972627912385634e-02
1.303760951239764054e+01 1.301042606982605321e-17 -7.640632458542689909e-02
1.314232926751730268e+01 -1.066854937725736363e-16 -7.577194496105632560e-02
1.324704902263696127e+01 -2.289834988289385365e-16 -7.513707495055214902e-02
1.335176877775662163e+01 -1.847480501915299556e-16 -7.487764692715631609e-02
1.345648853287628022e+01 -1.509209424099822172e-16 -7.420466538132261536e-02
1.356120828799594058e+01 -1.162264728904460753e-16 -7.376996780607569804e-02
1.366592804311559917e+01 -1.734723475976807094e-17 -7.295803297016906219e-02
1.377064779823526131e+01 -5.984795992119984476e-17 -7.244978542499766472e-02
1.387536755335491989e+01 -1.465841337200401995e-16 -7.189177259130240250e-02
1.398008730847457848e+01 -7.979727989493312634e-17 -7.152949330713788412e-02
1.408480706359423884e+01 -1.717376241217039023e-16 -7.088428622501284637e-02
1.418952681871389743e+01 -1.118896642005040576e-16 -7.040039316487259335e-02
1.429424657383355957e+01 -9.627715291671279374e-17 -6.982009500442745709e-02
1.439896632895321815e+01 -1.491862189340054101e-16 -6.946180658138842445e-02
1.450368608407287851e+01 2.949029909160572061e-17 -6.883421089257757419e-02
1.460840583919253710e+01 -1.301042606982605321e-17 -6.853138905599309716e-02
1.471312559431219746e+01 -4.336808689942017736e-17 -6.789449148384474331e-02
1.481784534943185783e+01 -1.205632815803880931e-16 -6.729832216029178749e-02
1.492256510455151819e+01 -1.335737076502141463e-16 -6.688920887190394349e-02
1.502728485967117678e+01 -5.117434254131580929e-17 -6.648092820411938275e-02
1.513200461479083714e+01 -6.591949208711866959e-17 -6.619726335976730547e-02
1.523672436991049572e+01 -1.257674520083185143e-16 -6.579609376864639647e-02
1.534144412503015609e+01 -1.283695372222837250e-16 -6.540325169047925269e-02
1.544616388014981645e+01 -6.245004513516505540e-17 -6.485178680466426038e-02
1.555088363526947681e+01 -4.857225732735059864e-17 -6.428390507129658205e-02
1.565560339038913540e+01 -5.204170427930421283e-18 -6.401534147473825209e-02
1.576032314550879576e+01 -1.431146867680865853e-16 -6.348545977577529920e-02
1.586504290062845435e+01 -9.887923813067800438e-17 -6.318444571187185888e-02
1.596976265574811649e+01 -1.006139616066548115e-16 -6.271889823171725165e-02
1.607448241086777685e+01 -1.032160468206200221e-16 -6.233826819240485817e-02
1.617920216598743366e+01 -6.418476861114186249e-17 -6.185240336709370290e-02
1.628392192110709402e+01 -1.110223024625156540e-16 -6.157629567811581661e-02
1.638864167622675438e+01 -2.515349040166370287e-17 -6.117317974246397339e-02
1.649336143134641475e+01 -1.561251128379126385e-17 -6.081307398062904546e-02
1.659808118646607511e+01 -9.280770596475917955e-17 -6.027274813866576042e-02
1.670280094158573192e+01 -1.023486850826316186e-16 -5.997921711377285359e-02
1.680752069670539228e+01 -8.760353553682875827e-17 -5.955183733473978086e-02
1.691224045182505265e+01 -1.144917494144692682e-16 -5.937004451379851444e-02
1.701696020694471301e+01 -7.372574772901430151e-17 -5.898171767089325362e-02
1.712167996206437337e+01 1.647987302177966740e-17 -5.860438197513909847e-02
1.722639971718403373e+01 -1.413799632921097782e-16 -5.820775537958107482e-02
1.733111947230369054e+01 -5.984795992119984476e-17 -5.783366057217632916e-02
1.743583922742335091e+01 2.688821387764050996e-17 -5.753352047417630705e-02
1.754055898254301127e+01 1.222980050563649002e-16 -5.711282161685277137e-02
1.764527873766267163e+01 7.546047120499110861e-17 -5.680764419475155258e-02
1.774999849278232844e+01 3.556183125752454544e-17 -5.662738246968539169e-02
1.785471824790198880e+01 4.770489558936219510e-17 -5.624537719950827019e-02
1.795943800302165272e+01 -5.204170427930421283e-18 -5.590783265705957794e-02
1.806415775814131308e+01 1.474514954580286030e-17 -5.560023110775327848e-02
1.816887751326096989e+01 -3.903127820947815962e-17 -5.523593929763418592e-02
1.827359726838063025e+01 -3.035766082959412415e-17 -5.493054426399817530e-02
1.837831702350029062e+01 -5.551115123125782702e-17 -5.457497823043135771e-02
1.848303677861995098e+01 -2.602085213965210642e-17 -5.441202361588207831e-02
1.858775653373960779e+01 -1.214306433183764966e-17 -5.407016973749115968e-02
1.869247628885926815e+01 1.734723475976807094e-17 -5.369721272477342294e-02
1.879719604397892851e+01 -1.040834085586084257e-17 -5.351317552764189855e-02
