0.000000000000000000e+00 -4.999999999999998890e-01 4.556771967138859654e-05
2.083333333333333426e-01 -3.906337804384211743e-01 3.595363402722363941e-05
4.166666666666666852e-01 -3.087857387021680777e-01 2.933374577011565711e-05
6.250000000000000000e-01 -2.469852297117151596e-01 2.923665557148834312e-05
8.333333333333333703e-01 -1.998635197457001023e-01 2.645030411123615197e-05
1.041666666666666741e+00 -1.631687411605625138e-01 2.681985513385927368e-05
1.250000000000000000e+00 -1.352659540089186652e-01 2.883197938910341587e-05
1.458333333333333481e+00 -1.133712428918725590e-01 2.525686439130747006e-05
1.666666666666666741e+00 -9.591233199021462208e-02 2.202259683176053723e-05
1.875000000000000000e+00 -8.205456359069328298e-02 2.319327184736705874e-05
2.083333333333333481e+00 -7.070417522976217561e-02 2.326341270032859015e-05
2.291666666666666963e+00 -6.133414512812531555e-02 2.259213064988521103e-05
2.500000000000000000e+00 -5.402870074284284174e-02 2.362417293144849809e-05
2.708333333333333481e+00 -4.762264920500303145e-02 2.331650111409443898e-05
2.916666666666666963e+00 -4.200211714745863412e-02 2.288937786990177822e-05
3.125000000000000000e+00 -3.756007390379795252e-02 2.346502251047039586e-05
3.333333333333333481e+00 -3.364312655594561136e-02 2.356467584068168059e-05
3.541666666666666963e+00 -3.016240433821607697e-02 2.315196152976981583e-05
3.750000000000000000e+00 -2.710775551730391572e-02 2.277468035928360298e-05
3.958333333333333481e+00 -2.418533135904025674e-02 2.203742880437095723e-05
4.166666666666666963e+00 -2.217063278430143891e-02 2.256088747034535474e-05
4.375000000000000000e+00 -2.065454403582955151e-02 2.391025801971888521e-05
4.583333333333333925e+00 -1.908196211631596473e-02 2.325680657639910410e-05
4.791666666666666963e+00 -1.776619523722424224e-02 2.408769085103522106e-05
5.000000000000000000e+00 -1.677979728203446430e-02 2.477422211845757894e-05
5.208333333333333925e+00 -1.579663983944779027e-02 2.530223239518088776e-05
5.416666666666666963e+00 -1.459070277810335658e-02 2.491124272653525093e-05
5.625000000000000000e+00 -1.337347281490803771e-02 2.398536576037461581e-05
5.833333333333333925e+00 -1.210096490102939570e-02 2.215143199271539493e-05
6.041666666666666963e+00 -1.103848806592349491e-02 2.106441644312753426e-05
6.250000000000000000e+00 -9.766859440466386585e-03 1.964494647725523695e-05
6.458333333333333925e+00 -8.853657887050449607e-03 1.956505265234697335e-05
6.666666666666666963e+00 -7.823745386146559178e-03 1.704560908703443056e-05
6.875000000000000000e+00 -7.064146002959724793e-03 1.595383828024531301e-05
7.083333333333333925e+00 -6.651699185717170441e-03 1.753829704579156293e-05
7.291666666666666963e+00 -6.348456671836946036e-03 2.025299716514155751e-05
7.500000000000000000e+00 -6.020822633586699058e-03 2.069242868514950645e-05
7.708333333333333925e+00 -5.384517534153334534e-03 1.934456806449549778e-05
7.916666666666666963e+00 -4.632073601931691563e-03 1.496738443322281012e-05
8.125000000000000000e+00 -3.827012086956184736e-03 1.061571216739196243e-05
8.333333333333333925e+00 -3.256647931550225514e-03 7.738924377689281053e-06
8.541666666666667851e+00 -2.854353617520992686e-03 6.228603563890243773e-06
8.750000000000000000e+00 -2.521523656003789391e-03 5.521761376193906894e-06
8.958333333333333925e+00 -2.232528648154020155e-03 4.524735261441007669e-06
9.166666666666667851e+00 -2.006415586557262071e-03 3.854856352914297731e-06
9.375000000000000000e+00 -1.845318148763025858e-03 3.978731110267606616e-06
9.583333333333333925e+00 -1.696889108606774868e-03 4.505722423504013863e-06
9.791666666666667851e+00 -1.552638686188753886e-03 5.500636645146740153e-06
1.000000000000000000e+01 -1.463493328708985334e-03 6.980408633220887968e-06
1.020833333333333393e+01 -1.389369064596066451e-03 6.999574262285302605e-06
1.041666666666666785e+01 -1.403508484016085384e-03 8.681752803815533101e-06
1.062500000000000000e+01 -1.316729573575933484e-03 1.071051902342753423e-05
1.083333333333333393e+01 -1.308817269133337674e-03 1.045845717239229142e-05
1.104166666666666785e+01 -1.450096859912224870e-03 1.207434328805264910e-05
1.125000000000000000e+01 -1.372730189836482645e-03 1.247215109439197428e-05
1.145833333333333393e+01 -1.496119752305089066e-03 1.577342509814870831e-05
1.166666666666666785e+01 -1.424276891992555267e-03 1.970714927371295449e-05
1.187500000000000000e+01 -1.527518124240361116e-03 1.882680239799816905e-05
1.208333333333333393e+01 -1.842139671486841841e-03 2.243979580485009104e-05
1.229166666666666785e+01 -1.628072283232001810e-03 1.918852532113474348e-05
1.250000000000000000e+01 -1.839056172904583383e-03 2.357889426008131308e-05
1.270833333333333393e+01 -1.556617731228141562e-03 1.889539375936509437e-05
1.291666666666666785e+01 -1.432504063404030532e-03 1.709595399440515880e-05
1.312500000000000000e+01 -1.304059467628235387e-03 1.519625728689938630e-05
1.333333333333333393e+01 -1.205930126481034870e-03 1.383314297620706377e-05
1.354166666666666785e+01 -1.313975764570157615e-03 1.612657963704954765e-05
1.375000000000000000e+01 -1.134924612745307447e-03 1.314415383576207958e-05
1.395833333333333393e+01 -1.151373960593904140e-03 1.363444669923677404e-05
1.416666666666666785e+01 -9.461126542702635476e-04 1.023899299724375537e-05
1.437500000000000000e+01 -8.291269014129427862e-04 8.353648193362501049e-06
1.458333333333333393e+01 -6.776329132574622277e-04 5.986078230942387016e-06
1.479166666666666785e+01 -5.846966092565150305e-04 4.578626599055221588e-06
1.500000000000000000e+01 -5.123663568251437530e-04 3.763347277585746479e-06
1.520833333333333393e+01 -4.671709916061396895e-04 3.308167453125418403e-06
1.541666666666666785e+01 -4.835294614535719259e-04 3.884130280653576918e-06
1.562500000000000000e+01 -4.262581626896147610e-04 3.150857689375197393e-06
1.583333333333333393e+01 -3.934898765935233682e-04 2.934071088977685811e-06
1.604166666666666785e+01 -3.394492919849597789e-04 2.238887017712696153e-06
1.625000000000000000e+01 -2.983185116424641264e-04 1.742275327012213154e-06
1.645833333333333570e+01 -2.630164883545938826e-04 1.362906001409383906e-06
1.666666666666666785e+01 -2.368091918993349529e-04 1.103523586257649962e-06
1.687500000000000000e+01 -2.156003171688675949e-04 1.012813803420263291e-06
1.708333333333333570e+01 -1.925560838853590854e-04 8.147698015075467499e-07
1.729166666666666785e+01 -1.767327681490694728e-04 7.234503357673681028e-07
1.750000000000000000e+01 -1.576033011480417812e-04 5.888220332764398604e-07
1.770833333333333570e+01 -1.470759375337662891e-04 5.414192014788315370e-07
1.791666666666666785e+01 -1.341546390107738911e-04 4.805594430506250956e-07
1.812500000000000000e+01 -1.227322166143433413e-04 4.300084043657855713e-07
1.833333333333333570e+01 -1.147140823139899203e-04 3.883303163564902456e-07
1.854166666666666785e+01 -1.066023159455473194e-04 3.814166625915077222e-07
1.875000000000000000e+01 -1.026122955381309274e-04 3.968980832985945671e-07
1.895833333333333570e+01 -9.943388856561399987e-05 4.200794455627967336e-07
1.916666666666666785e+01 -9.519140689215945536e-05 4.360633258529089136e-07
1.937500000000000000e+01 -8.813160759652327917e-05 3.668211394091988119e-07
1.958333333333333570e+01 -8.246376859844159175e-05 3.378067102001957694e-07
1.979166666666666785e+01 -7.700111999553941450e-05 3.073150018790096053e-07
2.000000000000000000e+01 -7.406344394614532004e-05 3.083777510376759266e-07
2.020833333333333570e+01 -6.732738876467239219e-05 2.879899061994055879e-07
2.041666666666666785e+01 -6.244931521200207348e-05 2.666541964422039756e-07
2.062500000000000000e+01 -5.731700920463154373e-05 2.384999583096237135e-07
2.083333333333333570e+01 -5.189129802687881881e-05 2.098307019723583493e-07
2.104166666666666785e+01 -5.041566308887020004e-05 2.173209680106331295e-07
2.125000000000000000e+01 -4.850831764811977965e-05 2.208682854445864623e-07
2.145833333333333570e+01 -4.583820651480644638e-05 2.102654209731701808e-07
2.166666666666666785e+01 -4.447842033984755414e-05 2.020356036475832234e-07
2.187500000000000000e+01 -3.863591733648068092e-05 1.664877210105944453e-07
2.208333333333333570e+01 -3.487629384637608776e-05 1.342184530828481007e-07
2.229166666666666785e+01 -3.206621593757568280e-05 1.087583745663645637e-07
2.250000000000000000e+01 -2.852918150327826206e-05 9.551430016491222653e-08
2.270833333333333570e+01 -2.808954148350253869e-05 8.576353753005618594e-08
2.291666666666666785e+01 -2.655617717800723193e-05 8.730588636355266652e-08
2.312500000000000000e+01 -2.475109654938513587e-05 9.322043294984827041e-08
2.333333333333333570e+01 -2.382921176304974800e-05 8.704848023388142100e-08
2.354166666666666785e+01 -2.126666435672646787e-05 8.921715766055231551e-08
2.375000000000000000e+01 -2.062957158687310703e-05 8.773660948533873286e-08
2.395833333333333570e+01 -1.938745846834941802e-05 7.532079579392021029e-08
2.416666666666666785e+01 -1.675288560474671716e-05 6.108957506039381304e-08
2.437500000000000000e+01 -1.657679646076752844e-05 5.410320626689447434e-08
2.458333333333333570e+01 -1.538758822940932807e-05 5.128421903431135735e-08
2.479166666666666785e+01 -1.432658668415860412e-05 5.318536188624170076e-08
2.500000000000000000e+01 -1.449665746089740504e-05 5.060281048323690765e-08
2.520833333333333570e+01 -1.280737987191888158e-05 5.005746340778284476e-08
2.541666666666666785e+01 -1.271956613704539719e-05 4.957769625815040142e-08
2.562500000000000000e+01 -1.222588393440208619e-05 4.244880005025944198e-08
2.583333333333333570e+01 -1.055141751149226844e-05 3.899742611231868493e-08
2.604166666666666785e+01 -1.101487188555320120e-05 3.400008633907037351e-08
2.625000000000000000e+01 -1.006227768711045421e-05 3.135537738463359452e-08
2.645833333333333570e+01 -9.207531675418033799e-06 2.885732071126420767e-08
2.666666666666666785e+01 -9.879837694461697739e-06 2.817755092111621708e-08
2.687500000000000000e+01 -8.699095079700496993e-06 3.132785507324928949e-08
2.708333333333333570e+01 -8.709368339647378411e-06 3.192905328692709170e-08
2.729166666666666785e+01 -9.045737902006569707e-06 3.430198133929426278e-08
2.750000000000000000e+01 -7.799356864509576331e-06 3.509090723082641736e-08
2.770833333333333570e+01 -8.524176496064921611e-06 3.363044022754948398e-08
2.791666666666666785e+01 -7.655674530738331479e-06 2.980649271700613086e-08
2.812500000000000000e+01 -6.616242384112881411e-06 2.277001426449305483e-08
2.833333333333333570e+01 -7.306242849021512447e-06 1.955742261274959293e-08
2.854166666666666785e+01 -6.233008197408441257e-06 2.016719695917437956e-08
2.875000000000000000e+01 -6.214372030063865151e-06 1.611028772734114230e-08
2.895833333333333570e+01 -6.528410043978824652e-06 1.728157691611158041e-08
2.916666666666666785e+01 -5.146963888699508072e-06 1.600515135827504651e-08
2.937500000000000000e+01 -5.840137473664596537e-06 1.549640997385926318e-08
2.958333333333333570e+01 -5.275695716776514354e-06 1.038933275100500024e-08
2.979166666666666785e+01 -4.496772878711903196e-06 9.046605471245487847e-09
3.000000000000000000e+01 -5.651218123661137151e-06 7.666835848602749554e-09
3.020833333333333570e+01 -4.496772878734452060e-06 9.046605471179644270e-09
3.041666666666666785e+01 -5.275695716765067551e-06 1.038933275099571762e-08
3.062500000000000000e+01 -5.840137473667434098e-06 1.549640997378321881e-08
3.083333333333333570e+01 -5.146963888676694934e-06 1.600515135825815879e-08
3.104166666666666785e+01 -6.528410043969537782e-06 1.728157691613229963e-08
3.125000000000000000e+01 -6.214372030071356310e-06 1.611028772734202573e-08
3.145833333333333570e+01 -6.233008197435081290e-06 2.016719695919277275e-08
3.166666666666666785e+01 -7.306242848998389294e-06 1.955742261274430890e-08
3.187500000000000000e+01 -6.616242384107409578e-06 2.277001426447872806e-08
3.208333333333333570e+01 -7.655674530762522739e-06 2.980649271699505326e-08
3.229166666666667140e+01 -8.524176495986410127e-06 3.363044022751754157e-08
3.250000000000000000e+01 -7.799356864499933708e-06 3.509090723079129196e-08
3.270833333333333570e+01 -9.045737902026495310e-06 3.430198133918725870e-08
3.291666666666667140e+01 -8.709368339631064557e-06 3.192905328684370528e-08
3.312500000000000000e+01 -8.699095079725589497e-06 3.132785507317477706e-08
3.333333333333333570e+01 -9.879837694450442366e-06 2.817755092106924977e-08
3.354166666666667140e+01 -9.207531675442931485e-06 2.885732071123874375e-08
3.375000000000000000e+01 -1.006227768704011659e-05 3.135537738461499950e-08
3.395833333333333570e+01 -1.101487188557716885e-05 3.400008633905839593e-08
3.416666666666667140e+01 -1.055141751146660334e-05 3.899742611230244572e-08
3.437500000000000000e+01 -1.222588393434061193e-05 4.244880005022859145e-08
3.458333333333333570e+01 -1.271956613705312552e-05 4.957769625811738699e-08
3.479166666666667140e+01 -1.280737987189572031e-05 5.005746340774583339e-08
3.500000000000000000e+01 -1.449665746089822836e-05 5.060281048320269546e-08
3.520833333333333570e+01 -1.432658668412034025e-05 5.318536188619948807e-08
3.541666666666667140e+01 -1.538758822939510131e-05 5.128421903426329484e-08
3.562500000000000000e+01 -1.657679646076600039e-05 5.410320626685038893e-08
3.583333333333333570e+01 -1.675288560476720519e-05 6.108957506036228754e-08
3.604166666666667140e+01 -1.938745846835101045e-05 7.532079579388732159e-08
3.625000000000000000e+01 -2.062957158689965982e-05 8.773660948531698794e-08
3.645833333333333570e+01 -2.126666435668151753e-05 8.921715766052285464e-08
3.666666666666667140e+01 -2.382921176299331866e-05 8.704848023385030578e-08
3.687500000000000000e+01 -2.475109654936661634e-05 9.322043294983260030e-08
3.708333333333333570e+01 -2.655617717801810106e-05 8.730588636353551410e-08
3.729166666666667140e+01 -2.808954148346760367e-05 8.576353753001887679e-08
3.750000000000000000e+01 -2.852918150320265590e-05 9.551430016486405153e-08
3.770833333333333570e+01 -3.206621593757126468e-05 1.087583745663086595e-07
3.791666666666667140e+01 -3.487629384633866923e-05 1.342184530827921171e-07
3.812500000000000000e+01 -3.863591733651031352e-05 1.664877210105405528e-07
3.833333333333333570e+01 -4.447842033986154034e-05 2.020356036475294632e-07
3.854166666666667140e+01 -4.583820651474936991e-05 2.102654209731183000e-07
3.875000000000000000e+01 -4.850831764804426497e-05 2.208682854445285199e-07
3.895833333333333570e+01 -5.041566308892645658e-05 2.173209680105736784e-07
3.916666666666667140e+01 -5.189129802688827848e-05 2.098307019723026040e-07
3.937500000000000000e+01 -5.731700920457635107e-05 2.384999583095710387e-07
3.958333333333333570e+01 -6.244931521199241053e-05 2.666541964421590299e-07
3.979166666666667140e+01 -6.732738876464688634e-05 2.879899061993529659e-07
4.000000000000000000e+01 -7.406344394612863688e-05 3.083777510376263222e-07
4.020833333333333570e+01 -7.700111999557749710e-05 3.073150018789411015e-07
4.041666666666667140e+01 -8.246376859842362110e-05 3.378067102001214423e-07
4.062500000000000000e+01 -8.813160759649472399e-05 3.668211394091251200e-07
4.083333333333333570e+01 -9.519140689212427300e-05 4.360633258528256926e-07
4.104166666666667140e+01 -9.943388856555344718e-05 4.200794455627141479e-07
4.125000000000000000e+01 -1.026122955380939154e-04 3.968980832984937702e-07
4.145833333333333570e+01 -1.066023159455803469e-04 3.814166625913951197e-07
4.166666666666667140e+01 -1.147140823139916957e-04 3.883303163563976014e-07
4.187500000000000000e+01 -1.227322166142746571e-04 4.300084043657063207e-07
4.208333333333333570e+01 -1.341546390108002914e-04 4.805594430505336160e-07
4.229166666666667140e+01 -1.470759375336953010e-04 5.414192014787335988e-07
4.250000000000000000e+01 -1.576033011480036444e-04 5.888220332763282638e-07
4.270833333333333570e+01 -1.767327681490064807e-04 7.234503357672388244e-07
4.291666666666667140e+01 -1.925560838854088231e-04 8.147698015074272124e-07
4.312500000000000000e+01 -2.156003171688386738e-04 1.012813803420122471e-06
4.333333333333333570e+01 -2.368091918993564472e-04 1.103523586257502154e-06
4.354166666666667140e+01 -2.630164883545931778e-04 1.362906001409227840e-06
4.375000000000000000e+01 -2.983185116423790707e-04 1.742275327012018971e-06
4.395833333333333570e+01 -3.394492919849179287e-04 2.238887017712463219e-06
4.416666666666667140e+01 -3.934898765935012505e-04 2.934071088977389350e-06
4.437500000000000000e+01 -4.262581626895047687e-04 3.150857689374882297e-06
4.458333333333333570e+01 -4.835294614535524645e-04 3.884130280653190671e-06
4.479166666666667140e+01 -4.671709916060457976e-04 3.308167453125035121e-06
4.500000000000000000e+01 -5.123663568250796767e-04 3.763347277585311951e-06
4.520833333333333570e+01 -5.846966092564761077e-04 4.578626599054748943e-06
4.541666666666667140e+01 -6.776329132573790694e-04 5.986078230941779693e-06
4.562500000000000000e+01 -8.291269014128651573e-04 8.353648193361604889e-06
4.583333333333333570e+01 -9.461126542701387560e-04 1.023899299724244925e-05
4.604166666666667140e+01 -1.151373960593779673e-03 1.363444669923501898e-05
4.625000000000000000e+01 -1.134924612745208134e-03 1.314415383576034486e-05
4.645833333333333570e+01 -1.313975764570024041e-03 1.612657963704754188e-05
4.666666666666667140e+01 -1.205930126480913873e-03 1.383314297620544085e-05
4.687500000000000000e+01 -1.304059467628158409e-03 1.519625728689786334e-05
4.708333333333333570e+01 -1.432504063403875058e-03 1.709595399440350878e-05
4.729166666666667140e+01 -1.556617731227961368e-03 1.889539375936312587e-05
4.750000000000000000e+01 -1.839056172904393431e-03 2.357889426007844672e-05
4.770833333333333570e+01 -1.628072283231786705e-03 1.918852532113083357e-05
4.791666666666667140e+01 -1.842139671486490776e-03 2.243979580484500207e-05
4.812500000000000000e+01 -1.527518124240086596e-03 1.882680239798824860e-05
4.833333333333333570e+01 -1.424276891992269905e-03 1.970714927370405386e-05
4.854166666666667140e+01 -1.496119752304847506e-03 1.577342509814029558e-05
4.875000000000000000e+01 -1.372730189836170395e-03 1.247215109438555377e-05
4.895833333333333570e+01 -1.450096859912076335e-03 1.207434328804615744e-05
4.916666666666667140e+01 -1.308817269133160299e-03 1.045845717238754973e-05
4.937500000000000000e+01 -1.316729573575747001e-03 1.071051902342314829e-05
4.958333333333333570e+01 -1.403508484015985420e-03 8.681752803811453790e-06
4.979166666666667140e+01 -1.389369064595940466e-03 6.999574262282405753e-06
5.000000000000000000e+01 -1.463493328708868890e-03 6.980408633218268095e-06
5.020833333333333570e+01 -1.552638686188612289e-03 5.500636645144827552e-06
5.041666666666667140e+01 -1.696889108606655389e-03 4.505722423502578989e-06
5.062500000000000000e+01 -1.845318148762880358e-03 3.978731110266546978e-06
5.083333333333333570e+01 -2.006415586557250361e-03 3.854856352913609940e-06
5.104166666666667140e+01 -2.232528648153926914e-03 4.524735261440380018e-06
5.125000000000000000e+01 -2.521523656003725640e-03 5.521761376193332605e-06
5.145833333333333570e+01 -2.854353617520924598e-03 6.228603563889675414e-06
5.166666666666667140e+01 -3.256647931550099746e-03 7.738924377688600039e-06
5.187500000000000000e+01 -3.827012086955990881e-03 1.061571216739107474e-05
5.208333333333333570e+01 -4.632073601931527632e-03 1.496738443322170729e-05
5.229166666666667140e+01 -5.384517534153083866e-03 1.934456806449403411e-05
5.250000000000000000e+01 -6.020822633586490891e-03 2.069242868514816814e-05
5.270833333333333570e+01 -6.348456671836796850e-03 2.025299716514016498e-05
5.291666666666667140e+01 -6.651699185716924111e-03 1.753829704579061764e-05
5.312500000000000000e+01 -7.064146002959546117e-03 1.595383828024479463e-05
5.333333333333333570e+01 -7.823745386146432543e-03 1.704560908703416628e-05
5.354166666666667140e+01 -8.853657887050248379e-03 1.956505265234670569e-05
5.375000000000000000e+01 -9.766859440466161071e-03 1.964494647725427133e-05
5.395833333333333570e+01 -1.103848806592331276e-02 2.106441644312628743e-05
5.416666666666667140e+01 -1.210096490102910774e-02 2.215143199271418876e-05
5.437500000000000000e+01 -1.337347281490782434e-02 2.398536576037352483e-05
5.458333333333333570e+01 -1.459070277810317097e-02 2.491124272653426837e-05
5.479166666666667140e+01 -1.579663983944750230e-02 2.530223239517994247e-05
5.500000000000000000e+01 -1.677979728203434287e-02 2.477422211845673868e-05
5.520833333333333570e+01 -1.776619523722409305e-02 2.408769085103462475e-05
5.541666666666667140e+01 -1.908196211631582595e-02 2.325680657639866026e-05
5.562500000000000000e+01 -2.065454403582946130e-02 2.391025801971868192e-05
5.583333333333333570e+01 -2.217063278430142503e-02 2.256088747034524293e-05
5.604166666666667140e+01 -2.418533135904024287e-02 2.203742880437086575e-05
5.625000000000000000e+01 -2.710775551730383592e-02 2.277468035928348439e-05
5.645833333333333570e+01 -3.016240433821618452e-02 2.315196152976969386e-05
5.666666666666667140e+01 -3.364312655594548646e-02 2.356467584068162299e-05
5.687500000000000000e+01 -3.756007390379797334e-02 2.346502251047033149e-05
5.708333333333333570e+01 -4.200211714745868269e-02 2.288937786990174773e-05
5.729166666666667140e+01 -4.762264920500318410e-02 2.331650111409441865e-05
5.750000000000000000e+01 -5.402870074284289031e-02 2.362417293144847437e-05
5.770833333333333570e+01 -6.133414512812532943e-02 2.259213064988522119e-05
5.791666666666667140e+01 -7.070417522976224500e-02 2.326341270032855965e-05
5.812500000000000000e+01 -8.205456359069325523e-02 2.319327184736714683e-05
5.833333333333333570e+01 -9.591233199021473310e-02 2.202259683176054062e-05
5.854166666666667140e+01 -1.133712428918727672e-01 2.525686439130728710e-05
5.875000000000000000e+01 -1.352659540089188872e-01 2.883197938910305673e-05
5.895833333333333570e+01 -1.631687411605626525e-01 2.681985513385902296e-05
5.916666666666667140e+01 -1.998635197457002133e-01 2.645030411123581315e-05
5.937500000000000000e+01 -2.469852297117154094e-01 2.923665557148822454e-05
5.958333333333333570e+01 -3.087857387021683553e-01 2.933374577011551819e-05
5.979166666666667140e+01 -3.906337804384212298e-01 3.595363402722373427e-05
6.000000000000000000e+01 -5.000000000000001110e-01 4.556771967138859654e-05
