0.000000000000000000e+00 -4.999999999999996114e-01 1.264563083280563071e-04
2.083333333333333426e-01 -3.327513931807441483e-01 6.638567024407578446e-05
4.166666666666666852e-01 -2.232005633150535573e-01 3.336404446012257598e-05
6.250000000000000000e-01 -1.522974421600142847e-01 3.634612742946801990e-05
8.333333333333333703e-01 -1.044471996760639732e-01 2.788090318233660587e-05
1.041666666666666741e+00 -7.241347749837763470e-02 2.212218114204976755e-05
1.250000000000000000e+00 -5.090231647237641183e-02 2.352011716589057450e-05
1.458333333333333481e+00 -3.620374899562899679e-02 2.016513693434491330e-05
1.666666666666666741e+00 -2.598950643049830617e-02 1.925696902733957806e-05
1.875000000000000000e+00 -1.861364574435062785e-02 1.866939079535900146e-05
2.083333333333333481e+00 -1.358455141744914843e-02 1.774837275794075581e-05
2.291666666666666963e+00 -9.475475843625588354e-03 1.340480522676599992e-05
2.500000000000000000e+00 -6.740342062142548780e-03 1.123715853858864206e-05
2.708333333333333481e+00 -4.655905574947956545e-03 7.899606292936586449e-06
2.916666666666666963e+00 -3.285863470311274712e-03 5.728484309992959805e-06
3.125000000000000000e+00 -2.318139894899374966e-03 4.138395133517726098e-06
3.333333333333333481e+00 -1.716753854046718444e-03 3.816140194944255905e-06
3.541666666666666963e+00 -1.218167396420699470e-03 2.760601421835083274e-06
3.750000000000000000e+00 -8.638988577810303299e-04 1.902602769573185914e-06
3.958333333333333481e+00 -6.401061777414313687e-04 1.729031612692420625e-06
4.166666666666666963e+00 -4.582684091939532548e-04 1.303074399325608204e-06
4.375000000000000000e+00 -3.487539752760027926e-04 1.204823050482675648e-06
4.583333333333333925e+00 -2.362656409058289662e-04 7.656726824052215557e-07
4.791666666666666963e+00 -1.577792976481956228e-04 4.322625515415532379e-07
5.000000000000000000e+00 -1.099598981898982801e-04 2.441032871899001092e-07
5.208333333333333925e+00 -7.439096013490594515e-05 1.506634649584894265e-07
5.416666666666666963e+00 -5.724121433916736916e-05 1.304031015789976054e-07
5.625000000000000000e+00 -4.260857809018640710e-05 8.862978914754111794e-08
5.833333333333333925e+00 -2.831335568645410730e-05 5.888237839744336237e-08
6.041666666666666963e+00 -2.286751351594687020e-05 3.714854035127056154e-08
6.250000000000000000e+00 -1.581541971626215941e-05 2.640513461490961995e-08
6.458333333333333925e+00 -1.093077881340235477e-05 2.183515426103102622e-08
6.666666666666666963e+00 -1.109621171232516481e-05 1.745732766611144824e-08
6.875000000000000000e+00 -6.147525607387217132e-06 1.617838473241305532e-08
7.083333333333333925e+00 -5.548215200265246421e-06 1.110462611298590424e-08
7.291666666666666963e+00 -5.135870424276710947e-06 7.292024462931440645e-09
7.500000000000000000e+00 -1.470789353346687395e-06 4.977625387902749570e-09
7.708333333333333925e+00 -3.322596024579134363e-06 3.375377096215908315e-09
7.916666666666666963e+00 -1.714356537089741914e-06 2.891110504490689628e-09
8.125000000000000000e+00 -3.564662960833653786e-07 2.092651492367876081e-09
8.333333333333333925e+00 -2.448740054465601074e-06 1.592299777098925622e-09
8.541666666666667851e+00 1.524155308412092207e-07 1.227612405800873296e-09
8.750000000000000000e+00 -6.976232624395077114e-07 9.741995497216641336e-10
8.958333333333333925e+00 -1.452540666292983604e-06 7.859794716782930343e-10
9.166666666666667851e+00 8.406830689286978750e-07 7.344938420352067161e-10
9.375000000000000000e+00 -1.261255669551026185e-06 5.532874951073132085e-10
9.583333333333333925e+00 -2.846839607262563694e-07 4.750025018125818350e-10
9.791666666666667851e+00 5.778228572479327999e-07 3.614103170268023493e-10
1.000000000000000000e+01 -1.399497895846222541e-06 3.452318607478628524e-10
1.020833333333333393e+01 6.388975891319596592e-07 3.725249916302330080e-10
1.041666666666666785e+01 -1.928860518400822186e-07 2.982260738812000708e-10
1.062500000000000000e+01 -9.354702966207817782e-07 3.713259035338723636e-10
1.083333333333333393e+01 9.609986584166135703e-07 6.862291631121353243e-10
1.104166666666666785e+01 -8.958037869483069959e-07 6.533023967705769232e-10
1.125000000000000000e+01 -9.539652191364412118e-08 1.049936538163853933e-09
1.145833333333333393e+01 6.334386913467829145e-07 7.384725331225831702e-10
1.166666666666666785e+01 -1.119085792153223316e-06 6.535062860474305254e-10
1.187500000000000000e+01 6.481134683913429115e-07 4.308938437281318085e-10
1.208333333333333393e+01 -9.016341466936788357e-08 3.523655695368894494e-10
1.229166666666666785e+01 -7.548802793265382952e-07 3.605748604687232539e-10
1.250000000000000000e+01 9.068191531034763650e-07 6.213127366438494978e-10
1.270833333333333393e+01 -7.470325679648112712e-07 7.698323797729933831e-10
1.291666666666666785e+01 -5.912920837805103363e-08 3.872348787005140851e-10
1.312500000000000000e+01 5.905278636527773343e-07 3.476014076561640824e-10
1.333333333333333393e+01 -9.744243648604395873e-07 3.800267210659469153e-10
1.354166666666666785e+01 5.939622924185495342e-07 3.327564123853231340e-10
1.375000000000000000e+01 -6.284829044859100582e-08 2.637725881223752504e-10
1.395833333333333393e+01 -6.731401211827415548e-07 2.450843256770474646e-10
1.416666666666666785e+01 8.192899621795271979e-07 3.845832538181242923e-10
1.437500000000000000e+01 -6.697748724322483636e-07 8.954146841857056174e-10
1.458333333333333393e+01 -5.112876163047293428e-08 1.076796211762708356e-09
1.479166666666666785e+01 5.320077453026953596e-07 6.576621123333418555e-10
1.500000000000000000e+01 -8.874963003131011741e-07 4.261155545047256832e-10
1.520833333333333393e+01 5.410595547638092329e-07 3.881816941578643757e-10
1.541666666666666785e+01 -5.046279272073701270e-08 3.173421742845346608e-10
1.562500000000000000e+01 -6.067988348492721446e-07 2.173438558758846758e-10
1.583333333333333393e+01 7.627755781540759863e-07 2.727586617561130989e-10
1.604166666666666785e+01 -6.033171697617690551e-07 2.693624373775147550e-10
1.625000000000000000e+01 -2.221039792790745042e-08 2.972183211270301677e-10
1.645833333333333570e+01 5.227697832828072237e-07 5.715656717609043288e-10
1.666666666666666785e+01 -7.867594769076207810e-07 4.722316487157219044e-10
1.687500000000000000e+01 5.219544656994980546e-07 2.608473601482731690e-10
1.708333333333333570e+01 -3.209441396415143056e-08 2.213336824650414501e-10
1.729166666666666785e+01 -5.557019444814288481e-07 1.731400415060751996e-10
1.750000000000000000e+01 7.117048024055139025e-07 2.852545052219467561e-10
1.770833333333333570e+01 -5.636833120421953956e-07 5.598924553404438558e-10
1.791666666666666785e+01 -3.822997664376640549e-08 4.046455166778582942e-10
1.812500000000000000e+01 4.664549609641539836e-07 5.513215201231937285e-10
1.833333333333333570e+01 -7.653385354901053623e-07 2.973379416992989016e-10
1.854166666666666785e+01 4.730074069717381525e-07 1.540079969249479582e-10
1.875000000000000000e+01 -3.448294179744478924e-08 1.684309488562735481e-10
1.895833333333333570e+01 -5.240006684512926641e-07 1.521814329284123565e-10
1.916666666666666785e+01 6.771997254216729171e-07 2.367211157118589061e-10
1.937500000000000000e+01 -5.127061946550538836e-07 2.008791216076110881e-10
1.958333333333333570e+01 -1.065392305464203182e-08 1.816299653223660589e-10
1.979166666666666785e+01 4.686231753176881240e-07 2.360569475882664874e-10
2.000000000000000000e+01 -6.965579042740090227e-07 2.148770810402149369e-10
2.020833333333333570e+01 4.684131247315859566e-07 3.356980641856025356e-10
2.041666666666666785e+01 -2.297585534454597416e-08 5.703562812772180024e-10
2.062500000000000000e+01 -4.879221147566335510e-07 2.304635854485691052e-10
2.083333333333333570e+01 6.529568359724846135e-07 2.451902981066319169e-10
2.104166666666666785e+01 -4.879129124363296019e-07 2.257830996142314749e-10
2.125000000000000000e+01 -1.535296082056678646e-08 5.714537593227082633e-10
2.145833333333333570e+01 4.485132006811090910e-07 3.342131246402937797e-10
2.166666666666666785e+01 -6.687830312564837144e-07 2.156883948604993675e-10
2.187500000000000000e+01 4.416558876836614756e-07 2.371519652010146793e-10
2.208333333333333570e+01 -2.518449727698097680e-08 1.746832413635715878e-10
2.229166666666666785e+01 -4.750702950558989233e-07 1.705257796160456089e-10
2.250000000000000000e+01 6.195318336109344989e-07 1.885392519892578807e-10
2.270833333333333570e+01 -4.687958684994631505e-07 1.787526689265645201e-10
2.291666666666666785e+01 -1.700727575033111948e-08 3.271722616050586809e-10
2.312500000000000000e+01 4.229967806607104565e-07 2.183285742786434161e-10
2.333333333333333570e+01 -6.552035717328891438e-07 3.280924625132218208e-10
2.354166666666666785e+01 4.214152442604834666e-07 2.469819751111811580e-10
2.375000000000000000e+01 -2.300555354390606130e-08 3.321968167236296694e-10
2.395833333333333570e+01 -4.418926123701594269e-07 4.583425775055530143e-10
2.416666666666666785e+01 6.087655567558697464e-07 3.752886886127039719e-10
2.437500000000000000e+01 -4.557191107067118889e-07 1.960450643969004428e-10
2.458333333333333570e+01 -1.028320859680788072e-08 2.868941105345498433e-10
2.479166666666666785e+01 4.234470235122561953e-07 2.549951311936889533e-10
2.500000000000000000e+01 -6.237303067343897271e-07 2.482850857247690895e-10
2.520833333333333570e+01 4.142428098002078618e-07 4.971071548584864533e-10
2.541666666666666785e+01 -1.930205116197839119e-08 3.584561170210657794e-10
2.562500000000000000e+01 -4.511274727182561247e-07 4.622423595709742613e-10
2.583333333333333570e+01 5.869691994573751604e-07 3.254324164137128127e-10
2.604166666666666785e+01 -4.446981312459772576e-07 1.868588274728946484e-10
2.625000000000000000e+01 -1.939422013252043423e-08 1.991439711444064980e-10
2.645833333333333570e+01 4.013971847389620087e-07 1.637923427580752869e-10
2.666666666666666785e+01 -6.220436180690966849e-07 1.062366486686423913e-10
2.687500000000000000e+01 4.008034124820159353e-07 1.416678527716068849e-10
2.708333333333333570e+01 -2.354164567776228274e-08 1.163385860911867690e-10
2.729166666666666785e+01 -4.470135428465172246e-07 1.286812666714553925e-10
2.750000000000000000e+01 5.692114735393044970e-07 1.077380752968471411e-10
2.770833333333333570e+01 -4.497352435052684456e-07 1.219588546072797218e-10
2.791666666666666785e+01 -3.185825783075532882e-08 2.636003350752454594e-10
2.812500000000000000e+01 3.886624716767421656e-07 1.420073631009178625e-10
2.833333333333333570e+01 -6.210773028839630613e-07 1.545447776806220974e-10
2.854166666666666785e+01 3.909366679672969731e-07 1.549331716611731700e-10
2.875000000000000000e+01 -2.680844106931067041e-08 1.225155915909143082e-10
2.895833333333333570e+01 -4.454706949408289363e-07 1.134027111105546649e-10
2.916666666666666785e+01 5.609613293086402956e-07 1.331027981971392775e-10
2.937500000000000000e+01 -4.485415571077425925e-07 1.303664046898076294e-10
2.958333333333333570e+01 -3.085345991108192834e-08 1.793772777879621738e-10
2.979166666666666785e+01 3.889019870751786240e-07 2.317531242469950143e-10
3.000000000000000000e+01 -6.188331361395511500e-07 1.704073373556299064e-10
3.020833333333333570e+01 3.889019870718692663e-07 2.317531241854580500e-10
3.041666666666666785e+01 -3.085345992017990923e-08 1.793772778414703163e-10
3.062500000000000000e+01 -4.485415571265756290e-07 1.303664047153780568e-10
3.083333333333333570e+01 5.609613292917087423e-07 1.331027982301331857e-10
3.104166666666666785e+01 -4.454706948941233279e-07 1.134027111160204159e-10
3.125000000000000000e+01 -2.680844108959228538e-08 1.225155915786657279e-10
3.145833333333333570e+01 3.909366679606476586e-07 1.549331717067346142e-10
3.166666666666666785e+01 -6.210773028777261460e-07 1.545447776820122520e-10
3.187500000000000000e+01 3.886624716775170949e-07 1.420073631479060899e-10
3.208333333333333570e+01 -3.185825782660074471e-08 2.636003351218163999e-10
3.229166666666667140e+01 -4.497352434992896636e-07 1.219588546091007341e-10
3.250000000000000000e+01 5.692114735639723199e-07 1.077380753406296817e-10
3.270833333333333570e+01 -4.470135428294952505e-07 1.286812666657970635e-10
3.291666666666667140e+01 -2.354164568299409423e-08 1.163385860569112220e-10
3.312500000000000000e+01 4.008034124690523608e-07 1.416678527751458479e-10
3.333333333333333570e+01 -6.220436180650019159e-07 1.062366486705801653e-10
3.354166666666667140e+01 4.013971847483653979e-07 1.637923427272697367e-10
3.375000000000000000e+01 -1.939422010858004059e-08 1.991439711859693253e-10
3.395833333333333570e+01 -4.446981312257038416e-07 1.868588275534839086e-10
3.416666666666667140e+01 5.869691994552423314e-07 3.254324164956207023e-10
3.437500000000000000e+01 -4.511274727070012803e-07 4.622423595875190110e-10
3.458333333333333570e+01 -1.930205114730519974e-08 3.584561170567999302e-10
3.479166666666667140e+01 4.142428098156622426e-07 4.971071548786336779e-10
3.500000000000000000e+01 -6.237303067096684353e-07 2.482850857640571701e-10
3.520833333333333570e+01 4.234470235256408511e-07 2.549951313697457130e-10
3.541666666666667140e+01 -1.028320861829381772e-08 2.868941105521861611e-10
3.562500000000000000e+01 -4.557191106902091989e-07 1.960450644745229681e-10
3.583333333333333570e+01 6.087655567405475557e-07 3.752886886629959328e-10
3.604166666666667140e+01 -4.418926123742688073e-07 4.583425774828426672e-10
3.625000000000000000e+01 -2.300555354996932166e-08 3.321968166782658438e-10
3.645833333333333570e+01 4.214152442729450683e-07 2.469819751499864236e-10
3.666666666666667140e+01 -6.552035717192108323e-07 3.280924624896298542e-10
3.687500000000000000e+01 4.229967806655012749e-07 2.183285742771788153e-10
3.708333333333333570e+01 -1.700727574877676108e-08 3.271722615855730974e-10
3.729166666666667140e+01 -4.687958684989675303e-07 1.787526688741112914e-10
3.750000000000000000e+01 6.195318336637115336e-07 1.885392519676868715e-10
3.770833333333333570e+01 -4.750702950868881531e-07 1.705257796087361757e-10
3.791666666666667140e+01 -2.518449726736721902e-08 1.746832413404310292e-10
3.812500000000000000e+01 4.416558876829402270e-07 2.371519652275745182e-10
3.833333333333333570e+01 -6.687830312489423683e-07 2.156883948282810704e-10
3.854166666666667140e+01 4.485132007048516362e-07 3.342131246047289942e-10
3.875000000000000000e+01 -1.535296079879602801e-08 5.714537592423161305e-10
3.895833333333333570e+01 -4.879129124333442343e-07 2.257830995636184128e-10
3.916666666666667140e+01 6.529568359745477740e-07 2.451902981500752358e-10
3.937500000000000000e+01 -4.879221147570759139e-07 2.304635854909810334e-10
3.958333333333333570e+01 -2.297585532379173466e-08 5.703562812727692182e-10
3.979166666666667140e+01 4.684131247535172807e-07 3.356980641921577352e-10
4.000000000000000000e+01 -6.965579042635007319e-07 2.148770810789492976e-10
4.020833333333333570e+01 4.686231752785170854e-07 2.360569476242656979e-10
4.041666666666667140e+01 -1.065392305621943877e-08 1.816299653368244523e-10
4.062500000000000000e+01 -5.127061946532697146e-07 2.008791215724082457e-10
4.083333333333333570e+01 6.771997254207426632e-07 2.367211156660505226e-10
4.104166666666667140e+01 -5.240006684479206260e-07 1.521814329071129986e-10
4.125000000000000000e+01 -3.448294179763914360e-08 1.684309488213023680e-10
4.145833333333333570e+01 4.730074069600804380e-07 1.540079968886674547e-10
4.166666666666667140e+01 -7.653385355022628262e-07 2.973379416835443162e-10
4.187500000000000000e+01 4.664549609565341811e-07 5.513215200986636874e-10
4.208333333333333570e+01 -3.822997665205476847e-08 4.046455166749753113e-10
4.229166666666667140e+01 -5.636833120423529437e-07 5.598924553406002964e-10
4.250000000000000000e+01 7.117048024191567445e-07 2.852545052520758276e-10
4.270833333333333570e+01 -5.557019444774009947e-07 1.731400414787196130e-10
4.291666666666667140e+01 -3.209441396780150729e-08 2.213336823817806549e-10
4.312500000000000000e+01 5.219544656356350526e-07 2.608473599913752048e-10
4.333333333333333570e+01 -7.867594769057761550e-07 4.722316485330580913e-10
4.354166666666667140e+01 5.227697832791937812e-07 5.715656716663148816e-10
4.375000000000000000e+01 -2.221039794360158127e-08 2.972183210569807395e-10
4.395833333333333570e+01 -6.033171697716519179e-07 2.693624373628339535e-10
4.416666666666667140e+01 7.627755781624410719e-07 2.727586617387658290e-10
4.437500000000000000e+01 -6.067988348265377803e-07 2.173438558692685492e-10
4.458333333333333570e+01 -5.046279277656294255e-08 3.173421742853495888e-10
4.479166666666667140e+01 5.410595547666050769e-07 3.881816941567143879e-10
4.500000000000000000e+01 -8.874963002679676588e-07 4.261155544981002250e-10
4.520833333333333570e+01 5.320077453050599580e-07 6.576621122318011960e-10
4.541666666666667140e+01 -5.112876163074424952e-08 1.076796211750199731e-09
4.562500000000000000e+01 -6.697748724413535442e-07 8.954146841722823372e-10
4.583333333333333570e+01 8.192899621711228311e-07 3.845832538228076338e-10
4.604166666666667140e+01 -6.731401211794944540e-07 2.450843256602134086e-10
4.625000000000000000e+01 -6.284829043010561024e-08 2.637725880998063512e-10
4.645833333333333570e+01 5.939622924253115041e-07 3.327564125065731811e-10
4.666666666666667140e+01 -9.744243648786406313e-07 3.800267211626871872e-10
4.687500000000000000e+01 5.905278636832382273e-07 3.476014076987406712e-10
4.708333333333333570e+01 -5.912920839513456321e-08 3.872348787753945067e-10
4.729166666666667140e+01 -7.470325679562333686e-07 7.698323798170990670e-10
4.750000000000000000e+01 9.068191531062164107e-07 6.213127366363391114e-10
4.770833333333333570e+01 -7.548802793286758887e-07 3.605748604839759991e-10
4.791666666666667140e+01 -9.016341467077733316e-08 3.523655694271610977e-10
4.812500000000000000e+01 6.481134683873601626e-07 4.308938437371704628e-10
4.833333333333333570e+01 -1.119085792166481923e-06 6.535062860116020243e-10
4.854166666666667140e+01 6.334386913285954230e-07 7.384725330796634565e-10
4.875000000000000000e+01 -9.539652193126701222e-08 1.049936538192705579e-09
4.895833333333333570e+01 -8.958037869633584538e-07 6.533023967599497203e-10
4.916666666666667140e+01 9.609986584148871054e-07 6.862291631470049163e-10
4.937500000000000000e+01 -9.354702966012178582e-07 3.713259035889416027e-10
4.958333333333333570e+01 -1.928860518586191376e-07 2.982260739263855356e-10
4.979166666666667140e+01 6.388975891528136104e-07 3.725249917251940144e-10
5.000000000000000000e+01 -1.399497895836132473e-06 3.452318607703071059e-10
5.020833333333333570e+01 5.778228572582113329e-07 3.614103170580533880e-10
5.041666666666667140e+01 -2.846839607079614106e-07 4.750025018249009324e-10
5.062500000000000000e+01 -1.261255669542432400e-06 5.532874951140815105e-10
5.083333333333333570e+01 8.406830689244959563e-07 7.344938420253054675e-10
5.104166666666667140e+01 -1.452540666279062405e-06 7.859794716783750286e-10
5.125000000000000000e+01 -6.976232624260241115e-07 9.741995497012276026e-10
5.145833333333333570e+01 1.524155308360710129e-07 1.227612405784340851e-09
5.166666666666667140e+01 -2.448740054440833407e-06 1.592299777072489137e-09
5.187500000000000000e+01 -3.564662960585909884e-07 2.092651492364160799e-09
5.208333333333333570e+01 -1.714356537083115787e-06 2.891110504464592907e-09
5.229166666666667140e+01 -3.322596024584565538e-06 3.375377096205378720e-09
5.250000000000000000e+01 -1.470789353297480921e-06 4.977625387900574085e-09
5.270833333333333570e+01 -5.135870424312476913e-06 7.292024462928904509e-09
5.291666666666667140e+01 -5.548215200267683334e-06 1.110462611298949420e-08
5.312500000000000000e+01 -6.147525607409095993e-06 1.617838473241755849e-08
5.333333333333333570e+01 -1.109621171232001655e-05 1.745732766609781630e-08
5.354166666666667140e+01 -1.093077881339385902e-05 2.183515426103789513e-08
5.375000000000000000e+01 -1.581541971627067718e-05 2.640513461492042292e-08
5.395833333333333570e+01 -2.286751351599650972e-05 3.714854035122779300e-08
5.416666666666667140e+01 -2.831335568649568984e-05 5.888237839745018496e-08
5.437500000000000000e+01 -4.260857809022415766e-05 8.862978914755259259e-08
5.458333333333333570e+01 -5.724121433918483837e-05 1.304031015789950908e-07
5.479166666666667140e+01 -7.439096013489574009e-05 1.506634649584925499e-07
5.500000000000000000e+01 -1.099598981898858795e-04 2.441032871898944447e-07
5.520833333333333570e+01 -1.577792976482015046e-04 4.322625515415710256e-07
5.541666666666667140e+01 -2.362656409058395371e-04 7.656726824052611545e-07
5.562500000000000000e+01 -3.487539752760025215e-04 1.204823050482717999e-06
5.583333333333333570e+01 -4.582684091939629584e-04 1.303074399325658390e-06
5.604166666666667140e+01 -6.401061777414542454e-04 1.729031612692483940e-06
5.625000000000000000e+01 -8.638988577810142837e-04 1.902602769573288405e-06
5.645833333333333570e+01 -1.218167396420803119e-03 2.760601421835240823e-06
5.666666666666667140e+01 -1.716753854046699146e-03 3.816140194944471899e-06
5.687500000000000000e+01 -2.318139894899410094e-03 4.138395133517924304e-06
5.708333333333333570e+01 -3.285863470311289024e-03 5.728484309993129211e-06
5.729166666666667140e+01 -4.655905574947972157e-03 7.899606292936808371e-06
5.750000000000000000e+01 -6.740342062142586077e-03 1.123715853858918925e-05
5.770833333333333570e+01 -9.475475843625649069e-03 1.340480522676634043e-05
5.791666666666667140e+01 -1.358455141744926813e-02 1.774837275794134873e-05
5.812500000000000000e+01 -1.861364574435074234e-02 1.866939079535948596e-05
5.833333333333333570e+01 -2.598950643049835474e-02 1.925696902733985250e-05
5.854166666666667140e+01 -3.620374899562901760e-02 2.016513693434457787e-05
5.875000000000000000e+01 -5.090231647237636325e-02 2.352011716588991720e-05
5.895833333333333570e+01 -7.241347749837769021e-02 2.212218114204936436e-05
5.916666666666667140e+01 -1.044471996760638621e-01 2.788090318233551828e-05
5.937500000000000000e+01 -1.522974421600142014e-01 3.634612742946597346e-05
5.958333333333333570e+01 -2.232005633150533352e-01 3.336404446012136303e-05
5.979166666666667140e+01 -3.327513931807438152e-01 6.638567024407406329e-05
6.000000000000000000e+01 -5.000000000000004441e-01 1.264563083280563071e-04
