0.000000000000000000e+00 -5.000000000000001110e-01 1.752885185596724763e-05
2.083333333333333426e-01 -3.850317798125915125e-01 1.532913173990116550e-05
4.166666666666666852e-01 -3.000671456783162716e-01 1.638458537183266916e-05
6.250000000000000000e-01 -2.365673588402754657e-01 1.857014329467840988e-05
8.333333333333333703e-01 -1.886876368667450288e-01 1.914776683007255603e-05
1.041666666666666741e+00 -1.518228308522960590e-01 1.983114965790707296e-05
1.250000000000000000e+00 -1.238461953401560484e-01 2.060702017296281571e-05
1.458333333333333481e+00 -1.019077221902557617e-01 2.109052337486482594e-05
1.666666666666666741e+00 -8.456183185432929184e-02 2.143945434681532731e-05
1.875000000000000000e+00 -7.074884684533656876e-02 2.162437137438994489e-05
2.083333333333333481e+00 -6.002578160814753261e-02 2.194171785236442352e-05
2.291666666666666963e+00 -5.142661127624584966e-02 2.222289242793193279e-05
2.500000000000000000e+00 -4.429786965790086933e-02 2.234780106622033698e-05
2.708333333333333481e+00 -3.830377244380703261e-02 2.189875829490530457e-05
2.916666666666666963e+00 -3.336430339707409376e-02 2.161860553048135987e-05
3.125000000000000000e+00 -2.902446063414126573e-02 2.125758195068739724e-05
3.333333333333333481e+00 -2.556692800665760767e-02 2.141218049303515443e-05
3.541666666666666963e+00 -2.268072988891514999e-02 2.144908503938847537e-05
3.750000000000000000e+00 -2.025329748505124913e-02 2.134257187987959604e-05
3.958333333333333481e+00 -1.763820649763975582e-02 2.012418903858475237e-05
4.166666666666666963e+00 -1.577470938000838374e-02 2.088057875319338687e-05
4.375000000000000000e+00 -1.424588522354407367e-02 2.198803838071827473e-05
4.583333333333333925e+00 -1.259728907691776319e-02 2.086670351779815533e-05
4.791666666666666963e+00 -1.111342779498978271e-02 2.027743819085603592e-05
5.000000000000000000e+00 -1.050696649066176595e-02 2.328302926123444416e-05
5.208333333333333925e+00 -9.934434194294029449e-03 2.483401637092110475e-05
5.416666666666666963e+00 -9.256141274889138210e-03 2.677087560049301319e-05
5.625000000000000000e+00 -8.206861876270350742e-03 2.386141954731147075e-05
5.833333333333333925e+00 -7.465668218910067114e-03 2.351090022069504307e-05
6.041666666666666963e+00 -6.744883597559157666e-03 2.260267926188275876e-05
6.250000000000000000e+00 -6.266709442466102467e-03 2.603720662868962398e-05
6.458333333333333925e+00 -5.892596897244812247e-03 2.952837553865001483e-05
6.666666666666666963e+00 -5.383884492687286173e-03 2.857215034271234992e-05
6.875000000000000000e+00 -4.989512671370362716e-03 2.965046631273585723e-05
7.083333333333333925e+00 -4.286406264660482315e-03 2.609982479183033560e-05
7.291666666666666963e+00 -3.534660808783430218e-03 1.957199594124199940e-05
7.500000000000000000e+00 -2.953243849267191655e-03 1.469230555265446651e-05
7.708333333333333925e+00 -2.548540467002208352e-03 1.217901665247875280e-05
7.916666666666666963e+00 -2.194199345940589952e-03 9.655553987103219002e-06
8.125000000000000000e+00 -1.860995027995122984e-03 7.288011569961356426e-06
8.333333333333333925e+00 -1.617521630589499474e-03 6.176113646635623467e-06
8.541666666666667851e+00 -1.400404962770732337e-03 4.856534159949113054e-06
8.750000000000000000e+00 -1.236546099313316077e-03 4.390748996850792520e-06
8.958333333333333925e+00 -1.090999719390213247e-03 4.028925640900209172e-06
9.166666666666667851e+00 -9.479527425078713293e-04 3.222145789095970959e-06
9.375000000000000000e+00 -8.494411409770895273e-04 2.718410136543088321e-06
9.583333333333333925e+00 -7.487701608359836935e-04 2.228513830510720962e-06
9.791666666666667851e+00 -6.709643807189866324e-04 2.068851173324372134e-06
1.000000000000000000e+01 -5.997923298308127605e-04 1.779083962800977535e-06
1.020833333333333393e+01 -5.456329798514861868e-04 1.750809427188558459e-06
1.041666666666666785e+01 -5.211780485234202703e-04 2.129544091882010392e-06
1.062500000000000000e+01 -5.166463868287847700e-04 2.715875531442024970e-06
1.083333333333333393e+01 -4.848231959917950079e-04 2.804845199033139715e-06
1.104166666666666785e+01 -4.910162176243341786e-04 3.509884137190238523e-06
1.125000000000000000e+01 -5.058362178994363009e-04 4.298825764201794695e-06
1.145833333333333393e+01 -4.391208609032404438e-04 3.439878448986387281e-06
1.166666666666666785e+01 -3.776526323008179008e-04 2.617269048578313304e-06
1.187500000000000000e+01 -3.344613772802799696e-04 2.167373485128054494e-06
1.208333333333333393e+01 -3.113269769206166208e-04 2.064012566048258122e-06
1.229166666666666785e+01 -3.003495140078372636e-04 2.102309177027913880e-06
1.250000000000000000e+01 -3.063461183033225799e-04 2.453506940865672829e-06
1.270833333333333393e+01 -2.727382589343389937e-04 2.119394246926113715e-06
1.291666666666666785e+01 -2.433078204876160339e-04 1.931987535776043204e-06
1.312500000000000000e+01 -2.019937304459177565e-04 1.461225479735581914e-06
1.333333333333333393e+01 -1.708566094437179498e-04 1.091667038132424637e-06
1.354166666666666785e+01 -1.478685632252745800e-04 8.213365104635547290e-07
1.375000000000000000e+01 -1.362117474179445529e-04 7.129778924373352327e-07
1.395833333333333393e+01 -1.277926519830500669e-04 6.385953959376597935e-07
1.416666666666666785e+01 -1.169015479850530974e-04 6.064096395175519034e-07
1.437500000000000000e+01 -1.028887959082856296e-04 4.944080668844214220e-07
1.458333333333333393e+01 -8.648553505756799084e-05 3.879033357606776209e-07
1.479166666666666785e+01 -7.374081483422968047e-05 3.266638241003550238e-07
1.500000000000000000e+01 -6.453261707155306004e-05 2.578178997241906346e-07
1.520833333333333393e+01 -5.479339490621892703e-05 2.087511189520665602e-07
1.541666666666666785e+01 -5.008654219305981223e-05 1.906848951522691073e-07
1.562500000000000000e+01 -4.478682087224988812e-05 1.566970655298906706e-07
1.583333333333333393e+01 -3.862489552770667926e-05 1.325416716414732654e-07
1.604166666666666785e+01 -3.651035119998421584e-05 1.217589836293743482e-07
1.625000000000000000e+01 -3.293184738962750933e-05 1.109872100839204185e-07
1.645833333333333570e+01 -2.913953453138316580e-05 9.551987154414526090e-08
1.666666666666666785e+01 -2.806614474731785282e-05 8.602708594064191722e-08
1.687500000000000000e+01 -2.359224930120798391e-05 7.219991907415344177e-08
1.708333333333333570e+01 -2.173020571368248133e-05 6.284831034101180602e-08
1.729166666666666785e+01 -2.018645336740134593e-05 5.721928574657358164e-08
1.750000000000000000e+01 -1.670749655484035125e-05 5.068183933885366619e-08
1.770833333333333570e+01 -1.653496767105236211e-05 4.972007893548115620e-08
1.791666666666666785e+01 -1.426872810448698016e-05 4.547180302383303076e-08
1.812500000000000000e+01 -1.196964538683754599e-05 3.723581170471049372e-08
1.833333333333333570e+01 -1.188013673603766527e-05 3.098976655091712402e-08
1.854166666666666785e+01 -9.509659329161124238e-06 2.705587586504375034e-08
1.875000000000000000e+01 -9.312542286609712595e-06 2.687652052198007227e-08
1.895833333333333570e+01 -9.145015680727703607e-06 2.809260479139002118e-08
1.916666666666666785e+01 -7.246979576277652162e-06 2.677345371953477506e-08
1.937500000000000000e+01 -7.836104139302537414e-06 2.647971675109466873e-08
1.958333333333333570e+01 -7.094232115473082632e-06 2.917971491251440954e-08
1.979166666666666785e+01 -5.862646398730475662e-06 2.442305937846546660e-08
2.000000000000000000e+01 -6.458234876908070294e-06 2.089137350726977926e-08
2.020833333333333570e+01 -4.749827490703323872e-06 1.956381128921127196e-08
2.041666666666666785e+01 -4.712498668249885755e-06 1.713193695419139669e-08
2.062500000000000000e+01 -4.690412206524713656e-06 1.521221191754699611e-08
2.083333333333333570e+01 -3.182209294516909736e-06 1.468379056317126429e-08
2.104166666666666785e+01 -4.046908464113888191e-06 1.368912778240217292e-08
2.125000000000000000e+01 -3.412499802534669074e-06 1.443110027561469489e-08
2.145833333333333570e+01 -2.766060388541787220e-06 1.396445960902909107e-08
2.166666666666666785e+01 -3.624274092100749707e-06 1.145930095743398902e-08
2.187500000000000000e+01 -2.271536821405205136e-06 1.044038032255960252e-08
2.208333333333333570e+01 -2.527430374402574432e-06 9.174697557057167304e-09
2.229166666666666785e+01 -2.775137221481822977e-06 8.460210360223169234e-09
2.250000000000000000e+01 -1.542445277170996964e-06 9.013684093020457515e-09
2.270833333333333570e+01 -2.671337957710319385e-06 1.085881039578114787e-08
2.291666666666666785e+01 -2.205120897322925977e-06 1.341929894612080856e-08
2.312500000000000000e+01 -1.744167857167034833e-06 1.629891467610857563e-08
2.333333333333333570e+01 -2.591281834588381731e-06 1.369858345122012897e-08
2.354166666666666785e+01 -1.237809365539313941e-06 1.140910215727795698e-08
2.375000000000000000e+01 -1.653907219537443452e-06 1.197975995026115000e-08
2.395833333333333570e+01 -2.013374422904384525e-06 1.193600190009886537e-08
2.416666666666666785e+01 -1.021072822578546098e-06 1.510038328119398026e-08
2.437500000000000000e+01 -2.282430311631545543e-06 1.924450997155825879e-08
2.458333333333333570e+01 -1.655017770062071544e-06 1.743342768351723219e-08
2.479166666666666785e+01 -1.175569330600307009e-06 1.787747757400949405e-08
2.500000000000000000e+01 -1.977552713684185163e-06 1.398318083430755407e-08
2.520833333333333570e+01 -6.439430651767375888e-07 1.009009846151699496e-08
2.541666666666666785e+01 -9.598003910966457651e-07 8.496001285902580050e-09
2.562500000000000000e+01 -1.369878849316770459e-06 8.681823248997791602e-09
2.583333333333333570e+01 -1.948060247054773423e-07 7.210259671553664658e-09
2.604166666666666785e+01 -1.199221149647211363e-06 6.495513905502551475e-09
2.625000000000000000e+01 -6.473877803947958852e-07 4.870651123853421249e-09
2.645833333333333570e+01 -1.358582843428118585e-07 3.649038340456746897e-09
2.666666666666666785e+01 -1.133289699127094143e-06 2.907702150598910674e-09
2.687500000000000000e+01 -5.596184406082834597e-08 2.720354735394860579e-09
2.708333333333333570e+01 -4.430202677684257171e-07 2.240519404570256686e-09
2.729166666666666785e+01 -8.480404957926525961e-07 2.013759651450843956e-09
2.750000000000000000e+01 2.359103903921889714e-07 1.854087791738710728e-09
2.770833333333333570e+01 -7.786872640948930164e-07 1.568854002840833577e-09
2.791666666666666785e+01 -3.153760597458138403e-07 1.315525164288041278e-09
2.812500000000000000e+01 1.423607851505849890e-07 1.150030597524777608e-09
2.833333333333333570e+01 -8.940623659450570026e-07 1.144177241840121984e-09
2.854166666666666785e+01 1.571836520827285910e-07 1.159422950747809141e-09
2.875000000000000000e+01 -2.595291410248062096e-07 1.079501810159896125e-09
2.895833333333333570e+01 -6.693735262854382416e-07 9.673438704046145327e-10
2.916666666666666785e+01 3.855343372551303418e-07 9.355753266008117733e-10
2.937500000000000000e+01 -6.421693620588154276e-07 8.894118665440648253e-10
2.958333333333333570e+01 -2.030302227124804899e-07 8.867921588454987471e-10
2.979166666666666785e+01 2.357759817249974334e-07 8.444110602012358270e-10
3.000000000000000000e+01 -7.959230338848257443e-07 7.854202957305116683e-10
3.020833333333333570e+01 2.357759817676737855e-07 8.444110601982664554e-10
3.041666666666666785e+01 -2.030302227556231072e-07 8.867921588453670186e-10
3.062500000000000000e+01 -6.421693620313959123e-07 8.894118665487541122e-10
3.083333333333333570e+01 3.855343372458407727e-07 9.355753265929082694e-10
3.104166666666666785e+01 -6.693735262984550204e-07 9.673438703990062481e-10
3.125000000000000000e+01 -2.595291410652662736e-07 1.079501810148672111e-09
3.145833333333333570e+01 1.571836521143737684e-07 1.159422950713362239e-09
3.166666666666666785e+01 -8.940623659309806915e-07 1.144177241817117677e-09
3.187500000000000000e+01 1.423607851838823306e-07 1.150030597519051864e-09
3.208333333333333570e+01 -3.153760597257876521e-07 1.315525164256570364e-09
3.229166666666667140e+01 -7.786872640957318966e-07 1.568854002755594269e-09
3.250000000000000000e+01 2.359103904613471998e-07 1.854087791649956937e-09
3.270833333333333570e+01 -8.480404958039598507e-07 2.013759651379047987e-09
3.291666666666667140e+01 -4.430202677764477015e-07 2.240519404527393428e-09
3.312500000000000000e+01 -5.596184404897692567e-08 2.720354735370658515e-09
3.333333333333333570e+01 -1.133289699138706541e-06 2.907702150581521683e-09
3.354166666666667140e+01 -1.358582842726042357e-07 3.649038340436499997e-09
3.375000000000000000e+01 -6.473877803814438931e-07 4.870651123790801195e-09
3.395833333333333570e+01 -1.199221149654900305e-06 6.495513905415628855e-09
3.416666666666667140e+01 -1.948060246810253010e-07 7.210259671465014884e-09
3.437500000000000000e+01 -1.369878849329699146e-06 8.681823248906364983e-09
3.458333333333333570e+01 -9.598003910773772479e-07 8.496001285816263753e-09
3.479166666666667140e+01 -6.439430651258450965e-07 1.009009846142750229e-08
3.500000000000000000e+01 -1.977552713702059676e-06 1.398318083419669698e-08
3.520833333333333570e+01 -1.175569330593723869e-06 1.787747757386714951e-08
3.541666666666667140e+01 -1.655017770040675703e-06 1.743342768339396905e-08
3.562500000000000000e+01 -2.282430311576761993e-06 1.924450997141777375e-08
3.583333333333333570e+01 -1.021072822618895360e-06 1.510038328109149258e-08
3.604166666666667140e+01 -2.013374422918293653e-06 1.193600190003169169e-08
3.625000000000000000e+01 -1.653907219474926915e-06 1.197975995019842820e-08
3.645833333333333570e+01 -1.237809365580156176e-06 1.140910215721763897e-08
3.666666666666667140e+01 -2.591281834601999904e-06 1.369858345116612400e-08
3.687500000000000000e+01 -1.744167857165470575e-06 1.629891467603294154e-08
3.708333333333333570e+01 -2.205120897295672692e-06 1.341929894605455801e-08
3.729166666666667140e+01 -2.671337957650739088e-06 1.085881039573452797e-08
3.750000000000000000e+01 -1.542445277203232074e-06 9.013684092991974378e-09
3.770833333333333570e+01 -2.775137221483547112e-06 8.460210360208685301e-09
3.791666666666667140e+01 -2.527430374378716055e-06 9.174697557047272569e-09
3.812500000000000000e+01 -2.271536821429045726e-06 1.044038032254986826e-08
3.833333333333333570e+01 -3.624274092101378629e-06 1.145930095742636407e-08
3.854166666666667140e+01 -2.766060388502151583e-06 1.396445960901909707e-08
3.875000000000000000e+01 -3.412499802520966622e-06 1.443110027559504770e-08
3.895833333333333570e+01 -4.046908464164982065e-06 1.368912778238739617e-08
3.916666666666667140e+01 -3.182209294451605190e-06 1.468379056318107962e-08
3.937500000000000000e+01 -4.690412206544233530e-06 1.521221191754777035e-08
3.958333333333333570e+01 -4.712498668287044243e-06 1.713193695418892839e-08
3.979166666666667140e+01 -4.749827490674553550e-06 1.956381128921181790e-08
4.000000000000000000e+01 -6.458234876915991746e-06 2.089137350725932700e-08
4.020833333333333570e+01 -5.862646398719548090e-06 2.442305937845561322e-08
4.041666666666667140e+01 -7.094232115439280088e-06 2.917971491251642125e-08
4.062500000000000000e+01 -7.836104139291083834e-06 2.647971675108957661e-08
4.083333333333333570e+01 -7.246979576297759878e-06 2.677345371952595731e-08
4.104166666666667140e+01 -9.145015680739438402e-06 2.809260479137846050e-08
4.125000000000000000e+01 -9.312542286603295473e-06 2.687652052196826675e-08
4.145833333333333570e+01 -9.509659329181751185e-06 2.705587586503944900e-08
4.166666666666667140e+01 -1.188013673607867521e-05 3.098976655091518511e-08
4.187500000000000000e+01 -1.196964538685847957e-05 3.723581170470869378e-08
4.208333333333333570e+01 -1.426872810449633309e-05 4.547180302382616186e-08
4.229166666666667140e+01 -1.653496767097707105e-05 4.972007893547666295e-08
4.250000000000000000e+01 -1.670749655485644826e-05 5.068183933887061346e-08
4.270833333333333570e+01 -2.018645336744998595e-05 5.721928574659796692e-08
4.291666666666667140e+01 -2.173020571365978084e-05 6.284831034101602795e-08
4.312500000000000000e+01 -2.359224930121777561e-05 7.219991907416585610e-08
4.333333333333333570e+01 -2.806614474731828311e-05 8.602708594066699734e-08
4.354166666666667140e+01 -2.913953453135047371e-05 9.551987154416156628e-08
4.375000000000000000e+01 -3.293184738962662842e-05 1.109872100839347122e-07
4.395833333333333570e+01 -3.651035120000816994e-05 1.217589836293882449e-07
4.416666666666667140e+01 -3.862489552772185132e-05 1.325416716414808358e-07
4.437500000000000000e+01 -4.478682087223725717e-05 1.566970655298996174e-07
4.458333333333333570e+01 -5.008654219312811697e-05 1.906848951522791394e-07
4.479166666666667140e+01 -5.479339490621496970e-05 2.087511189520945652e-07
4.500000000000000000e+01 -6.453261707158401402e-05 2.578178997242245689e-07
4.520833333333333570e+01 -7.374081483424075288e-05 3.266638241004017695e-07
4.541666666666667140e+01 -8.648553505759700680e-05 3.879033357607228313e-07
4.562500000000000000e+01 -1.028887959082796529e-04 4.944080668844643030e-07
4.583333333333333570e+01 -1.169015479850746866e-04 6.064096395176113016e-07
4.604166666666667140e+01 -1.277926519830873634e-04 6.385953959377074391e-07
4.625000000000000000e+01 -1.362117474179456100e-04 7.129778924374358179e-07
4.645833333333333570e+01 -1.478685632253059134e-04 8.213365104637042303e-07
4.666666666666667140e+01 -1.708566094437283852e-04 1.091667038132646984e-06
4.687500000000000000e+01 -2.019937304459464879e-04 1.461225479735879435e-06
4.708333333333333570e+01 -2.433078204876688887e-04 1.931987535776445545e-06
4.729166666666667140e+01 -2.727382589343033234e-04 2.119394246926560948e-06
4.750000000000000000e+01 -3.063461183033775489e-04 2.453506940866191213e-06
4.770833333333333570e+01 -3.003495140078638807e-04 2.102309177028353914e-06
4.791666666666667140e+01 -3.113269769206722945e-04 2.064012566048678674e-06
4.812500000000000000e+01 -3.344613772802987263e-04 2.167373485128508928e-06
4.833333333333333570e+01 -3.776526323008875608e-04 2.617269048578875310e-06
4.854166666666667140e+01 -4.391208609033239274e-04 3.439878448987135211e-06
4.875000000000000000e+01 -5.058362178994332652e-04 4.298825764202713725e-06
4.895833333333333570e+01 -4.910162176244031338e-04 3.509884137190983065e-06
4.916666666666667140e+01 -4.848231959918288892e-04 2.804845199033722050e-06
4.937500000000000000e+01 -5.166463868289014301e-04 2.715875531442549283e-06
4.958333333333333570e+01 -5.211780485234483512e-04 2.129544091882370381e-06
4.979166666666667140e+01 -5.456329798514706828e-04 1.750809427188742477e-06
5.000000000000000000e+01 -5.997923298308513581e-04 1.779083962800991511e-06
5.020833333333333570e+01 -6.709643807190001849e-04 2.068851173324262020e-06
5.041666666666667140e+01 -7.487701608359998481e-04 2.228513830510598142e-06
5.062500000000000000e+01 -8.494411409770747821e-04 2.718410136542930349e-06
5.083333333333333570e+01 -9.479527425079429951e-04 3.222145789095787153e-06
5.104166666666667140e+01 -1.090999719390198502e-03 4.028925640900002496e-06
5.125000000000000000e+01 -1.236546099313336243e-03 4.390748996850717981e-06
5.145833333333333570e+01 -1.400404962770844227e-03 4.856534159949328201e-06
5.166666666666667140e+01 -1.617521630589518339e-03 6.176113646636046984e-06
5.187500000000000000e+01 -1.860995027995169604e-03 7.288011569961765543e-06
5.208333333333333570e+01 -2.194199345940678857e-03 9.655553987103862747e-06
5.229166666666667140e+01 -2.548540467002266899e-03 1.217901665247992171e-05
5.250000000000000000e+01 -2.953243849267326963e-03 1.469230555265536098e-05
5.270833333333333570e+01 -3.534660808783617134e-03 1.957199594124250423e-05
5.291666666666667140e+01 -4.286406264660636706e-03 2.609982479183063715e-05
5.312500000000000000e+01 -4.989512671370378329e-03 2.965046631273545404e-05
5.333333333333333570e+01 -5.383884492687429288e-03 2.857215034271370178e-05
5.354166666666667140e+01 -5.892596897244981383e-03 2.952837553865316918e-05
5.375000000000000000e+01 -6.266709442466275939e-03 2.603720662869133838e-05
5.395833333333333570e+01 -6.744883597559258280e-03 2.260267926188327375e-05
5.416666666666667140e+01 -7.465668218910105278e-03 2.351090022069474831e-05
5.437500000000000000e+01 -8.206861876270336864e-03 2.386141954731119631e-05
5.458333333333333570e+01 -9.256141274889155557e-03 2.677087560049274553e-05
5.479166666666667140e+01 -9.934434194293966999e-03 2.483401637092077610e-05
5.500000000000000000e+01 -1.050696649066177463e-02 2.328302926123384107e-05
5.520833333333333570e+01 -1.111342779498975322e-02 2.027743819085563612e-05
5.541666666666667140e+01 -1.259728907691774757e-02 2.086670351779804013e-05
5.562500000000000000e+01 -1.424588522354404245e-02 2.198803838071820358e-05
5.583333333333333570e+01 -1.577470938000843231e-02 2.088057875319324457e-05
5.604166666666667140e+01 -1.763820649763976969e-02 2.012418903858457619e-05
5.625000000000000000e+01 -2.025329748505112423e-02 2.134257187987943679e-05
5.645833333333333570e+01 -2.268072988891521938e-02 2.144908503938825853e-05
5.666666666666667140e+01 -2.556692800665757992e-02 2.141218049303498163e-05
5.687500000000000000e+01 -2.902446063414126573e-02 2.125758195068730915e-05
5.708333333333333570e+01 -3.336430339707412152e-02 2.161860553048137342e-05
5.729166666666667140e+01 -3.830377244380699098e-02 2.189875829490535200e-05
5.750000000000000000e+01 -4.429786965790089015e-02 2.234780106622038102e-05
5.770833333333333570e+01 -5.142661127624586354e-02 2.222289242793194634e-05
5.791666666666667140e+01 -6.002578160814752567e-02 2.194171785236445063e-05
5.812500000000000000e+01 -7.074884684533644386e-02 2.162437137438999571e-05
5.833333333333333570e+01 -8.456183185432926408e-02 2.143945434681533409e-05
5.854166666666667140e+01 -1.019077221902557756e-01 2.109052337486479206e-05
5.875000000000000000e+01 -1.238461953401559790e-01 2.060702017296276489e-05
5.895833333333333570e+01 -1.518228308522961145e-01 1.983114965790704924e-05
5.916666666666667140e+01 -1.886876368667448622e-01 1.914776683007251537e-05
5.937500000000000000e+01 -2.365673588402754657e-01 1.857014329467845731e-05
5.958333333333333570e+01 -3.000671456783163271e-01 1.638458537183255735e-05
5.979166666666667140e+01 -3.850317798125914015e-01 1.532913173990118922e-05
6.000000000000000000e+01 -4.999999999999998890e-01 1.752885185596724763e-05
