0.000000000000000000e+00 -4.999999999999998335e-01 6.239008123631298221e-05
2.083333333333333426e-01 -4.313472014408732402e-01 5.232218547286593202e-05
4.166666666666666852e-01 -3.768429288074943706e-01 4.459546353020022824e-05
6.250000000000000000e-01 -3.335694707188484043e-01 3.886190174535371377e-05
8.333333333333333703e-01 -2.988961186594192854e-01 3.440059242521619300e-05
1.041666666666666741e+00 -2.705475578826789795e-01 3.094564916176931147e-05
1.250000000000000000e+00 -2.471553128090178686e-01 2.831544947607202267e-05
1.458333333333333481e+00 -2.274542971703265859e-01 2.607827029519769598e-05
1.666666666666666741e+00 -2.109573930364337102e-01 2.426366558355245317e-05
1.875000000000000000e+00 -1.966871882900140533e-01 2.263324590004575635e-05
2.083333333333333481e+00 -1.843482480760863518e-01 2.131026800432129516e-05
2.291666666666666963e+00 -1.736378609497832293e-01 2.027717634970187954e-05
2.500000000000000000e+00 -1.643932534228839670e-01 1.949953174824940695e-05
2.708333333333333481e+00 -1.560950524873726541e-01 1.879958744934673640e-05
2.916666666666666963e+00 -1.487246042964738280e-01 1.818091181282183958e-05
3.125000000000000000e+00 -1.420664242066052296e-01 1.758191218680997368e-05
3.333333333333333481e+00 -1.360835509165356783e-01 1.693706516673410066e-05
3.541666666666666963e+00 -1.306141967020461037e-01 1.636412044075891630e-05
3.750000000000000000e+00 -1.256943130442843004e-01 1.588895524748771290e-05
3.958333333333333481e+00 -1.211353167656303853e-01 1.550469020720540773e-05
4.166666666666666963e+00 -1.169343239975170062e-01 1.508459179061707328e-05
4.375000000000000000e+00 -1.130784114639721977e-01 1.467476246327610350e-05
4.583333333333333925e+00 -1.094925292339069961e-01 1.432838198794916129e-05
4.791666666666666963e+00 -1.062278283842639781e-01 1.405894432988461702e-05
5.000000000000000000e+00 -1.031544169209729633e-01 1.381014692893110193e-05
5.208333333333333925e+00 -1.002230063176463848e-01 1.348861920174563844e-05
5.416666666666666963e+00 -9.748906485808403466e-02 1.326468060047053036e-05
5.625000000000000000e+00 -9.481420404927490275e-02 1.293524843521080775e-05
5.833333333333333925e+00 -9.232994105368537430e-02 1.267014534085605022e-05
6.041666666666666963e+00 -8.986346565988664881e-02 1.240883284167277001e-05
6.250000000000000000e+00 -8.748484688338889481e-02 1.211550924558712074e-05
6.458333333333333925e+00 -8.528386468333057358e-02 1.186682167223550003e-05
6.666666666666666963e+00 -8.323028056439434053e-02 1.159347777239709359e-05
6.875000000000000000e+00 -8.131656891387839536e-02 1.139947894034624179e-05
7.083333333333333925e+00 -7.959081615218058237e-02 1.124505368950090919e-05
7.291666666666666963e+00 -7.803041802042182118e-02 1.112854452485079334e-05
7.500000000000000000e+00 -7.651040941708628362e-02 1.099729231284757568e-05
7.708333333333333925e+00 -7.498672671562735259e-02 1.086982773994045859e-05
7.916666666666666963e+00 -7.357325623096216960e-02 1.081483456124879104e-05
8.125000000000000000e+00 -7.211365622791357510e-02 1.061923182943994050e-05
8.333333333333333925e+00 -7.064061984016027640e-02 1.043157777731860928e-05
8.541666666666667851e+00 -6.914869944101084687e-02 1.025098197007106798e-05
8.750000000000000000e+00 -6.774892615030378429e-02 1.005235002701161005e-05
8.958333333333333925e+00 -6.640585367987561494e-02 9.852836919202986909e-06
9.166666666666667851e+00 -6.514396592556136178e-02 9.662826983314273143e-06
9.375000000000000000e+00 -6.396207481656615568e-02 9.537301880756781779e-06
9.583333333333333925e+00 -6.282432802632878510e-02 9.370449120573757658e-06
9.791666666666667851e+00 -6.177634475409278514e-02 9.228621129929164571e-06
1.000000000000000000e+01 -6.076957665682527349e-02 9.062832905486079287e-06
1.020833333333333393e+01 -5.981772592622097706e-02 8.929752751782333030e-06
1.041666666666666785e+01 -5.880201313138166963e-02 8.779830122550694226e-06
1.062500000000000000e+01 -5.782686783734984626e-02 8.646637997634894413e-06
1.083333333333333393e+01 -5.681537665370327977e-02 8.499331277243045034e-06
1.104166666666666785e+01 -5.583849420236829814e-02 8.364073512228625780e-06
1.125000000000000000e+01 -5.501049330809471699e-02 8.252981123349025682e-06
1.145833333333333393e+01 -5.428043934483146871e-02 8.224144199022955957e-06
1.166666666666666785e+01 -5.361451460097019228e-02 8.177154845962164871e-06
1.187500000000000000e+01 -5.295204166846399774e-02 8.126156285795147036e-06
1.208333333333333393e+01 -5.221881243686890550e-02 8.063536939424367127e-06
1.229166666666666785e+01 -5.156515723380544758e-02 8.034758773387762346e-06
1.250000000000000000e+01 -5.092421637682431612e-02 7.980376563747753561e-06
1.270833333333333393e+01 -5.036717990660902894e-02 7.862956229140656041e-06
1.291666666666666785e+01 -4.985479034384451835e-02 7.756259692786265605e-06
1.312500000000000000e+01 -4.932179268684284967e-02 7.676838623058697636e-06
1.333333333333333393e+01 -4.880382594224710185e-02 7.640231596707309757e-06
1.354166666666666785e+01 -4.823565654545595993e-02 7.537893632897685572e-06
1.375000000000000000e+01 -4.764226232120565008e-02 7.465891398377101068e-06
1.395833333333333393e+01 -4.709257035490786725e-02 7.393861788855499395e-06
1.416666666666666785e+01 -4.647284017961229863e-02 7.296104508046032171e-06
1.437500000000000000e+01 -4.587127803532791565e-02 7.206102161475068623e-06
1.458333333333333393e+01 -4.539939378501199607e-02 7.132527145867007258e-06
1.479166666666666785e+01 -4.495789730522870009e-02 7.087799413112189111e-06
1.500000000000000000e+01 -4.461046306081936641e-02 7.115599657235523470e-06
1.520833333333333393e+01 -4.420259413202635990e-02 7.124745056108810397e-06
1.541666666666666785e+01 -4.382838025742467891e-02 7.134101028357773946e-06
1.562500000000000000e+01 -4.343295909492750351e-02 7.088825333535219044e-06
1.583333333333333393e+01 -4.302220666602729615e-02 7.002961963927187565e-06
1.604166666666666785e+01 -4.272579670044195782e-02 6.987228984599147796e-06
1.625000000000000000e+01 -4.241585014269200898e-02 6.967861925065479538e-06
1.645833333333333570e+01 -4.207006717608870183e-02 6.928984026033056662e-06
1.666666666666666785e+01 -4.172556176968557351e-02 6.877733434448462621e-06
1.687500000000000000e+01 -4.129960218667039218e-02 6.779814245097226444e-06
1.708333333333333570e+01 -4.092807678713417108e-02 6.743880854221752520e-06
1.729166666666666785e+01 -4.049228197634282406e-02 6.661415902684098278e-06
1.750000000000000000e+01 -4.013329175270010513e-02 6.561727008429661625e-06
1.770833333333333570e+01 -3.979346764060988362e-02 6.511267990581041685e-06
1.791666666666666785e+01 -3.946610930378437188e-02 6.506871251314538396e-06
1.812500000000000000e+01 -3.919114519358331966e-02 6.505498097098065232e-06
1.833333333333333570e+01 -3.890366330920175947e-02 6.578413814804594810e-06
1.854166666666666785e+01 -3.864862899022065978e-02 6.718374897834702492e-06
1.875000000000000000e+01 -3.845395405116434906e-02 6.779315882883380246e-06
1.895833333333333570e+01 -3.816793854095427985e-02 6.851271147578947440e-06
1.916666666666666785e+01 -3.798151326520952248e-02 6.844853112884720465e-06
1.937500000000000000e+01 -3.779926331344666407e-02 6.839350473763057595e-06
1.958333333333333570e+01 -3.762285254472340357e-02 6.857495105595255282e-06
1.979166666666666785e+01 -3.747601501533322915e-02 6.885463658342425421e-06
2.000000000000000000e+01 -3.729096768935889067e-02 6.957920037961600571e-06
2.020833333333333570e+01 -3.703636439782738432e-02 6.966737966222438912e-06
2.041666666666666785e+01 -3.678845228001012546e-02 6.778798073144135682e-06
2.062500000000000000e+01 -3.652202394745951430e-02 6.578436436259653733e-06
2.083333333333333570e+01 -3.624146080581658325e-02 6.287748168738531611e-06
2.104166666666666785e+01 -3.599929516637834226e-02 6.204075133700266627e-06
2.125000000000000000e+01 -3.577806863013516248e-02 6.194441291454856167e-06
2.145833333333333570e+01 -3.563546730600563456e-02 6.107551721639794765e-06
2.166666666666666785e+01 -3.551484166981370982e-02 6.067994203108578197e-06
2.187500000000000000e+01 -3.539524391144382998e-02 6.099151438746171023e-06
2.208333333333333570e+01 -3.523252202515653186e-02 6.095453837355107194e-06
2.229166666666666785e+01 -3.505109807058320176e-02 6.126175214948929295e-06
2.250000000000000000e+01 -3.488467453796358086e-02 6.134618831118331255e-06
2.270833333333333570e+01 -3.467799300642354643e-02 6.096832132441454830e-06
2.291666666666666785e+01 -3.444906243903177179e-02 5.995374484300558204e-06
2.312500000000000000e+01 -3.420377742478745986e-02 5.859114087086910989e-06
2.333333333333333570e+01 -3.396887446544603895e-02 5.769934743686604852e-06
2.354166666666666785e+01 -3.379464866683744295e-02 5.724868725873892333e-06
2.375000000000000000e+01 -3.363399693998535278e-02 5.710386291859550322e-06
2.395833333333333570e+01 -3.352947684843748943e-02 5.730554345357329860e-06
2.416666666666666785e+01 -3.341156363041886818e-02 5.768324773233322295e-06
2.437500000000000000e+01 -3.328921838400590583e-02 5.772431516777268317e-06
2.458333333333333570e+01 -3.324192655963816717e-02 5.790321704444562938e-06
2.479166666666666785e+01 -3.322271328554545627e-02 5.857261808131758695e-06
2.500000000000000000e+01 -3.320413876723768420e-02 5.953378141945884071e-06
2.520833333333333570e+01 -3.318046811566156828e-02 6.034418514279787068e-06
2.541666666666666785e+01 -3.309472414794463468e-02 6.041421379490044164e-06
2.562500000000000000e+01 -3.302535497970092437e-02 6.073053404781827810e-06
2.583333333333333570e+01 -3.288719274226634126e-02 5.917575557583701472e-06
2.604166666666666785e+01 -3.276596748593614550e-02 5.798992377786363857e-06
2.625000000000000000e+01 -3.260416432866689029e-02 5.667146591520564052e-06
2.645833333333333570e+01 -3.246645531057381490e-02 5.585024314593888467e-06
2.666666666666666785e+01 -3.238902579934335724e-02 5.620354933088327225e-06
2.687500000000000000e+01 -3.231757929557540349e-02 5.662480968331593907e-06
2.708333333333333570e+01 -3.226084344811126076e-02 5.727200879348736485e-06
2.729166666666666785e+01 -3.214538278136139238e-02 5.668094070823519182e-06
2.750000000000000000e+01 -3.211041503277439757e-02 5.676908873791112803e-06
2.770833333333333570e+01 -3.201838894120961898e-02 5.607782539360712571e-06
2.791666666666666785e+01 -3.195874893620495594e-02 5.617579395985194307e-06
2.812500000000000000e+01 -3.191185289514350543e-02 5.606374448927157893e-06
2.833333333333333570e+01 -3.190265332041700846e-02 5.595412521979061489e-06
2.854166666666666785e+01 -3.190084666664368129e-02 5.625330829466802481e-06
2.875000000000000000e+01 -3.188981789326023747e-02 5.656682157140293170e-06
2.895833333333333570e+01 -3.190586150270141585e-02 5.689927239452138312e-06
2.916666666666666785e+01 -3.195483794069048367e-02 5.744773600475963469e-06
2.937500000000000000e+01 -3.201332859847252910e-02 5.817823244134638058e-06
2.958333333333333570e+01 -3.201491659056110439e-02 5.814963406973844624e-06
2.979166666666666785e+01 -3.202126232399360450e-02 5.828070168192669862e-06
3.000000000000000000e+01 -3.201382837865709291e-02 5.822350750780009567e-06
3.020833333333333570e+01 -3.202126232399361838e-02 5.828070168192658003e-06
3.041666666666666785e+01 -3.201491659056111827e-02 5.814963406973839542e-06
3.062500000000000000e+01 -3.201332859847257073e-02 5.817823244134643988e-06
3.083333333333333570e+01 -3.195483794069048367e-02 5.744773600475960081e-06
3.104166666666666785e+01 -3.190586150270130483e-02 5.689927239452148477e-06
3.125000000000000000e+01 -3.188981789326031380e-02 5.656682157140290629e-06
3.145833333333333570e+01 -3.190084666664368823e-02 5.625330829466800787e-06
3.166666666666666785e+01 -3.190265332041697377e-02 5.595412521979064877e-06
3.187500000000000000e+01 -3.191185289514340828e-02 5.606374448927164669e-06
3.208333333333333570e+01 -3.195874893620502533e-02 5.617579395985187531e-06
3.229166666666667140e+01 -3.201838894120974388e-02 5.607782539360715960e-06
3.250000000000000000e+01 -3.211041503277436288e-02 5.676908873791111956e-06
3.270833333333333570e+01 -3.214538278136127442e-02 5.668094070823534428e-06
3.291666666666667140e+01 -3.226084344811110116e-02 5.727200879348743262e-06
3.312500000000000000e+01 -3.231757929557542430e-02 5.662480968331590519e-06
3.333333333333333570e+01 -3.238902579934341275e-02 5.620354933088335695e-06
3.354166666666667140e+01 -3.246645531057379408e-02 5.585024314593891855e-06
3.375000000000000000e+01 -3.260416432866688335e-02 5.667146591520565746e-06
3.395833333333333570e+01 -3.276596748593620101e-02 5.798992377786360469e-06
3.416666666666667140e+01 -3.288719274226645922e-02 5.917575557583697237e-06
3.437500000000000000e+01 -3.302535497970086192e-02 6.073053404781827810e-06
3.458333333333333570e+01 -3.309472414794461387e-02 6.041421379490049246e-06
3.479166666666667140e+01 -3.318046811566156828e-02 6.034418514279787915e-06
3.500000000000000000e+01 -3.320413876723773972e-02 5.953378141945887459e-06
3.520833333333333570e+01 -3.322271328554544934e-02 5.857261808131750225e-06
3.541666666666667140e+01 -3.324192655963816023e-02 5.790321704444573102e-06
3.562500000000000000e+01 -3.328921838400586419e-02 5.772431516777261541e-06
3.583333333333333570e+01 -3.341156363041888205e-02 5.768324773233313824e-06
3.604166666666667140e+01 -3.352947684843744780e-02 5.730554345357312919e-06
3.625000000000000000e+01 -3.363399693998533890e-02 5.710386291859561334e-06
3.645833333333333570e+01 -3.379464866683738744e-02 5.724868725873901651e-06
3.666666666666667140e+01 -3.396887446544603895e-02 5.769934743686603158e-06
3.687500000000000000e+01 -3.420377742478753619e-02 5.859114087086887273e-06
3.708333333333333570e+01 -3.444906243903185505e-02 5.995374484300573450e-06
3.729166666666667140e+01 -3.467799300642353949e-02 6.096832132441451442e-06
3.750000000000000000e+01 -3.488467453796363638e-02 6.134618831118322785e-06
3.770833333333333570e+01 -3.505109807058308380e-02 6.126175214948936072e-06
3.791666666666667140e+01 -3.523252202515647635e-02 6.095453837355107194e-06
3.812500000000000000e+01 -3.539524391144385773e-02 6.099151438746185422e-06
3.833333333333333570e+01 -3.551484166981375146e-02 6.067994203108584126e-06
3.854166666666667140e+01 -3.563546730600557211e-02 6.107551721639793918e-06
3.875000000000000000e+01 -3.577806863013516248e-02 6.194441291454860402e-06
3.895833333333333570e+01 -3.599929516637853655e-02 6.204075133700249687e-06
3.916666666666667140e+01 -3.624146080581645835e-02 6.287748168738541775e-06
3.937500000000000000e+01 -3.652202394745941022e-02 6.578436436259654580e-06
3.958333333333333570e+01 -3.678845228001018097e-02 6.778798073144141612e-06
3.979166666666667140e+01 -3.703636439782739820e-02 6.966737966222427053e-06
4.000000000000000000e+01 -3.729096768935884210e-02 6.957920037961598877e-06
4.020833333333333570e+01 -3.747601501533322915e-02 6.885463658342425421e-06
4.041666666666667140e+01 -3.762285254472328561e-02 6.857495105595259517e-06
4.062500000000000000e+01 -3.779926331344672652e-02 6.839350473763039807e-06
4.083333333333333570e+01 -3.798151326520955717e-02 6.844853112884727241e-06
4.104166666666667140e+01 -3.816793854095413413e-02 6.851271147578979627e-06
4.125000000000000000e+01 -3.845395405116439069e-02 6.779315882883390411e-06
4.145833333333333570e+01 -3.864862899022064591e-02 6.718374897834704186e-06
4.166666666666667140e+01 -3.890366330920186355e-02 6.578413814804595657e-06
4.187500000000000000e+01 -3.919114519358331966e-02 6.505498097098055067e-06
4.208333333333333570e+01 -3.946610930378437881e-02 6.506871251314529926e-06
4.229166666666667140e+01 -3.979346764060978647e-02 6.511267990581034909e-06
4.250000000000000000e+01 -4.013329175270023003e-02 6.561727008429665013e-06
4.270833333333333570e+01 -4.049228197634277548e-02 6.661415902684109290e-06
4.291666666666667140e+01 -4.092807678713408781e-02 6.743880854221734732e-06
4.312500000000000000e+01 -4.129960218667050320e-02 6.779814245097209504e-06
4.333333333333333570e+01 -4.172556176968563596e-02 6.877733434448455845e-06
4.354166666666667140e+01 -4.207006717608860469e-02 6.928984026033066827e-06
4.375000000000000000e+01 -4.241585014269183551e-02 6.967861925065454974e-06
4.395833333333333570e+01 -4.272579670044202721e-02 6.987228984599152878e-06
4.416666666666667140e+01 -4.302220666602736554e-02 7.002961963927174013e-06
4.437500000000000000e+01 -4.343295909492737861e-02 7.088825333535230902e-06
4.458333333333333570e+01 -4.382838025742477606e-02 7.134101028357784110e-06
4.479166666666667140e+01 -4.420259413202627663e-02 7.124745056108800232e-06
4.500000000000000000e+01 -4.461046306081935253e-02 7.115599657235517541e-06
4.520833333333333570e+01 -4.495789730522860295e-02 7.087799413112192499e-06
4.541666666666667140e+01 -4.539939378501202383e-02 7.132527145866987776e-06
4.562500000000000000e+01 -4.587127803532792258e-02 7.206102161475080482e-06
4.583333333333333570e+01 -4.647284017961216679e-02 7.296104508046011842e-06
4.604166666666667140e+01 -4.709257035490783949e-02 7.393861788855484148e-06
4.625000000000000000e+01 -4.764226232120571947e-02 7.465891398377082433e-06
4.645833333333333570e+01 -4.823565654545597381e-02 7.537893632897671172e-06
4.666666666666667140e+01 -4.880382594224699083e-02 7.640231596707309757e-06
4.687500000000000000e+01 -4.932179268684294682e-02 7.676838623058697636e-06
4.708333333333333570e+01 -4.985479034384451141e-02 7.756259692786260523e-06
4.729166666666667140e+01 -5.036717990660902200e-02 7.862956229140639100e-06
4.750000000000000000e+01 -5.092421637682441327e-02 7.980376563747760337e-06
4.770833333333333570e+01 -5.156515723380537819e-02 8.034758773387757263e-06
4.791666666666667140e+01 -5.221881243686880836e-02 8.063536939424394232e-06
4.812500000000000000e+01 -5.295204166846401161e-02 8.126156285795170753e-06
4.833333333333333570e+01 -5.361451460097022004e-02 8.177154845962183506e-06
4.854166666666667140e+01 -5.428043934483138544e-02 8.224144199022939016e-06
4.875000000000000000e+01 -5.501049330809450882e-02 8.252981123349001965e-06
4.895833333333333570e+01 -5.583849420236860345e-02 8.364073512228635944e-06
4.916666666666667140e+01 -5.681537665370337692e-02 8.499331277243031481e-06
4.937500000000000000e+01 -5.782686783734987401e-02 8.646637997634891025e-06
4.958333333333333570e+01 -5.880201313138169739e-02 8.779830122550697614e-06
4.979166666666667140e+01 -5.981772592622092155e-02 8.929752751782319477e-06
5.000000000000000000e+01 -6.076957665682526655e-02 9.062832905486069122e-06
5.020833333333333570e+01 -6.177634475409278514e-02 9.228621129929161183e-06
5.041666666666667140e+01 -6.282432802632864632e-02 9.370449120573779681e-06
5.062500000000000000e+01 -6.396207481656607241e-02 9.537301880756751286e-06
5.083333333333333570e+01 -6.514396592556150056e-02 9.662826983314283307e-06
5.104166666666667140e+01 -6.640585367987553167e-02 9.852836919202956416e-06
5.125000000000000000e+01 -6.774892615030379817e-02 1.005235002701159988e-05
5.145833333333333570e+01 -6.914869944101099952e-02 1.025098197007106798e-05
5.166666666666667140e+01 -7.064061984016016538e-02 1.043157777731861267e-05
5.187500000000000000e+01 -7.211365622791349184e-02 1.061923182943991001e-05
5.208333333333333570e+01 -7.357325623096226674e-02 1.081483456124878766e-05
5.229166666666667140e+01 -7.498672671562733871e-02 1.086982773994045012e-05
5.250000000000000000e+01 -7.651040941708620036e-02 1.099729231284755535e-05
5.270833333333333570e+01 -7.803041802042187669e-02 1.112854452485078826e-05
5.291666666666667140e+01 -7.959081615218054073e-02 1.124505368950090580e-05
5.312500000000000000e+01 -8.131656891387829822e-02 1.139947894034622654e-05
5.333333333333333570e+01 -8.323028056439432665e-02 1.159347777239709020e-05
5.354166666666667140e+01 -8.528386468333065684e-02 1.186682167223551358e-05
5.375000000000000000e+01 -8.748484688338889481e-02 1.211550924558714106e-05
5.395833333333333570e+01 -8.986346565988675983e-02 1.240883284167281236e-05
5.416666666666667140e+01 -9.232994105368529103e-02 1.267014534085605530e-05
5.437500000000000000e+01 -9.481420404927487500e-02 1.293524843521083316e-05
5.458333333333333570e+01 -9.748906485808403466e-02 1.326468060047053375e-05
5.479166666666667140e+01 -1.002230063176460517e-01 1.348861920174565030e-05
5.500000000000000000e+01 -1.031544169209731299e-01 1.381014692893106296e-05
5.520833333333333570e+01 -1.062278283842641724e-01 1.405894432988460347e-05
5.541666666666667140e+01 -1.094925292339068296e-01 1.432838198794917823e-05
5.562500000000000000e+01 -1.130784114639721838e-01 1.467476246327610180e-05
5.583333333333333570e+01 -1.169343239975171311e-01 1.508459179061707667e-05
5.604166666666667140e+01 -1.211353167656303992e-01 1.550469020720539418e-05
5.625000000000000000e+01 -1.256943130442840229e-01 1.588895524748781116e-05
5.645833333333333570e+01 -1.306141967020463535e-01 1.636412044075892308e-05
5.666666666666667140e+01 -1.360835509165353452e-01 1.693706516673414809e-05
5.687500000000000000e+01 -1.420664242066051741e-01 1.758191218680998046e-05
5.708333333333333570e+01 -1.487246042964739390e-01 1.818091181282180231e-05
5.729166666666667140e+01 -1.560950524873725986e-01 1.879958744934677028e-05
5.750000000000000000e+01 -1.643932534228839670e-01 1.949953174824945777e-05
5.770833333333333570e+01 -1.736378609497831460e-01 2.027717634970187277e-05
5.791666666666667140e+01 -1.843482480760864073e-01 2.131026800432129516e-05
5.812500000000000000e+01 -1.966871882900139701e-01 2.263324590004573940e-05
5.833333333333333570e+01 -2.109573930364337102e-01 2.426366558355237864e-05
5.854166666666667140e+01 -2.274542971703268357e-01 2.607827029519772647e-05
5.875000000000000000e+01 -2.471553128090179241e-01 2.831544947607198202e-05
5.895833333333333570e+01 -2.705475578826792016e-01 3.094564916176929792e-05
5.916666666666667140e+01 -2.988961186594190078e-01 3.440059242521610491e-05
5.937500000000000000e+01 -3.335694707188485153e-01 3.886190174535373410e-05
5.958333333333333570e+01 -3.768429288074942596e-01 4.459546353020030278e-05
5.979166666666667140e+01 -4.313472014408729072e-01 5.232218547286592524e-05
6.000000000000000000e+01 -5.000000000000002220e-01 6.239008123631298221e-05
