0.000000000000000000e+00 -5.000000000000009992e-01 2.990555447344209777e-05
2.083333333333333426e-01 -3.874867427414694365e-01 2.422667835960738320e-05
4.166666666666666852e-01 -3.037606213819712964e-01 2.171740457489144000e-05
6.250000000000000000e-01 -2.408395144686394929e-01 2.277291418746686509e-05
8.333333333333333703e-01 -1.932344289871034959e-01 2.147602816058570248e-05
1.041666666666666741e+00 -1.564754938020784802e-01 2.088580420127838955e-05
1.250000000000000000e+00 -1.283771354587455449e-01 2.126317944393402921e-05
1.458333333333333481e+00 -1.060592524196370123e-01 2.117085008772507537e-05
1.666666666666666741e+00 -8.854515835538183388e-02 2.127747152033407574e-05
1.875000000000000000e+00 -7.469622923875747500e-02 2.151306894458470675e-05
2.083333333333333481e+00 -6.367965300330533096e-02 2.176926491473787971e-05
2.291666666666666963e+00 -5.475786331700563392e-02 2.206434021581789046e-05
2.500000000000000000e+00 -4.741018876060611176e-02 2.233077536248240466e-05
2.708333333333333481e+00 -4.139748409956269665e-02 2.240899553019058810e-05
2.916666666666666963e+00 -3.641727428683527029e-02 2.205141785142825220e-05
3.125000000000000000e+00 -3.219224707958553977e-02 2.193001257172344244e-05
3.333333333333333481e+00 -2.893040474175008828e-02 2.263614425921648863e-05
3.541666666666666963e+00 -2.639208156752998261e-02 2.376671155434296280e-05
3.750000000000000000e+00 -2.395897587286242164e-02 2.419912867839781173e-05
3.958333333333333481e+00 -2.140084848364064152e-02 2.333608064849324948e-05
4.166666666666666963e+00 -1.948909835229908905e-02 2.351680372379977014e-05
4.375000000000000000e+00 -1.795808078945432262e-02 2.436152819148588595e-05
4.583333333333333925e+00 -1.635048056703350405e-02 2.355627208294577946e-05
4.791666666666666963e+00 -1.507354635073269652e-02 2.366397614388812622e-05
5.000000000000000000e+00 -1.430344627672235948e-02 2.492983897945817346e-05
5.208333333333333925e+00 -1.371980097198326372e-02 2.767018093983321974e-05
5.416666666666666963e+00 -1.288738862664677055e-02 2.969381003445575621e-05
5.625000000000000000e+00 -1.170626945132714064e-02 2.937154247090657770e-05
5.833333333333333925e+00 -1.092691796165417943e-02 3.087215582916856419e-05
6.041666666666666963e+00 -1.026190023814549206e-02 3.311163363666489497e-05
6.250000000000000000e+00 -8.891064348983747020e-03 2.971024461947337783e-05
6.458333333333333925e+00 -7.799910239104390977e-03 2.666697963355538589e-05
6.666666666666666963e+00 -7.019069190659470159e-03 2.512715345268974897e-05
6.875000000000000000e+00 -6.163494111161772759e-03 2.116404074603303210e-05
7.083333333333333925e+00 -5.627025269508867389e-03 1.989400774003468361e-05
7.291666666666666963e+00 -4.755646789075288275e-03 1.576037479051986916e-05
7.500000000000000000e+00 -4.122443169551757124e-03 1.339356733532931514e-05
7.708333333333333925e+00 -3.552039751972874051e-03 1.068919588002748999e-05
7.916666666666666963e+00 -3.123119307022160888e-03 8.855294456466898911e-06
8.125000000000000000e+00 -2.638031194849106784e-03 6.824324168350350228e-06
8.333333333333333925e+00 -2.257076790363485384e-03 5.586767271305693335e-06
8.541666666666667851e+00 -2.004401317378555133e-03 4.862550056265909821e-06
8.750000000000000000e+00 -1.757030957936402864e-03 4.250699829427832882e-06
8.958333333333333925e+00 -1.502948885041046788e-03 3.399465759966784991e-06
9.166666666666667851e+00 -1.333816955560064490e-03 3.001500352634032943e-06
9.375000000000000000e+00 -1.196206828868399919e-03 2.688378024282783083e-06
9.583333333333333925e+00 -1.064679874032413735e-03 2.381052696112006014e-06
9.791666666666667851e+00 -9.333837463405249496e-04 2.028984663469068981e-06
1.000000000000000000e+01 -8.293452996189826145e-04 1.802154199040354197e-06
1.020833333333333393e+01 -7.317079702426297887e-04 1.471001049973463067e-06
1.041666666666666785e+01 -6.600067192116341325e-04 1.378489362171691427e-06
1.062500000000000000e+01 -6.139497314908020937e-04 1.462790171477575410e-06
1.083333333333333393e+01 -5.550550363177000858e-04 1.345596962400131876e-06
1.104166666666666785e+01 -4.907654190254261140e-04 1.112243210545138927e-06
1.125000000000000000e+01 -4.371165879216943272e-04 9.292010081721458802e-07
1.145833333333333393e+01 -4.078222348970100049e-04 9.540125818115347458e-07
1.166666666666666785e+01 -3.817761175247574076e-04 9.482993385756537773e-07
1.187500000000000000e+01 -3.523438768050449893e-04 8.864131951019559832e-07
1.208333333333333393e+01 -3.243473371684417700e-04 8.110021993957519833e-07
1.229166666666666785e+01 -2.933490089145078441e-04 6.534851238379072270e-07
1.250000000000000000e+01 -2.717737298477635528e-04 5.755421495522249737e-07
1.270833333333333393e+01 -2.561678905813357982e-04 5.515790507021542761e-07
1.291666666666666785e+01 -2.318244698282965696e-04 4.987873989893943233e-07
1.312500000000000000e+01 -2.106032612612671940e-04 4.575533563360677486e-07
1.333333333333333393e+01 -1.934602916606264849e-04 4.223463164756366843e-07
1.354166666666666785e+01 -1.854041272804974369e-04 4.822065017519498868e-07
1.375000000000000000e+01 -1.804056561268958347e-04 5.829302428887869835e-07
1.395833333333333393e+01 -1.747483451634847772e-04 6.800528307780366612e-07
1.416666666666666785e+01 -1.541506169449108549e-04 5.683067878237081774e-07
1.437500000000000000e+01 -1.374465944090925561e-04 4.625741419606192503e-07
1.458333333333333393e+01 -1.183136784499535561e-04 3.655460410121609840e-07
1.479166666666666785e+01 -1.015932311461217619e-04 3.009361281791504627e-07
1.500000000000000000e+01 -9.040772044786048493e-05 2.550668390165243838e-07
1.520833333333333393e+01 -7.862944676124890850e-05 2.129873737728708218e-07
1.541666666666666785e+01 -7.129582690203275532e-05 1.779546280485162819e-07
1.562500000000000000e+01 -6.489764464266508021e-05 1.595317356139662139e-07
1.583333333333333393e+01 -5.817410146303259890e-05 1.414203389521794751e-07
1.604166666666666785e+01 -5.508664999972986986e-05 1.404093345525182324e-07
1.625000000000000000e+01 -5.023716519708666222e-05 1.379864935653467315e-07
1.645833333333333570e+01 -4.532580916684431164e-05 1.232179539770786835e-07
1.666666666666666785e+01 -4.367673204964096453e-05 1.207716283438625722e-07
1.687500000000000000e+01 -3.811638013763777693e-05 1.014960998346978310e-07
1.708333333333333570e+01 -3.510814668967730833e-05 8.815354687428681862e-08
1.729166666666666785e+01 -3.185121803811537147e-05 7.113400790906379627e-08
1.750000000000000000e+01 -2.734621971939451245e-05 5.797684511552897154e-08
1.770833333333333570e+01 -2.630949521974280551e-05 5.278122085636915476e-08
1.791666666666666785e+01 -2.332704418029916122e-05 4.697195093814060113e-08
1.812500000000000000e+01 -2.082826536673336627e-05 4.467721466785290026e-08
1.833333333333333570e+01 -2.029564664095546747e-05 4.157452530969668356e-08
1.854166666666666785e+01 -1.747513843931848183e-05 3.976305039672820914e-08
1.875000000000000000e+01 -1.666603572212416821e-05 3.889394138614587146e-08
1.895833333333333570e+01 -1.588788979958731561e-05 3.715979986725834240e-08
1.916666666666666785e+01 -1.355207125210274057e-05 3.641329997250451600e-08
1.937500000000000000e+01 -1.353471406173353081e-05 3.295419630372020165e-08
1.958333333333333570e+01 -1.230710198859452003e-05 3.346223023882029692e-08
1.979166666666666785e+01 -1.096918237644009753e-05 3.010019099348806649e-08
2.000000000000000000e+01 -1.141837503113584923e-05 3.192273008370450458e-08
2.020833333333333570e+01 -9.178298433929426805e-06 2.930746577642756797e-08
2.041666666666666785e+01 -8.796509940294233444e-06 2.600281193594401441e-08
2.062500000000000000e+01 -8.589506595697901767e-06 2.244902039033710564e-08
2.083333333333333570e+01 -6.787098764263419580e-06 2.090084831589840406e-08
2.104166666666666785e+01 -7.500756488820206526e-06 2.112903718622641917e-08
2.125000000000000000e+01 -6.662901588515962096e-06 2.048692745462842389e-08
2.145833333333333570e+01 -5.812617047486973377e-06 1.984394203523235555e-08
2.166666666666666785e+01 -6.618984516242949184e-06 2.111489722252995917e-08
2.187500000000000000e+01 -5.256945435050407120e-06 2.314007047531060264e-08
2.208333333333333570e+01 -5.154834835440175513e-06 1.915473021556244219e-08
2.229166666666666785e+01 -5.115415844529239375e-06 1.597430107990104603e-08
2.250000000000000000e+01 -3.488958557453104058e-06 1.253956194828542031e-08
2.270833333333333570e+01 -4.258339737257637775e-06 1.080786539570406562e-08
2.291666666666666785e+01 -3.440824661940085594e-06 9.531560367493892458e-09
2.312500000000000000e+01 -2.630025789473342840e-06 8.209306372321771713e-09
2.333333333333333570e+01 -3.518495909664290827e-06 8.231664565793234003e-09
2.354166666666666785e+01 -2.221486331219097672e-06 8.561989620525182435e-09
2.375000000000000000e+01 -2.587217582688013965e-06 9.645617195915173240e-09
2.395833333333333570e+01 -2.923137212883066476e-06 1.028929282330115943e-08
2.416666666666666785e+01 -1.574981057596108709e-06 8.444248599712340540e-09
2.437500000000000000e+01 -2.427305110863790797e-06 6.850340682796040738e-09
2.458333333333333570e+01 -1.756956366114777812e-06 5.650438690920931957e-09
2.479166666666666785e+01 -1.184476316808730018e-06 5.224435156394508050e-09
2.500000000000000000e+01 -2.129932196722774101e-06 4.624010349561768550e-09
2.520833333333333570e+01 -9.392758860128486786e-07 4.100679864716471507e-09
2.541666666666666785e+01 -1.316658125900619706e-06 4.086685481258703166e-09
2.562500000000000000e+01 -1.717963190700947918e-06 4.454216436991027344e-09
2.583333333333333570e+01 -5.929029959223705263e-07 4.235400032503079971e-09
2.604166666666666785e+01 -1.615905446789888418e-06 4.264304436370921849e-09
2.625000000000000000e+01 -1.068903026132353359e-06 3.546127646391042122e-09
2.645833333333333570e+01 -5.814444410051755964e-07 3.279680477511789906e-09
2.666666666666666785e+01 -1.574099838676546961e-06 3.053426830332245379e-09
2.687500000000000000e+01 -4.600808082347106531e-07 2.843894250675911508e-09
2.708333333333333570e+01 -8.505125681940378925e-07 2.757337364791818555e-09
2.729166666666666785e+01 -1.258087802625334440e-06 2.987793709848373102e-09
2.750000000000000000e+01 -1.988535177859075127e-07 3.448618419771732087e-09
2.770833333333333570e+01 -1.237704922305861148e-06 3.813450906052044387e-09
2.791666666666666785e+01 -7.468709262016629682e-07 3.214223532697651354e-09
2.812500000000000000e+01 -2.750880544905018429e-07 2.728998729193349094e-09
2.833333333333333570e+01 -1.288305555558901292e-06 2.501154681704568560e-09
2.854166666666666785e+01 -2.100829897498748560e-07 2.323547050548403164e-09
2.875000000000000000e+01 -5.955858281018857899e-07 1.927056242991217406e-09
2.895833333333333570e+01 -9.769495075813765563e-07 1.614924069608582040e-09
2.916666666666666785e+01 9.206744187991865544e-08 1.523127626834642717e-09
2.937500000000000000e+01 -9.208324576306765258e-07 1.366745378543792947e-09
2.958333333333333570e+01 -4.739362967785711698e-07 1.317931712466709646e-09
2.979166666666666785e+01 -3.120100346215951981e-08 1.266661775137824001e-09
3.000000000000000000e+01 -1.062528309307238417e-06 1.187049515108925791e-09
3.020833333333333570e+01 -3.120100343107919429e-08 1.266661775137051414e-09
3.041666666666666785e+01 -4.739362968210930707e-07 1.317931712465517886e-09
3.062500000000000000e+01 -9.208324576027105684e-07 1.366745378538060999e-09
3.083333333333333570e+01 9.206744187749197222e-08 1.523127626821486823e-09
3.104166666666666785e+01 -9.769495075427944173e-07 1.614924069592121352e-09
3.125000000000000000e+01 -5.955858281473005202e-07 1.927056242970672721e-09
3.145833333333333570e+01 -2.100829897620059824e-07 2.323547050528130621e-09
3.166666666666666785e+01 -1.288305555563603808e-06 2.501154681691853967e-09
3.187500000000000000e+01 -2.750880544900519095e-07 2.728998729192612076e-09
3.208333333333333570e+01 -7.468709262087820684e-07 3.214223532711275846e-09
3.229166666666667140e+01 -1.237704922288817786e-06 3.813450906074120183e-09
3.250000000000000000e+01 -1.988535177503789275e-07 3.448618419790528112e-09
3.270833333333333570e+01 -1.258087802652671158e-06 2.987793709858793096e-09
3.291666666666667140e+01 -8.505125681979049156e-07 2.757337364800318663e-09
3.312500000000000000e+01 -4.600808082531193260e-07 2.843894250682660475e-09
3.333333333333333570e+01 -1.574099838683411740e-06 3.053426830335137616e-09
3.354166666666667140e+01 -5.814444410437286186e-07 3.279680477510739387e-09
3.375000000000000000e+01 -1.068903026078112334e-06 3.546127646383075959e-09
3.395833333333333570e+01 -1.615905446760065235e-06 4.264304436352231703e-09
3.416666666666667140e+01 -5.929029959017000637e-07 4.235400032486142620e-09
3.437500000000000000e+01 -1.717963190757351207e-06 4.454216436973041129e-09
3.458333333333333570e+01 -1.316658125915318692e-06 4.086685481244344137e-09
3.479166666666667140e+01 -9.392758860541958508e-07 4.100679864703005833e-09
3.500000000000000000e+01 -2.129932196706749931e-06 4.624010349527084039e-09
3.520833333333333570e+01 -1.184476316818354006e-06 5.224435156325146474e-09
3.541666666666667140e+01 -1.756956366153507123e-06 5.650438690792951400e-09
3.562500000000000000e+01 -2.427305110868867913e-06 6.850340682596830832e-09
3.583333333333333570e+01 -1.574981057613265361e-06 8.444248599563644899e-09
3.604166666666667140e+01 -2.923137212920684904e-06 1.028929282321694086e-08
3.625000000000000000e+01 -2.587217582684415769e-06 9.645617195870738752e-09
3.645833333333333570e+01 -2.221486331249412558e-06 8.561989620494144964e-09
3.666666666666667140e+01 -3.518495909609154911e-06 8.231664565772278209e-09
3.687500000000000000e+01 -2.630025789451625762e-06 8.209306372314510721e-09
3.708333333333333570e+01 -3.440824661994295279e-06 9.531560367485350991e-09
3.729166666666667140e+01 -4.258339737226679568e-06 1.080786539569182335e-08
3.750000000000000000e+01 -3.488958557500038153e-06 1.253956194826928367e-08
3.770833333333333570e+01 -5.115415844600132645e-06 1.597430107987703132e-08
3.791666666666667140e+01 -5.154834835367114686e-06 1.915473021554821800e-08
3.812500000000000000e+01 -5.256945435057890656e-06 2.314007047530788949e-08
3.833333333333333570e+01 -6.618984516330944049e-06 2.111489722252716661e-08
3.854166666666667140e+01 -5.812617047386959961e-06 1.984394203522622779e-08
3.875000000000000000e+01 -6.662901588487829591e-06 2.048692745462059545e-08
3.895833333333333570e+01 -7.500756488843343230e-06 2.112903718623384394e-08
3.916666666666667140e+01 -6.787098764246532284e-06 2.090084831590789348e-08
3.937500000000000000e+01 -8.589506595703841162e-06 2.244902039037518904e-08
3.958333333333333570e+01 -8.796509940317152461e-06 2.600281193603986479e-08
3.979166666666667140e+01 -9.178298433924410676e-06 2.930746577656169365e-08
4.000000000000000000e+01 -1.141837503117603925e-05 3.192273008377533109e-08
4.020833333333333570e+01 -1.096918237644059389e-05 3.010019099351662738e-08
4.041666666666667140e+01 -1.230710198852068755e-05 3.346223023882815844e-08
4.062500000000000000e+01 -1.353471406168451132e-05 3.295419630372429785e-08
4.083333333333333570e+01 -1.355207125218713385e-05 3.641329997250910189e-08
4.104166666666667140e+01 -1.588788979957853357e-05 3.715979986726351063e-08
4.125000000000000000e+01 -1.666603572212618076e-05 3.889394138614515016e-08
4.145833333333333570e+01 -1.747513843934389959e-05 3.976305039673014805e-08
4.166666666666667140e+01 -2.029564664095613832e-05 4.157452530969802029e-08
4.187500000000000000e+01 -2.082826536669607649e-05 4.467721466784734161e-08
4.208333333333333570e+01 -2.332704418027563742e-05 4.697195093812743903e-08
4.229166666666667140e+01 -2.630949521968323199e-05 5.278122085635955947e-08
4.250000000000000000e+01 -2.734621971940439563e-05 5.797684511552195043e-08
4.270833333333333570e+01 -3.185121803808693827e-05 7.113400790905945522e-08
4.291666666666667140e+01 -3.510814668966040833e-05 8.815354687428835386e-08
4.312500000000000000e+01 -3.811638013768984574e-05 1.014960998346974207e-07
4.333333333333333570e+01 -4.367673204964601962e-05 1.207716283438611693e-07
4.354166666666667140e+01 -4.532580916682017459e-05 1.232179539770791335e-07
4.375000000000000000e+01 -5.023716519699762890e-05 1.379864935653454344e-07
4.395833333333333570e+01 -5.508664999975141838e-05 1.404093345525148707e-07
4.416666666666667140e+01 -5.817410146309158627e-05 1.414203389521739165e-07
4.437500000000000000e+01 -6.489764464263980475e-05 1.595317356139595171e-07
4.458333333333333570e+01 -7.129582690204241827e-05 1.779546280485121261e-07
4.479166666666667140e+01 -7.862944676124367723e-05 2.129873737728615839e-07
4.500000000000000000e+01 -9.040772044783149607e-05 2.550668390165129489e-07
4.520833333333333570e+01 -1.015932311461152838e-04 3.009361281791345809e-07
4.541666666666667140e+01 -1.183136784499247570e-04 3.655460410121511901e-07
4.562500000000000000e+01 -1.374465944090935861e-04 4.625741419606198856e-07
4.583333333333333570e+01 -1.541506169448793589e-04 5.683067878237021423e-07
4.604166666666667140e+01 -1.747483451634898458e-04 6.800528307780219440e-07
4.625000000000000000e+01 -1.804056561269033157e-04 5.829302428887338321e-07
4.645833333333333570e+01 -1.854041272804800083e-04 4.822065017518922886e-07
4.666666666666667140e+01 -1.934602916605903538e-04 4.223463164755738979e-07
4.687500000000000000e+01 -2.106032612612587914e-04 4.575533563359851629e-07
4.708333333333333570e+01 -2.318244698283133747e-04 4.987873989893067613e-07
4.729166666666667140e+01 -2.561678905813328708e-04 5.515790507020420442e-07
4.750000000000000000e+01 -2.717737298477333036e-04 5.755421495520700726e-07
4.770833333333333570e+01 -2.933490089144910390e-04 6.534851238376440115e-07
4.791666666666667140e+01 -3.243473371683509138e-04 8.110021993953504897e-07
4.812500000000000000e+01 -3.523438768050421704e-04 8.864131951015398782e-07
4.833333333333333570e+01 -3.817761175247787664e-04 9.482993385751737214e-07
4.854166666666667140e+01 -4.078222348968986032e-04 9.540125818111317698e-07
4.875000000000000000e+01 -4.371165879216659211e-04 9.292010081718206196e-07
4.895833333333333570e+01 -4.907654190254454128e-04 1.112243210544711175e-06
4.916666666666667140e+01 -5.550550363176866417e-04 1.345596962399599727e-06
4.937500000000000000e+01 -6.139497314907591593e-04 1.462790171477006203e-06
4.958333333333333570e+01 -6.600067192116454082e-04 1.378489362171468446e-06
4.979166666666667140e+01 -7.317079702426462686e-04 1.471001049973336436e-06
5.000000000000000000e+01 -8.293452996189619062e-04 1.802154199040192414e-06
5.020833333333333570e+01 -9.333837463405005551e-04 2.028984663469034676e-06
5.041666666666667140e+01 -1.064679874032420457e-03 2.381052696112014485e-06
5.062500000000000000e+01 -1.196206828868392764e-03 2.688378024282817387e-06
5.083333333333333570e+01 -1.333816955560095715e-03 3.001500352634070213e-06
5.104166666666667140e+01 -1.502948885041054377e-03 3.399465759966865459e-06
5.125000000000000000e+01 -1.757030957936435607e-03 4.250699829427921820e-06
5.145833333333333570e+01 -2.004401317378667023e-03 4.862550056265968266e-06
5.166666666666667140e+01 -2.257076790363488853e-03 5.586767271305751781e-06
5.187500000000000000e+01 -2.638031194849135841e-03 6.824324168350424767e-06
5.208333333333333570e+01 -3.123119307022214665e-03 8.855294456466995473e-06
5.229166666666667140e+01 -3.552039751972910914e-03 1.068919588002751709e-05
5.250000000000000000e+01 -4.122443169551815237e-03 1.339356733532926602e-05
5.270833333333333570e+01 -4.755646789075391491e-03 1.576037479051977430e-05
5.291666666666667140e+01 -5.627025269508916828e-03 1.989400774003455486e-05
5.312500000000000000e+01 -6.163494111161808321e-03 2.116404074603296095e-05
5.333333333333333570e+01 -7.019069190659627151e-03 2.512715345268978285e-05
5.354166666666667140e+01 -7.799910239104603481e-03 2.666697963355564338e-05
5.375000000000000000e+01 -8.891064348983977739e-03 2.971024461947350319e-05
5.395833333333333570e+01 -1.026190023814574012e-02 3.311163363666536931e-05
5.416666666666667140e+01 -1.092691796165440148e-02 3.087215582917089522e-05
5.437500000000000000e+01 -1.170626945132744595e-02 2.937154247090829548e-05
5.458333333333333570e+01 -1.288738862664708627e-02 2.969381003445710468e-05
5.479166666666667140e+01 -1.371980097198340250e-02 2.767018093983413793e-05
5.500000000000000000e+01 -1.430344627672260407e-02 2.492983897945886802e-05
5.520833333333333570e+01 -1.507354635073292551e-02 2.366397614388857684e-05
5.541666666666667140e+01 -1.635048056703361508e-02 2.355627208294600985e-05
5.562500000000000000e+01 -1.795808078945443712e-02 2.436152819148599776e-05
5.583333333333333570e+01 -1.948909835229926599e-02 2.351680372379991583e-05
5.604166666666667140e+01 -2.140084848364079070e-02 2.333608064849340872e-05
5.625000000000000000e+01 -2.395897587286252572e-02 2.419912867839803873e-05
5.645833333333333570e+01 -2.639208156753022894e-02 2.376671155434314237e-05
5.666666666666667140e+01 -2.893040474175011603e-02 2.263614425921666820e-05
5.687500000000000000e+01 -3.219224707958562304e-02 2.193001257172355086e-05
5.708333333333333570e+01 -3.641727428683540213e-02 2.205141785142830641e-05
5.729166666666667140e+01 -4.139748409956284236e-02 2.240899553019062536e-05
5.750000000000000000e+01 -4.741018876060622972e-02 2.233077536248241144e-05
5.770833333333333570e+01 -5.475786331700573106e-02 2.206434021581788369e-05
5.791666666666667140e+01 -6.367965300330541423e-02 2.176926491473790004e-05
5.812500000000000000e+01 -7.469622923875746112e-02 2.151306894458474402e-05
5.833333333333333570e+01 -8.854515835538194490e-02 2.127747152033405203e-05
5.854166666666667140e+01 -1.060592524196371789e-01 2.117085008772504149e-05
5.875000000000000000e+01 -1.283771354587455726e-01 2.126317944393402921e-05
5.895833333333333570e+01 -1.564754938020785913e-01 2.088580420127827096e-05
5.916666666666667140e+01 -1.932344289871034404e-01 2.147602816058567538e-05
5.937500000000000000e+01 -2.408395144686396872e-01 2.277291418746680749e-05
5.958333333333333570e+01 -3.037606213819714074e-01 2.171740457489111813e-05
5.979166666666667140e+01 -3.874867427414692700e-01 2.422667835960777962e-05
6.000000000000000000e+01 -4.999999999999989453e-01 2.990555447344209777e-05
