0.000000000000000000e+00 -5.000000000000001110e-01 1.917978394631183152e-05
2.083333333333333426e-01 -3.854569371234284336e-01 1.648511098043298922e-05
4.166666666666666852e-01 -3.005783242681365763e-01 1.676973327635348436e-05
6.250000000000000000e-01 -2.372153211998677957e-01 1.860899475816408117e-05
8.333333333333333703e-01 -1.894425249802675348e-01 1.910464177583472094e-05
1.041666666666666741e+00 -1.526604789594252776e-01 1.970305161695035584e-05
1.250000000000000000e+00 -1.247470334847377710e-01 2.047759950434887777e-05
1.458333333333333481e+00 -1.026395933121137249e-01 2.101024959640840196e-05
1.666666666666666741e+00 -8.547231909893285295e-02 2.154778379546935996e-05
1.875000000000000000e+00 -7.182195560276283253e-02 2.187056887354750382e-05
2.083333333333333481e+00 -6.092977885023370677e-02 2.208061237324088671e-05
2.291666666666666963e+00 -5.224846539161945302e-02 2.233293619605103002e-05
2.500000000000000000e+00 -4.499201186541836039e-02 2.243238346829768158e-05
2.708333333333333481e+00 -3.873744615494938842e-02 2.182429107524683505e-05
2.916666666666666963e+00 -3.347729800097105912e-02 2.148131888250935664e-05
3.125000000000000000e+00 -2.894444126957319494e-02 2.119979357901663274e-05
3.333333333333333481e+00 -2.544906548920031555e-02 2.176405146268639741e-05
3.541666666666666963e+00 -2.267477172670513338e-02 2.223712872366646859e-05
3.750000000000000000e+00 -2.032131181745321785e-02 2.199664475674054540e-05
3.958333333333333481e+00 -1.784573437206369781e-02 2.106421003617165911e-05
4.166666666666666963e+00 -1.613289146122588377e-02 2.177602638351031539e-05
4.375000000000000000e+00 -1.488083874725160301e-02 2.360734669055416694e-05
4.583333333333333925e+00 -1.321510291583743134e-02 2.178914521181236991e-05
4.791666666666666963e+00 -1.167351949352359204e-02 2.019012030543906069e-05
5.000000000000000000e+00 -1.107255823542046928e-02 2.257797291413958963e-05
5.208333333333333925e+00 -1.069128983328710737e-02 2.617263284852136876e-05
5.416666666666666963e+00 -1.000749638987957248e-02 2.839527279596663775e-05
5.625000000000000000e+00 -8.923087917126025850e-03 2.571181030006294696e-05
5.833333333333333925e+00 -8.197528638277447322e-03 2.555636760784399012e-05
6.041666666666666963e+00 -7.243169668369252995e-03 2.398599805537969334e-05
6.250000000000000000e+00 -6.112664059275571722e-03 2.040270280322796666e-05
6.458333333333333925e+00 -5.508550051658252407e-03 2.054885319886497961e-05
6.666666666666666963e+00 -4.825190642354440507e-03 1.821914472758875896e-05
6.875000000000000000e+00 -4.293035566543535776e-03 1.737401379995689459e-05
7.083333333333333925e+00 -3.786592564023872828e-03 1.457869797106820501e-05
7.291666666666666963e+00 -3.179948179457462928e-03 1.091426025376086129e-05
7.500000000000000000e+00 -2.705905201173051944e-03 8.500521775710342238e-06
7.708333333333333925e+00 -2.326682724562244460e-03 6.793572708885539225e-06
7.916666666666666963e+00 -2.070508572306778775e-03 5.963125079148586252e-06
8.125000000000000000e+00 -1.773858705116369491e-03 4.812811857673223508e-06
8.333333333333333925e+00 -1.532973287297051792e-03 3.905094329492274549e-06
8.541666666666667851e+00 -1.345633328593823100e-03 3.433788755384868506e-06
8.750000000000000000e+00 -1.174305790414371161e-03 3.082044286015824500e-06
8.958333333333333925e+00 -1.043358684104066887e-03 2.754058473518128835e-06
9.166666666666667851e+00 -9.431458790807861889e-04 2.340011164848681155e-06
9.375000000000000000e+00 -8.764602355182591047e-04 2.208203078582041901e-06
9.583333333333333925e+00 -7.920778919993513075e-04 2.007074544959366673e-06
9.791666666666667851e+00 -7.250122346238143311e-04 2.104409045641422699e-06
1.000000000000000000e+01 -6.688997705645826622e-04 2.304868109064517640e-06
1.020833333333333393e+01 -5.968701893253294984e-04 2.096854188739499611e-06
1.041666666666666785e+01 -5.271041937224714685e-04 1.771709278592011552e-06
1.062500000000000000e+01 -4.997283545870177986e-04 2.033361977816456662e-06
1.083333333333333393e+01 -4.710174619062922475e-04 2.227570884381035136e-06
1.104166666666666785e+01 -4.240697406115057793e-04 1.998520123282764427e-06
1.125000000000000000e+01 -3.998109524822933501e-04 2.113450013415438754e-06
1.145833333333333393e+01 -3.559725377402480273e-04 1.761215028108105605e-06
1.166666666666666785e+01 -3.256287816164759761e-04 1.577135056446573781e-06
1.187500000000000000e+01 -2.923429544137098077e-04 1.269801017163198141e-06
1.208333333333333393e+01 -2.707367097223420849e-04 1.169501963255184568e-06
1.229166666666666785e+01 -2.518726056681237172e-04 1.064499971641989918e-06
1.250000000000000000e+01 -2.487089835221819277e-04 1.212507729149664809e-06
1.270833333333333393e+01 -2.244802289992324376e-04 9.692669955326314711e-07
1.291666666666666785e+01 -1.981089143134710524e-04 8.235971262512742231e-07
1.312500000000000000e+01 -1.702865526155563313e-04 6.306907507976431566e-07
1.333333333333333393e+01 -1.500010609050301538e-04 4.935530059298224942e-07
1.354166666666666785e+01 -1.358801897011291610e-04 4.208473469412219200e-07
1.375000000000000000e+01 -1.276038588795911776e-04 4.117847800930137736e-07
1.395833333333333393e+01 -1.230931795179386092e-04 4.159309821716059186e-07
1.416666666666666785e+01 -1.112961585394397140e-04 3.756693442398944256e-07
1.437500000000000000e+01 -9.961913219152023163e-05 3.213007894686092273e-07
1.458333333333333393e+01 -8.485059182784300156e-05 2.526955909572102517e-07
1.479166666666666785e+01 -7.307911976440363132e-05 2.034324057787759137e-07
1.500000000000000000e+01 -6.571327891455433414e-05 1.665830304724072482e-07
1.520833333333333393e+01 -5.728126962535184664e-05 1.387872512669813914e-07
1.541666666666666785e+01 -5.272661754215666259e-05 1.250840179357804197e-07
1.562500000000000000e+01 -4.827287279159805608e-05 1.071148819108989090e-07
1.583333333333333393e+01 -4.280530761435924513e-05 9.529204291540128841e-08
1.604166666666666785e+01 -4.030449146785148809e-05 8.658601271267737104e-08
1.625000000000000000e+01 -3.629898782589418671e-05 8.017394234628810089e-08
1.645833333333333570e+01 -3.237442658513833973e-05 7.053598006604127692e-08
1.666666666666666785e+01 -3.119798998207866099e-05 6.521367567763750469e-08
1.687500000000000000e+01 -2.668293144604169846e-05 5.753862670976326079e-08
1.708333333333333570e+01 -2.477500472907716859e-05 5.272761375859597740e-08
1.729166666666666785e+01 -2.297144749397519518e-05 4.802565079561178426e-08
1.750000000000000000e+01 -1.909995069755753770e-05 4.129241330665718712e-08
1.770833333333333570e+01 -1.856901677078498107e-05 3.943701281311539378e-08
1.791666666666666785e+01 -1.618003410650825104e-05 3.579592693349746298e-08
1.812500000000000000e+01 -1.387986143110983671e-05 3.042556141446503286e-08
1.833333333333333570e+01 -1.388432874569114053e-05 2.714782900586646521e-08
1.854166666666666785e+01 -1.143658224172732026e-05 2.503917926623135998e-08
1.875000000000000000e+01 -1.117281935629053940e-05 2.529349244446828512e-08
1.895833333333333570e+01 -1.081817714230792138e-05 2.525161949941778020e-08
1.916666666666666785e+01 -8.870679042317395566e-06 2.541711705758095842e-08
1.937500000000000000e+01 -9.263511905539959575e-06 2.392137328162503748e-08
1.958333333333333570e+01 -8.366597317698072864e-06 2.569677777465272142e-08
1.979166666666666785e+01 -7.035958258202513766e-06 2.167436558237437939e-08
2.000000000000000000e+01 -7.717920019184455112e-06 2.101665723573162706e-08
2.020833333333333570e+01 -5.855072595505271956e-06 1.877041258024177975e-08
2.041666666666666785e+01 -5.747203265841239339e-06 1.690078301523105586e-08
2.062500000000000000e+01 -5.620094251702185433e-06 1.443053757445879035e-08
2.083333333333333570e+01 -4.023357091538443365e-06 1.372344868838094032e-08
2.104166666666666785e+01 -4.837188918644436925e-06 1.311319496623642695e-08
2.125000000000000000e+01 -4.080222121326534174e-06 1.267403387203962679e-08
2.145833333333333570e+01 -3.436208677281808551e-06 1.313994804976235235e-08
2.166666666666666785e+01 -4.320242607679340566e-06 1.269739185560608705e-08
2.187500000000000000e+01 -2.997874164695446668e-06 1.302820667529134977e-08
2.208333333333333570e+01 -3.216182751562207125e-06 1.151251533863178432e-08
2.229166666666666785e+01 -3.460934299750879235e-06 1.087691587905345263e-08
2.250000000000000000e+01 -2.200919717177282537e-06 1.153776306210799871e-08
2.270833333333333570e+01 -3.247388036145137229e-06 1.255174168630609366e-08
2.291666666666666785e+01 -2.592023966350335189e-06 1.258812693396107039e-08
2.312500000000000000e+01 -2.015365177364681566e-06 1.400690508140186349e-08
2.333333333333333570e+01 -2.864989679848569922e-06 1.202454507121502365e-08
2.354166666666666785e+01 -1.436563337157241531e-06 9.247099985355350052e-09
2.375000000000000000e+01 -1.818911745406542996e-06 9.636776935795950392e-09
2.395833333333333570e+01 -2.152202899645554669e-06 9.558773905181067759e-09
2.416666666666666785e+01 -9.020817889450162521e-07 8.642399915177223023e-09
2.437500000000000000e+01 -1.946088244178610040e-06 9.146330351011828729e-09
2.458333333333333570e+01 -1.280552069327247318e-06 7.015569400949218514e-09
2.479166666666666785e+01 -6.566031007439742488e-07 5.086789278881144405e-09
2.500000000000000000e+01 -1.593562800544046327e-06 3.859114869313952019e-09
2.520833333333333570e+01 -4.231570039511924494e-07 3.107369849094653867e-09
2.541666666666666785e+01 -8.061451291305502382e-07 2.858010092816958536e-09
2.562500000000000000e+01 -1.211846454554138844e-06 2.998047916167666267e-09
2.583333333333333570e+01 -7.720334390598133834e-08 2.481093767744370083e-09
2.604166666666666785e+01 -1.084304720910441738e-06 2.021438196963485573e-09
2.625000000000000000e+01 -5.970057304894823332e-07 1.728898860446212639e-09
2.645833333333333570e+01 -1.245450773067100174e-07 1.564645849388353176e-09
2.666666666666666785e+01 -1.150555909595104686e-06 1.501370574171541325e-09
2.687500000000000000e+01 -7.406916541442547021e-08 1.439264676714140836e-09
2.708333333333333570e+01 -4.894212058782669445e-07 1.383978786190814873e-09
2.729166666666666785e+01 -9.041647630780010778e-07 1.360651897620794918e-09
2.750000000000000000e+01 1.830589488698966643e-07 1.228556499579923839e-09
2.770833333333333570e+01 -8.329672411549407202e-07 1.110772851727457480e-09
2.791666666666666785e+01 -3.746607013085433411e-07 1.045525675244693750e-09
2.812500000000000000e+01 8.116873098698672252e-08 9.916262612878345015e-10
2.833333333333333570e+01 -9.532976108217024855e-07 1.022000690849809544e-09
2.854166666666666785e+01 9.453976850664605096e-08 1.061353682779993271e-09
2.875000000000000000e+01 -3.230738182894308668e-07 9.579690333694916591e-10
2.895833333333333570e+01 -7.357212689916622019e-07 8.499366657714307023e-10
2.916666666666666785e+01 3.201431047855077994e-07 8.212473096290688898e-10
2.937500000000000000e+01 -7.096250576482714763e-07 7.569150769193110938e-10
2.958333333333333570e+01 -2.695502071460337060e-07 7.180858759190342395e-10
2.979166666666666785e+01 1.676776534122719123e-07 6.783221230723257333e-10
3.000000000000000000e+01 -8.673038876117516085e-07 6.310548646470940078e-10
3.020833333333333570e+01 1.676776534528606724e-07 6.783221230759382378e-10
3.041666666666666785e+01 -2.695502071155349083e-07 7.180858759258027483e-10
3.062500000000000000e+01 -7.096250576687912730e-07 7.569150769335617614e-10
3.083333333333333570e+01 3.201431047755004757e-07 8.212473096454751901e-10
3.104166666666666785e+01 -7.357212689978281783e-07 8.499366657882367376e-10
3.125000000000000000e+01 -3.230738183033896521e-07 9.579690333865625990e-10
3.145833333333333570e+01 9.453976849208855892e-08 1.061353682789251283e-09
3.166666666666666785e+01 -9.532976108312148772e-07 1.022000690853247513e-09
3.187500000000000000e+01 8.116873103497004048e-08 9.916262612844418202e-10
3.208333333333333570e+01 -3.746607013104901405e-07 1.045525675237132078e-09
3.229166666666667140e+01 -8.329672412129310309e-07 1.110772851716779199e-09
3.250000000000000000e+01 1.830589488596502656e-07 1.228556499574594521e-09
3.270833333333333570e+01 -9.041647630324232937e-07 1.360651897621635540e-09
3.291666666666667140e+01 -4.894212058907267991e-07 1.383978786197935657e-09
3.312500000000000000e+01 -7.406916541148589531e-08 1.439264676719831632e-09
3.333333333333333570e+01 -1.150555909625208237e-06 1.501370574176850377e-09
3.354166666666667140e+01 -1.245450773272248112e-07 1.564645849390483787e-09
3.375000000000000000e+01 -5.970057304770794415e-07 1.728898860447053261e-09
3.395833333333333570e+01 -1.084304720907791584e-06 2.021438196961850237e-09
3.416666666666667140e+01 -7.720334390562071406e-08 2.481093767739297811e-09
3.437500000000000000e+01 -1.211846454499303837e-06 2.998047916165073470e-09
3.458333333333333570e+01 -8.061451291317300492e-07 2.858010092820840081e-09
3.479166666666667140e+01 -4.231570039573111507e-07 3.107369849098794319e-09
3.500000000000000000e+01 -1.593562800550437826e-06 3.859114869320080600e-09
3.520833333333333570e+01 -6.566031007617826930e-07 5.086789278892844048e-09
3.541666666666667140e+01 -1.280552069289932340e-06 7.015569400968883906e-09
3.562500000000000000e+01 -1.946088244191087682e-06 9.146330351018490842e-09
3.583333333333333570e+01 -9.020817889559342950e-07 8.642399915186901036e-09
3.604166666666667140e+01 -2.152202899657963278e-06 9.558773905181724540e-09
3.625000000000000000e+01 -1.818911745431457623e-06 9.636776935800709990e-09
3.645833333333333570e+01 -1.436563337136998714e-06 9.247099985355118441e-09
3.666666666666667140e+01 -2.864989679875587309e-06 1.202454507120409659e-08
3.687500000000000000e+01 -2.015365177321343549e-06 1.400690508138062480e-08
3.708333333333333570e+01 -2.592023966360465703e-06 1.258812693394026845e-08
3.729166666666667140e+01 -3.247388036151722063e-06 1.255174168629284223e-08
3.750000000000000000e+01 -2.200919717176850126e-06 1.153776306210347569e-08
3.770833333333333570e+01 -3.460934299702821551e-06 1.087691587905138965e-08
3.791666666666667140e+01 -3.216182751565711300e-06 1.151251533863300855e-08
3.812500000000000000e+01 -2.997874164700812621e-06 1.302820667528621629e-08
3.833333333333333570e+01 -4.320242607694378789e-06 1.269739185560925184e-08
3.854166666666667140e+01 -3.436208677303035197e-06 1.313994804976062685e-08
3.875000000000000000e+01 -4.080222121342600695e-06 1.267403387204520530e-08
3.895833333333333570e+01 -4.837188918654768186e-06 1.311319496624963537e-08
3.916666666666667140e+01 -4.023357091544996012e-06 1.372344868839746904e-08
3.937500000000000000e+01 -5.620094251665127741e-06 1.443053757447114015e-08
3.958333333333333570e+01 -5.747203265848253619e-06 1.690078301524227243e-08
3.979166666666667140e+01 -5.855072595558339418e-06 1.877041258025467054e-08
4.000000000000000000e+01 -7.717920019184776984e-06 2.101665723574535164e-08
4.020833333333333570e+01 -7.035958258170629752e-06 2.167436558238393498e-08
4.041666666666667140e+01 -8.366597317715914766e-06 2.569677777466535743e-08
4.062500000000000000e+01 -9.263511905554714889e-06 2.392137328163736908e-08
4.083333333333333570e+01 -8.870679042328032606e-06 2.541711705758592151e-08
4.104166666666667140e+01 -1.081817714232740144e-05 2.525161949942363664e-08
4.125000000000000000e+01 -1.117281935626017327e-05 2.529349244447229860e-08
4.145833333333333570e+01 -1.143658224174451334e-05 2.503917926622529510e-08
4.166666666666667140e+01 -1.388432874570727651e-05 2.714782900585596664e-08
4.187500000000000000e+01 -1.387986143106527600e-05 3.042556141445030905e-08
4.208333333333333570e+01 -1.618003410651344505e-05 3.579592693347453354e-08
4.229166666666667140e+01 -1.856901677080236558e-05 3.943701281309428413e-08
4.250000000000000000e+01 -1.909995069756593010e-05 4.129241330665018586e-08
4.270833333333333570e+01 -2.297144749398501398e-05 4.802565079561012328e-08
4.291666666666667140e+01 -2.477500472904020407e-05 5.272761375858498583e-08
4.312500000000000000e+01 -2.668293144606612689e-05 5.753862670975433386e-08
4.333333333333333570e+01 -3.119798998209094635e-05 6.521367567763452684e-08
4.354166666666667140e+01 -3.237442658514449935e-05 7.053598006604444006e-08
4.375000000000000000e+01 -3.629898782585115066e-05 8.017394234629479775e-08
4.395833333333333570e+01 -4.030449146785830501e-05 8.658601271269140002e-08
4.416666666666667140e+01 -4.280530761436354128e-05 9.529204291541125428e-08
4.437500000000000000e+01 -4.827287279159844232e-05 1.071148819109116806e-07
4.458333333333333570e+01 -5.272661754219845859e-05 1.250840179357967251e-07
4.479166666666667140e+01 -5.728126962535152816e-05 1.387872512670017732e-07
4.500000000000000000e+01 -6.571327891456597576e-05 1.665830304724305946e-07
4.520833333333333570e+01 -7.307911976435802707e-05 2.034324057788013512e-07
4.541666666666667140e+01 -8.485059182786109419e-05 2.526955909572365097e-07
4.562500000000000000e+01 -9.961913219154108897e-05 3.213007894686472379e-07
4.583333333333333570e+01 -1.112961585394555705e-04 3.756693442399564708e-07
4.604166666666667140e+01 -1.230931795179496951e-04 4.159309821717394851e-07
4.625000000000000000e+01 -1.276038588795829105e-04 4.117847800933097587e-07
4.645833333333333570e+01 -1.358801897011216529e-04 4.208473469414641185e-07
4.666666666666667140e+01 -1.500010609049769465e-04 4.935530059300036533e-07
4.687500000000000000e+01 -1.702865526155620775e-04 6.306907507977985871e-07
4.708333333333333570e+01 -1.981089143135386253e-04 8.235971262514499825e-07
4.729166666666667140e+01 -2.244802289991929998e-04 9.692669955328271357e-07
4.750000000000000000e+01 -2.487089835221886498e-04 1.212507729149893085e-06
4.770833333333333570e+01 -2.518726056681743495e-04 1.064499971642178595e-06
4.791666666666667140e+01 -2.707367097222786049e-04 1.169501963255389550e-06
4.812500000000000000e+01 -2.923429544137701435e-04 1.269801017163420487e-06
4.833333333333333570e+01 -3.256287816164939739e-04 1.577135056446852878e-06
4.854166666666667140e+01 -3.559725377402726929e-04 1.761215028108423666e-06
4.875000000000000000e+01 -3.998109524822805023e-04 2.113450013415827965e-06
4.895833333333333570e+01 -4.240697406115413954e-04 1.998520123283137122e-06
4.916666666666667140e+01 -4.710174619063307367e-04 2.227570884381458229e-06
4.937500000000000000e+01 -4.997283545870579140e-04 2.033361977816845874e-06
4.958333333333333570e+01 -5.271041937224974893e-04 1.771709278592317331e-06
4.979166666666667140e+01 -5.968701893253598560e-04 2.096854188739836730e-06
5.000000000000000000e+01 -6.688997705646219103e-04 2.304868109064848407e-06
5.020833333333333570e+01 -7.250122346237900450e-04 2.104409045641623446e-06
5.041666666666667140e+01 -7.920778919993263709e-04 2.007074544959491187e-06
5.062500000000000000e+01 -8.764602355182310239e-04 2.208203078582183779e-06
5.083333333333333570e+01 -9.431458790808643598e-04 2.340011164848809057e-06
5.104166666666667140e+01 -1.043358684104098329e-03 2.754058473518258855e-06
5.125000000000000000e+01 -1.174305790414414963e-03 3.082044286015973577e-06
5.145833333333333570e+01 -1.345633328593870588e-03 3.433788755385059512e-06
5.166666666666667140e+01 -1.532973287297020350e-03 3.905094329492510024e-06
5.187500000000000000e+01 -1.773858705116370576e-03 4.812811857673453054e-06
5.208333333333333570e+01 -2.070508572306837755e-03 5.963125079148933536e-06
5.229166666666667140e+01 -2.326682724562310380e-03 6.793572708886033892e-06
5.250000000000000000e+01 -2.705905201173077531e-03 8.500521775710911444e-06
5.270833333333333570e+01 -3.179948179457571349e-03 1.091426025376158296e-05
5.291666666666667140e+01 -3.786592564023955661e-03 1.457869797106919943e-05
5.312500000000000000e+01 -4.293035566543611237e-03 1.737401379995790087e-05
5.333333333333333570e+01 -4.825190642354516835e-03 1.821914472759013454e-05
5.354166666666667140e+01 -5.508550051658362562e-03 2.054885319886634164e-05
5.375000000000000000e+01 -6.112664059275632437e-03 2.040270280322867139e-05
5.395833333333333570e+01 -7.243169668369287689e-03 2.398599805537978820e-05
5.416666666666667140e+01 -8.197528638277426505e-03 2.555636760784268230e-05
5.437500000000000000e+01 -8.923087917126006768e-03 2.571181030006199829e-05
5.458333333333333570e+01 -1.000749638987954646e-02 2.839527279596587881e-05
5.479166666666667140e+01 -1.069128983328708656e-02 2.617263284852150090e-05
5.500000000000000000e+01 -1.107255823542054908e-02 2.257797291413990811e-05
5.520833333333333570e+01 -1.167351949352361806e-02 2.019012030543931480e-05
5.541666666666667140e+01 -1.321510291583735848e-02 2.178914521181249866e-05
5.562500000000000000e+01 -1.488083874725158393e-02 2.360734669055406190e-05
5.583333333333333570e+01 -1.613289146122586643e-02 2.177602638351017647e-05
5.604166666666667140e+01 -1.784573437206361454e-02 2.106421003617140838e-05
5.625000000000000000e+01 -2.032131181745303744e-02 2.199664475674036583e-05
5.645833333333333570e+01 -2.267477172670519583e-02 2.223712872366636695e-05
5.666666666666667140e+01 -2.544906548920020453e-02 2.176405146268637369e-05
5.687500000000000000e+01 -2.894444126957315677e-02 2.119979357901665985e-05
5.708333333333333570e+01 -3.347729800097104524e-02 2.148131888250934309e-05
5.729166666666667140e+01 -3.873744615494933985e-02 2.182429107524681133e-05
5.750000000000000000e+01 -4.499201186541834652e-02 2.243238346829763414e-05
5.770833333333333570e+01 -5.224846539161941139e-02 2.233293619605098936e-05
5.791666666666667140e+01 -6.092977885023375534e-02 2.208061237324086639e-05
5.812500000000000000e+01 -7.182195560276277702e-02 2.187056887354753770e-05
5.833333333333333570e+01 -8.547231909893281132e-02 2.154778379546934980e-05
5.854166666666667140e+01 -1.026395933121137943e-01 2.101024959640839180e-05
5.875000000000000000e+01 -1.247470334847377432e-01 2.047759950434890826e-05
5.895833333333333570e+01 -1.526604789594253886e-01 1.970305161695027452e-05
5.916666666666667140e+01 -1.894425249802673683e-01 1.910464177583478531e-05
5.937500000000000000e+01 -2.372153211998678235e-01 1.860899475816425397e-05
5.958333333333333570e+01 -3.005783242681366874e-01 1.676973327635305745e-05
5.979166666666667140e+01 -3.854569371234281561e-01 1.648511098043358214e-05
6.000000000000000000e+01 -4.999999999999998335e-01 1.917978394631183152e-05
