0.000000000000000000e+00 -4.999999999999997780e-01 1.259132291386650857e-04
2.083333333333333426e-01 -3.968681496671576658e-01 9.896027523869594463e-05
4.166666666666666852e-01 -3.200930916773550017e-01 7.993503469986563395e-05
6.250000000000000000e-01 -2.628679191229262857e-01 6.643488358157750059e-05
8.333333333333333703e-01 -2.194949555992069534e-01 5.548377243781372808e-05
1.041666666666666741e+00 -1.859268497960579747e-01 4.725159364652572802e-05
1.250000000000000000e+00 -1.599584294503141324e-01 4.173749847175982396e-05
1.458333333333333481e+00 -1.399629897263490741e-01 3.780908980663092594e-05
1.666666666666666741e+00 -1.240622176561045620e-01 3.504460938405045523e-05
1.875000000000000000e+00 -1.112889435834482355e-01 3.283346156342557094e-05
2.083333333333333481e+00 -1.011576919141740638e-01 3.129282369279414550e-05
2.291666666666666963e+00 -9.276249907111996928e-02 3.038109989914931255e-05
2.500000000000000000e+00 -8.604812700861302899e-02 2.925869316040670423e-05
2.708333333333333481e+00 -8.042167798624728914e-02 2.867431505870024578e-05
2.916666666666666963e+00 -7.569813867507327321e-02 2.804448879844540209e-05
3.125000000000000000e+00 -7.162693740152351052e-02 2.749483554013717478e-05
3.333333333333333481e+00 -6.797712516448226050e-02 2.690769760844452681e-05
3.541666666666666963e+00 -6.480731949222487409e-02 2.625520048820551038e-05
3.750000000000000000e+00 -6.254063326122487332e-02 2.632224488710280019e-05
3.958333333333333481e+00 -6.051603760687991607e-02 2.643194040705179593e-05
4.166666666666666963e+00 -5.857885707615916732e-02 2.617267512034274056e-05
4.375000000000000000e+00 -5.678471211182173350e-02 2.578911236138346915e-05
4.583333333333333925e+00 -5.515818530677808057e-02 2.560756214181440782e-05
4.791666666666666963e+00 -5.348402811790653466e-02 2.513392048948185262e-05
5.000000000000000000e+00 -5.207015064461792409e-02 2.486500067158628100e-05
5.208333333333333925e+00 -5.081196723171246821e-02 2.452003420350444153e-05
5.416666666666666963e+00 -4.961597912540407357e-02 2.427895854526524312e-05
5.625000000000000000e+00 -4.820468768746503929e-02 2.354117122237081580e-05
5.833333333333333925e+00 -4.706816395589492885e-02 2.362886054709296036e-05
6.041666666666666963e+00 -4.641441403870056465e-02 2.339170671658187883e-05
6.250000000000000000e+00 -4.584289841521986542e-02 2.316939016657469888e-05
6.458333333333333925e+00 -4.535638534572691838e-02 2.336993713875053165e-05
6.666666666666666963e+00 -4.514164561473772708e-02 2.379302335923385946e-05
6.875000000000000000e+00 -4.472272421773818701e-02 2.360545984898442044e-05
7.083333333333333925e+00 -4.432621579942679774e-02 2.344988921694241774e-05
7.291666666666666963e+00 -4.369193832649968801e-02 2.289531030642448706e-05
7.500000000000000000e+00 -4.348765618310766051e-02 2.290777181621226615e-05
7.708333333333333925e+00 -4.307639469135143839e-02 2.292475750501541917e-05
7.916666666666666963e+00 -4.269694187335165703e-02 2.319392909289047223e-05
8.125000000000000000e+00 -4.215762547512155733e-02 2.336324467057873932e-05
8.333333333333333925e+00 -4.156382627617775938e-02 2.340360030386353293e-05
8.541666666666667851e+00 -4.103636109606479537e-02 2.350503378360062142e-05
8.750000000000000000e+00 -4.056212887757133789e-02 2.311427565206244423e-05
8.958333333333333925e+00 -4.021269692348345554e-02 2.288726852813208250e-05
9.166666666666667851e+00 -3.957211287725767579e-02 2.245640871606696527e-05
9.375000000000000000e+00 -3.892380161321817855e-02 2.215315524319701678e-05
9.583333333333333925e+00 -3.863398814255673830e-02 2.214438565431093220e-05
9.791666666666667851e+00 -3.831927181982351660e-02 2.186233233908178991e-05
1.000000000000000000e+01 -3.842283343713800980e-02 2.272394925195008071e-05
1.020833333333333393e+01 -3.820479452391534192e-02 2.288761324612832975e-05
1.041666666666666785e+01 -3.775673402338938778e-02 2.258798458773267977e-05
1.062500000000000000e+01 -3.715580002065357879e-02 2.179211036421753163e-05
1.083333333333333393e+01 -3.674006392375406271e-02 2.130374707045753810e-05
1.104166666666666785e+01 -3.629667590444850267e-02 2.102432743862321321e-05
1.125000000000000000e+01 -3.631311730042387220e-02 2.160757489370187934e-05
1.145833333333333393e+01 -3.631912572177836696e-02 2.220896254084179188e-05
1.166666666666666785e+01 -3.629235336938155254e-02 2.261825194008554660e-05
1.187500000000000000e+01 -3.602645503927184856e-02 2.258657315423364865e-05
1.208333333333333393e+01 -3.575440805516437448e-02 2.237973364742328606e-05
1.229166666666666785e+01 -3.549293832216782185e-02 2.256267575305703879e-05
1.250000000000000000e+01 -3.516501472493396840e-02 2.244020143825268033e-05
1.270833333333333393e+01 -3.488297730551268017e-02 2.228095342093148193e-05
1.291666666666666785e+01 -3.448737278877494344e-02 2.198654407579995592e-05
1.312500000000000000e+01 -3.418982883610344192e-02 2.194336036625226362e-05
1.333333333333333393e+01 -3.383583939025754106e-02 2.170543993969260263e-05
1.354166666666666785e+01 -3.341139903981463211e-02 2.129503845290002203e-05
1.375000000000000000e+01 -3.290255886283721676e-02 2.125535585813168439e-05
1.395833333333333393e+01 -3.251124289707518766e-02 2.127067523665722543e-05
1.416666666666666785e+01 -3.231643258322328127e-02 2.094178472229143463e-05
1.437500000000000000e+01 -3.222454196131603610e-02 2.113917355599910318e-05
1.458333333333333393e+01 -3.224982612806950866e-02 2.131036933099488218e-05
1.479166666666666785e+01 -3.219055128224702217e-02 2.142190754203347758e-05
1.500000000000000000e+01 -3.217570277131248657e-02 2.128782829501049597e-05
1.520833333333333393e+01 -3.192742648584866172e-02 2.127381126827583219e-05
1.541666666666666785e+01 -3.160487841902949457e-02 2.152110961281687626e-05
1.562500000000000000e+01 -3.137566054465365517e-02 2.152792063368065784e-05
1.583333333333333393e+01 -3.120412731816265064e-02 2.097939765968613853e-05
1.604166666666666785e+01 -3.113284982627851846e-02 2.098527529552874033e-05
1.625000000000000000e+01 -3.092806338453261278e-02 2.038672458110358377e-05
1.645833333333333570e+01 -3.077831635482410066e-02 2.050603753318392086e-05
1.666666666666666785e+01 -3.056340160045050228e-02 2.031828707232621149e-05
1.687500000000000000e+01 -3.024046787366060918e-02 2.011527481227515276e-05
1.708333333333333570e+01 -3.002129186833380273e-02 2.009038920545346891e-05
1.729166666666666785e+01 -2.968535622928143020e-02 1.975100919610459945e-05
1.750000000000000000e+01 -2.928811582054138829e-02 1.942542918037483404e-05
1.770833333333333570e+01 -2.884970219161627630e-02 1.875319210822569112e-05
1.791666666666666785e+01 -2.833636111071430666e-02 1.817423632121467153e-05
1.812500000000000000e+01 -2.802978908963326202e-02 1.816907042732315473e-05
1.833333333333333570e+01 -2.771322414549504815e-02 1.794209678856636383e-05
1.854166666666666785e+01 -2.780155417835818155e-02 1.837198325711090813e-05
1.875000000000000000e+01 -2.797764603835153213e-02 1.871068582568818038e-05
1.895833333333333570e+01 -2.826962584870869322e-02 1.907099668491011262e-05
1.916666666666666785e+01 -2.858889266118819217e-02 1.924387754604225695e-05
1.937500000000000000e+01 -2.881620936064133859e-02 1.951268828166518823e-05
1.958333333333333570e+01 -2.909428830899140478e-02 1.996107356164142534e-05
1.979166666666666785e+01 -2.934806651452293719e-02 2.031119261363670600e-05
2.000000000000000000e+01 -2.936885828343839544e-02 2.057095300974822250e-05
2.020833333333333570e+01 -2.940789949454866020e-02 2.110955220657797371e-05
2.041666666666666785e+01 -2.926975928527191656e-02 2.143619410940463227e-05
2.062500000000000000e+01 -2.914286236414885198e-02 2.128913966922692079e-05
2.083333333333333570e+01 -2.912744612481703299e-02 2.139465664302075216e-05
2.104166666666666785e+01 -2.903707997790984374e-02 2.091863056421778259e-05
2.125000000000000000e+01 -2.902507355993277222e-02 2.049371928702568813e-05
2.145833333333333570e+01 -2.915633320382498422e-02 2.099106273348277902e-05
2.166666666666666785e+01 -2.912111783212900304e-02 2.112884048803910958e-05
2.187500000000000000e+01 -2.895249810165295701e-02 2.081101200701465995e-05
2.208333333333333570e+01 -2.875405132216178952e-02 2.061533603474964942e-05
2.229166666666666785e+01 -2.855355387850640539e-02 2.077886855374635712e-05
2.250000000000000000e+01 -2.846043558011521896e-02 2.092865062803183159e-05
2.270833333333333570e+01 -2.814771291060041633e-02 2.046038395640497031e-05
2.291666666666666785e+01 -2.791125098613661537e-02 2.032894949304419918e-05
2.312500000000000000e+01 -2.781390458109779182e-02 2.019477949821312548e-05
2.333333333333333570e+01 -2.742344829867171541e-02 1.978732946292505293e-05
2.354166666666666785e+01 -2.728793657770233957e-02 1.989675625585083025e-05
2.375000000000000000e+01 -2.730046561203594568e-02 1.998396146023841179e-05
2.395833333333333570e+01 -2.715218993785530402e-02 2.004733727095967498e-05
2.416666666666666785e+01 -2.713146583568418896e-02 2.010179290909232995e-05
2.437500000000000000e+01 -2.671069097574862994e-02 1.937202944410172512e-05
2.458333333333333570e+01 -2.647008621502701733e-02 1.895941479491077662e-05
2.479166666666666785e+01 -2.622552303550691050e-02 1.877221112488868890e-05
2.500000000000000000e+01 -2.589297813073428850e-02 1.819953905276556593e-05
2.520833333333333570e+01 -2.563310723523228030e-02 1.801302248640623593e-05
2.541666666666666785e+01 -2.550642367609042005e-02 1.794801472588383726e-05
2.562500000000000000e+01 -2.529879046746062038e-02 1.757366468434056335e-05
2.583333333333333570e+01 -2.523558377427865401e-02 1.794183074440562929e-05
2.604166666666666785e+01 -2.539779180727309849e-02 1.835513993216041559e-05
2.625000000000000000e+01 -2.559965431796133728e-02 1.907651874207331560e-05
2.645833333333333570e+01 -2.562459032290558339e-02 1.916167516929670028e-05
2.666666666666666785e+01 -2.563505520426051509e-02 1.889347669661232244e-05
2.687500000000000000e+01 -2.569005724201771021e-02 1.942001738486392104e-05
2.708333333333333570e+01 -2.580242018482633432e-02 1.965375238838572129e-05
2.729166666666666785e+01 -2.580701648474791748e-02 1.946888192259474453e-05
2.750000000000000000e+01 -2.579866700876998903e-02 1.928490717621267006e-05
2.770833333333333570e+01 -2.559526128221718821e-02 1.889250086399564511e-05
2.791666666666666785e+01 -2.552749776514429830e-02 1.881963533143817240e-05
2.812500000000000000e+01 -2.548536632006265581e-02 1.902844073079189020e-05
2.833333333333333570e+01 -2.575714353850823424e-02 1.935865394203188639e-05
2.854166666666666785e+01 -2.606010222880754401e-02 1.941860955082052676e-05
2.875000000000000000e+01 -2.623933786827513381e-02 1.945303741114880612e-05
2.895833333333333570e+01 -2.625904169989668607e-02 1.958307573214184945e-05
2.916666666666666785e+01 -2.633552422936968201e-02 1.966746870064317384e-05
2.937500000000000000e+01 -2.663686751428821081e-02 2.062857710406422300e-05
2.958333333333333570e+01 -2.670189348960196746e-02 2.099339042862553303e-05
2.979166666666666785e+01 -2.686983236577572196e-02 2.160196723800795785e-05
3.000000000000000000e+01 -2.684379007141791604e-02 2.180198999361381706e-05
3.020833333333333570e+01 -2.686983236577576706e-02 2.160196723800794768e-05
3.041666666666666785e+01 -2.670189348960196052e-02 2.099339042862552625e-05
3.062500000000000000e+01 -2.663686751428821775e-02 2.062857710406421283e-05
3.083333333333333570e+01 -2.633552422936962650e-02 1.966746870064316706e-05
3.104166666666666785e+01 -2.625904169989669301e-02 1.958307573214184268e-05
3.125000000000000000e+01 -2.623933786827512687e-02 1.945303741114880951e-05
3.145833333333333570e+01 -2.606010222880762728e-02 1.941860955082052676e-05
3.166666666666666785e+01 -2.575714353850824118e-02 1.935865394203191349e-05
3.187500000000000000e+01 -2.548536632006249275e-02 1.902844073079193086e-05
3.208333333333333570e+01 -2.552749776514431218e-02 1.881963533143817579e-05
3.229166666666667140e+01 -2.559526128221727148e-02 1.889250086399562478e-05
3.250000000000000000e+01 -2.579866700877002372e-02 1.928490717621266328e-05
3.270833333333333570e+01 -2.580701648474781340e-02 1.946888192259474114e-05
3.291666666666667140e+01 -2.580242018482628574e-02 1.965375238838570774e-05
3.312500000000000000e+01 -2.569005724201779695e-02 1.942001738486387699e-05
3.333333333333333570e+01 -2.563505520426051509e-02 1.889347669661229533e-05
3.354166666666667140e+01 -2.562459032290563890e-02 1.916167516929667995e-05
3.375000000000000000e+01 -2.559965431796129565e-02 1.907651874207329527e-05
3.395833333333333570e+01 -2.539779180727312971e-02 1.835513993216039526e-05
3.416666666666667140e+01 -2.523558377427862279e-02 1.794183074440561912e-05
3.437500000000000000e+01 -2.529879046746059956e-02 1.757366468434054979e-05
3.458333333333333570e+01 -2.550642367609037148e-02 1.794801472588383048e-05
3.479166666666667140e+01 -2.563310723523229070e-02 1.801302248640623593e-05
3.500000000000000000e+01 -2.589297813073436483e-02 1.819953905276556593e-05
3.520833333333333570e+01 -2.622552303550685499e-02 1.877221112488869906e-05
3.541666666666667140e+01 -2.647008621502702774e-02 1.895941479491077323e-05
3.562500000000000000e+01 -2.671069097574864729e-02 1.937202944410172173e-05
3.583333333333333570e+01 -2.713146583568416814e-02 2.010179290909232995e-05
3.604166666666667140e+01 -2.715218993785534218e-02 2.004733727095968853e-05
3.625000000000000000e+01 -2.730046561203595609e-02 1.998396146023844567e-05
3.645833333333333570e+01 -2.728793657770232917e-02 1.989675625585085058e-05
3.666666666666667140e+01 -2.742344829867172928e-02 1.978732946292507665e-05
3.687500000000000000e+01 -2.781390458109772243e-02 2.019477949821315936e-05
3.708333333333333570e+01 -2.791125098613662231e-02 2.032894949304421951e-05
3.729166666666667140e+01 -2.814771291060040939e-02 2.046038395640497709e-05
3.750000000000000000e+01 -2.846043558011530916e-02 2.092865062803182482e-05
3.770833333333333570e+01 -2.855355387850633253e-02 2.077886855374636051e-05
3.791666666666667140e+01 -2.875405132216182769e-02 2.061533603474963926e-05
3.812500000000000000e+01 -2.895249810165298129e-02 2.081101200701466672e-05
3.833333333333333570e+01 -2.912111783212901345e-02 2.112884048803910958e-05
3.854166666666667140e+01 -2.915633320382489402e-02 2.099106273348277902e-05
3.875000000000000000e+01 -2.902507355993281385e-02 2.049371928702566442e-05
3.895833333333333570e+01 -2.903707997790993742e-02 2.091863056421772160e-05
3.916666666666667140e+01 -2.912744612481702605e-02 2.139465664302069795e-05
3.937500000000000000e+01 -2.914286236414879300e-02 2.128913966922689030e-05
3.958333333333333570e+01 -2.926975928527189574e-02 2.143619410940457806e-05
3.979166666666667140e+01 -2.940789949454870877e-02 2.110955220657792627e-05
4.000000000000000000e+01 -2.936885828343838503e-02 2.057095300974818523e-05
4.020833333333333570e+01 -2.934806651452300658e-02 2.031119261363668229e-05
4.041666666666667140e+01 -2.909428830899133192e-02 1.996107356164141856e-05
4.062500000000000000e+01 -2.881620936064136634e-02 1.951268828166521194e-05
4.083333333333333570e+01 -2.858889266118824768e-02 1.924387754604228745e-05
4.104166666666667140e+01 -2.826962584870858566e-02 1.907099668491015328e-05
4.125000000000000000e+01 -2.797764603835149397e-02 1.871068582568822104e-05
4.145833333333333570e+01 -2.780155417835826134e-02 1.837198325711093523e-05
4.166666666666667140e+01 -2.771322414549515223e-02 1.794209678856638416e-05
4.187500000000000000e+01 -2.802978908963311977e-02 1.816907042732320216e-05
4.208333333333333570e+01 -2.833636111071426850e-02 1.817423632121468170e-05
4.229166666666667140e+01 -2.884970219161632835e-02 1.875319210822571484e-05
4.250000000000000000e+01 -2.928811582054145074e-02 1.942542918037484421e-05
4.270833333333333570e+01 -2.968535622928140244e-02 1.975100919610461300e-05
4.291666666666667140e+01 -3.002129186833370211e-02 2.009038920545347907e-05
4.312500000000000000e+01 -3.024046787366080694e-02 2.011527481227512226e-05
4.333333333333333570e+01 -3.056340160045057860e-02 2.031828707232619793e-05
4.354166666666667140e+01 -3.077831635482403128e-02 2.050603753318392425e-05
4.375000000000000000e+01 -3.092806338453250176e-02 2.038672458110359054e-05
4.395833333333333570e+01 -3.113284982627852193e-02 2.098527529552874033e-05
4.416666666666667140e+01 -3.120412731816267493e-02 2.097939765968612837e-05
4.437500000000000000e+01 -3.137566054465359966e-02 2.152792063368064767e-05
4.458333333333333570e+01 -3.160487841902961254e-02 2.152110961281684237e-05
4.479166666666667140e+01 -3.192742648584868947e-02 2.127381126827583558e-05
4.500000000000000000e+01 -3.217570277131247963e-02 2.128782829501050952e-05
4.520833333333333570e+01 -3.219055128224696666e-02 2.142190754203351146e-05
4.541666666666667140e+01 -3.224982612806948090e-02 2.131036933099490928e-05
4.562500000000000000e+01 -3.222454196131604998e-02 2.113917355599913029e-05
4.583333333333333570e+01 -3.231643258322326046e-02 2.094178472229145496e-05
4.604166666666667140e+01 -3.251124289707522930e-02 2.127067523665724915e-05
4.625000000000000000e+01 -3.290255886283727227e-02 2.125535585813167762e-05
4.645833333333333570e+01 -3.341139903981461823e-02 2.129503845290004914e-05
4.666666666666667140e+01 -3.383583939025749943e-02 2.170543993969263651e-05
4.687500000000000000e+01 -3.418982883610337947e-02 2.194336036625230428e-05
4.708333333333333570e+01 -3.448737278877504753e-02 2.198654407579995253e-05
4.729166666666667140e+01 -3.488297730551261078e-02 2.228095342093144805e-05
4.750000000000000000e+01 -3.516501472493419739e-02 2.244020143825261595e-05
4.770833333333333570e+01 -3.549293832216771777e-02 2.256267575305702863e-05
4.791666666666667140e+01 -3.575440805516427734e-02 2.237973364742329283e-05
4.812500000000000000e+01 -3.602645503927191795e-02 2.258657315423363848e-05
4.833333333333333570e+01 -3.629235336938160805e-02 2.261825194008556015e-05
4.854166666666667140e+01 -3.631912572177828369e-02 2.220896254084182915e-05
4.875000000000000000e+01 -3.631311730042377506e-02 2.160757489370189628e-05
4.895833333333333570e+01 -3.629667590444866226e-02 2.102432743862321659e-05
4.916666666666667140e+01 -3.674006392375411822e-02 2.130374707045753471e-05
4.937500000000000000e+01 -3.715580002065356491e-02 2.179211036421753502e-05
4.958333333333333570e+01 -3.775673402338945717e-02 2.258798458773267299e-05
4.979166666666667140e+01 -3.820479452391530722e-02 2.288761324612831959e-05
5.000000000000000000e+01 -3.842283343713814858e-02 2.272394925195004683e-05
5.020833333333333570e+01 -3.831927181982348884e-02 2.186233233908178991e-05
5.041666666666667140e+01 -3.863398814255664115e-02 2.214438565431095930e-05
5.062500000000000000e+01 -3.892380161321806753e-02 2.215315524319701678e-05
5.083333333333333570e+01 -3.957211287725775906e-02 2.245640871606694155e-05
5.104166666666667140e+01 -4.021269692348347635e-02 2.288726852813203845e-05
5.125000000000000000e+01 -4.056212887757137953e-02 2.311427565206238663e-05
5.145833333333333570e+01 -4.103636109606491333e-02 2.350503378360055027e-05
5.166666666666667140e+01 -4.156382627617759284e-02 2.340360030386353632e-05
5.187500000000000000e+01 -4.215762547512143937e-02 2.336324467057875965e-05
5.208333333333333570e+01 -4.269694187335167090e-02 2.319392909289049934e-05
5.229166666666667140e+01 -4.307639469135145227e-02 2.292475750501543272e-05
5.250000000000000000e+01 -4.348765618310766745e-02 2.290777181621225599e-05
5.270833333333333570e+01 -4.369193832649972964e-02 2.289531030642448029e-05
5.291666666666667140e+01 -4.432621579942678386e-02 2.344988921694242113e-05
5.312500000000000000e+01 -4.472272421773819395e-02 2.360545984898441366e-05
5.333333333333333570e+01 -4.514164561473766463e-02 2.379302335923386963e-05
5.354166666666667140e+01 -4.535638534572701552e-02 2.336993713875050793e-05
5.375000000000000000e+01 -4.584289841521985154e-02 2.316939016657467177e-05
5.395833333333333570e+01 -4.641441403870071036e-02 2.339170671658185173e-05
5.416666666666667140e+01 -4.706816395589483171e-02 2.362886054709294341e-05
5.437500000000000000e+01 -4.820468768746511562e-02 2.354117122237081919e-05
5.458333333333333570e+01 -4.961597912540406663e-02 2.427895854526524651e-05
5.479166666666667140e+01 -5.081196723171226698e-02 2.452003420350446525e-05
5.500000000000000000e+01 -5.207015064461807674e-02 2.486500067158626067e-05
5.520833333333333570e+01 -5.348402811790657629e-02 2.513392048948184923e-05
5.541666666666667140e+01 -5.515818530677800424e-02 2.560756214181440104e-05
5.562500000000000000e+01 -5.678471211182171269e-02 2.578911236138346238e-05
5.583333333333333570e+01 -5.857885707615934079e-02 2.617267512034272361e-05
5.604166666666667140e+01 -6.051603760687988831e-02 2.643194040705182303e-05
5.625000000000000000e+01 -6.254063326122469291e-02 2.632224488710284763e-05
5.645833333333333570e+01 -6.480731949222512389e-02 2.625520048820553071e-05
5.666666666666667140e+01 -6.797712516448209397e-02 2.690769760844454036e-05
5.687500000000000000e+01 -7.162693740152345501e-02 2.749483554013719511e-05
5.708333333333333570e+01 -7.569813867507338423e-02 2.804448879844540887e-05
5.729166666666667140e+01 -8.042167798624719199e-02 2.867431505870022545e-05
5.750000000000000000e+01 -8.604812700861311225e-02 2.925869316040668051e-05
5.770833333333333570e+01 -9.276249907111988602e-02 3.038109989914930577e-05
5.791666666666667140e+01 -1.011576919141741610e-01 3.129282369279414550e-05
5.812500000000000000e+01 -1.112889435834480689e-01 3.283346156342559127e-05
5.833333333333333570e+01 -1.240622176561046175e-01 3.504460938405044846e-05
5.854166666666667140e+01 -1.399629897263492406e-01 3.780908980663092594e-05
5.875000000000000000e+01 -1.599584294503141324e-01 4.173749847175983751e-05
5.895833333333333570e+01 -1.859268497960581690e-01 4.725159364652570769e-05
5.916666666666667140e+01 -2.194949555992065648e-01 5.548377243781379585e-05
5.937500000000000000e+01 -2.628679191229264522e-01 6.643488358157752769e-05
5.958333333333333570e+01 -3.200930916773550572e-01 7.993503469986564750e-05
5.979166666666667140e+01 -3.968681496671574438e-01 9.896027523869599884e-05
6.000000000000000000e+01 -5.000000000000002220e-01 1.259132291386650857e-04
