0.000000000000000000e+00 -4.999999999999998890e-01 1.287969845233321946e-04
2.083333333333333426e-01 -3.993474914339065762e-01 1.016540066008569726e-04
4.166666666666666852e-01 -3.240337680752207183e-01 8.085750813728179241e-05
6.250000000000000000e-01 -2.673599443516639362e-01 6.580531789015946524e-05
8.333333333333333703e-01 -2.242805775045187411e-01 5.498588732304609693e-05
1.041666666666666741e+00 -1.911119937280564840e-01 4.727108967925939534e-05
1.250000000000000000e+00 -1.654294351363993221e-01 4.188098122326480233e-05
1.458333333333333481e+00 -1.455419266363621456e-01 3.831121487314180106e-05
1.666666666666666741e+00 -1.295242167209468276e-01 3.515273006441708785e-05
1.875000000000000000e+00 -1.167834102336395841e-01 3.273277611956573469e-05
2.083333333333333481e+00 -1.064974647758131499e-01 3.104986452103776598e-05
2.291666666666666963e+00 -9.794099702805200702e-02 2.976566063791765912e-05
2.500000000000000000e+00 -9.085550168207651156e-02 2.885080722797833918e-05
2.708333333333333481e+00 -8.486673901598527914e-02 2.814074555160830216e-05
2.916666666666666963e+00 -7.985915864985862478e-02 2.752285380196012706e-05
3.125000000000000000e+00 -7.555007478404668353e-02 2.691019336996624379e-05
3.333333333333333481e+00 -7.198898666725173090e-02 2.645358617788846770e-05
3.541666666666666963e+00 -6.881421130613354920e-02 2.621676162992954233e-05
3.750000000000000000e+00 -6.606549070101482013e-02 2.582488430636150381e-05
3.958333333333333481e+00 -6.351424631043547930e-02 2.541708559195694401e-05
4.166666666666666963e+00 -6.138679128478184699e-02 2.515132980196068112e-05
4.375000000000000000e+00 -5.947600468299058668e-02 2.494295880469177599e-05
4.583333333333333925e+00 -5.808317142778023079e-02 2.603704627054162615e-05
4.791666666666666963e+00 -5.667044821931258025e-02 2.579517848646103670e-05
5.000000000000000000e+00 -5.514764929922290337e-02 2.525293146606051085e-05
5.208333333333333925e+00 -5.379777101921195959e-02 2.510237045467321519e-05
5.416666666666666963e+00 -5.256425003621970071e-02 2.446605009452284534e-05
5.625000000000000000e+00 -5.141186189097310399e-02 2.404715189531073024e-05
5.833333333333333925e+00 -5.002317873648187696e-02 2.326334326977498162e-05
6.041666666666666963e+00 -4.892104099552143509e-02 2.290598612639251381e-05
6.250000000000000000e+00 -4.790725659665379804e-02 2.245177865053945090e-05
6.458333333333333925e+00 -4.687255096231668361e-02 2.214401460408057243e-05
6.666666666666666963e+00 -4.610307236657584795e-02 2.224572568194864956e-05
6.875000000000000000e+00 -4.525856633385032940e-02 2.191785431679873822e-05
7.083333333333333925e+00 -4.433536839653610950e-02 2.148269307329119714e-05
7.291666666666666963e+00 -4.357051058270707683e-02 2.138699188218557936e-05
7.500000000000000000e+00 -4.308198440528980544e-02 2.126251096637226876e-05
7.708333333333333925e+00 -4.264124425363859799e-02 2.134711538107022150e-05
7.916666666666666963e+00 -4.245368247723969174e-02 2.179909783697167087e-05
8.125000000000000000e+00 -4.213788992995808058e-02 2.158386581569528902e-05
8.333333333333333925e+00 -4.196126006941198333e-02 2.193448328076756106e-05
8.541666666666667851e+00 -4.188938253461064326e-02 2.253457094538182482e-05
8.750000000000000000e+00 -4.163793537355577057e-02 2.291287346676681779e-05
8.958333333333333925e+00 -4.126258115970063423e-02 2.317343876882597649e-05
9.166666666666667851e+00 -4.080369811574122846e-02 2.327983276479182940e-05
9.375000000000000000e+00 -4.020281078664345031e-02 2.336061639052031366e-05
9.583333333333333925e+00 -3.937040149352512286e-02 2.303823357027605433e-05
9.791666666666667851e+00 -3.900293944002877072e-02 2.202298455843144638e-05
1.000000000000000000e+01 -3.883918593967070065e-02 2.131725444571078414e-05
1.020833333333333393e+01 -3.848270029376048285e-02 2.131727282956103950e-05
1.041666666666666785e+01 -3.823851151052137798e-02 2.160094901255299357e-05
1.062500000000000000e+01 -3.778550601893448935e-02 2.137796695660621482e-05
1.083333333333333393e+01 -3.731472327701370467e-02 2.117008636807954028e-05
1.104166666666666785e+01 -3.696207476833393568e-02 2.127987897745677569e-05
1.125000000000000000e+01 -3.666157969847734510e-02 2.125645600947787363e-05
1.145833333333333393e+01 -3.627767088187710404e-02 2.096159655006150026e-05
1.166666666666666785e+01 -3.578763885205103745e-02 2.070725005963170969e-05
1.187500000000000000e+01 -3.523559082184170993e-02 2.043772986087152269e-05
1.208333333333333393e+01 -3.475521448396569346e-02 2.022334667446682918e-05
1.229166666666666785e+01 -3.445906447198485156e-02 2.011210350086054110e-05
1.250000000000000000e+01 -3.422609384059685511e-02 2.023873282986112361e-05
1.270833333333333393e+01 -3.389378782392096084e-02 2.016779811583649024e-05
1.291666666666666785e+01 -3.373030264117601873e-02 2.040475125705599097e-05
1.312500000000000000e+01 -3.339809949123850180e-02 2.020027264797898538e-05
1.333333333333333393e+01 -3.303622563701210518e-02 1.991750418033085934e-05
1.354166666666666785e+01 -3.264022247357853401e-02 1.974362084293261648e-05
1.375000000000000000e+01 -3.237206680075133125e-02 1.964382348553188188e-05
1.395833333333333393e+01 -3.233238595299979534e-02 1.975857289686574640e-05
1.416666666666666785e+01 -3.199638714723690436e-02 1.952418935543839102e-05
1.437500000000000000e+01 -3.173292886891215109e-02 1.990542330976773181e-05
1.458333333333333393e+01 -3.138447385186207694e-02 1.974671696691189629e-05
1.479166666666666785e+01 -3.119312829408470503e-02 2.017614935145822092e-05
1.500000000000000000e+01 -3.080731855308407874e-02 1.952689176900234064e-05
1.520833333333333393e+01 -3.043975021288915922e-02 1.912535465321349172e-05
1.541666666666666785e+01 -3.023887340070247412e-02 1.926007331929367896e-05
1.562500000000000000e+01 -2.994757373895007985e-02 1.886926643764959044e-05
1.583333333333333393e+01 -2.967723835933648580e-02 1.884814395991494203e-05
1.604166666666666785e+01 -2.931222717480181164e-02 1.867371498522996614e-05
1.625000000000000000e+01 -2.905930240796478908e-02 1.849984277143808939e-05
1.645833333333333570e+01 -2.900984082509397433e-02 1.841178074828197440e-05
1.666666666666666785e+01 -2.898450948536953481e-02 1.856773176423640493e-05
1.687500000000000000e+01 -2.897076778682147746e-02 1.872944883931156965e-05
1.708333333333333570e+01 -2.905670744185977206e-02 1.910697090662341911e-05
1.729166666666666785e+01 -2.897892322011261929e-02 1.896805629305634916e-05
1.750000000000000000e+01 -2.868196844970572618e-02 1.888937294414021873e-05
1.770833333333333570e+01 -2.835348237994102238e-02 1.853651089381551731e-05
1.791666666666666785e+01 -2.821189479269528566e-02 1.874063222419365861e-05
1.812500000000000000e+01 -2.791801168807303210e-02 1.869390947029326368e-05
1.833333333333333570e+01 -2.793195034640007235e-02 1.887823235698250570e-05
1.854166666666666785e+01 -2.798837974469599310e-02 1.912334616521501593e-05
1.875000000000000000e+01 -2.812385669495062052e-02 1.976067399387654565e-05
1.895833333333333570e+01 -2.810423420631288222e-02 1.972664599102816704e-05
1.916666666666666785e+01 -2.809806977831866281e-02 2.002027995917662778e-05
1.937500000000000000e+01 -2.795641443866765663e-02 2.014253027619824804e-05
1.958333333333333570e+01 -2.783278992255450168e-02 2.038764156791370710e-05
1.979166666666666785e+01 -2.762232777909429809e-02 1.996752360675350962e-05
2.000000000000000000e+01 -2.737233714152316477e-02 1.935107906022387415e-05
2.020833333333333570e+01 -2.711072911097239108e-02 1.880964036030468808e-05
2.041666666666666785e+01 -2.694946776573078906e-02 1.856572722606048096e-05
2.062500000000000000e+01 -2.646454108469365601e-02 1.765019056352574973e-05
2.083333333333333570e+01 -2.629171591925512363e-02 1.723365739877690423e-05
2.104166666666666785e+01 -2.621132099193906190e-02 1.702361270303669259e-05
2.125000000000000000e+01 -2.618153121153499532e-02 1.681687447852748960e-05
2.145833333333333570e+01 -2.629197168325161926e-02 1.719891277971221375e-05
2.166666666666666785e+01 -2.629043333066784921e-02 1.729298156338232145e-05
2.187500000000000000e+01 -2.625026196716691296e-02 1.759591274898560207e-05
2.208333333333333570e+01 -2.592473271244103913e-02 1.702907397532525417e-05
2.229166666666666785e+01 -2.560712404296596606e-02 1.685295534183013373e-05
2.250000000000000000e+01 -2.537213140784708165e-02 1.706493569161583092e-05
2.270833333333333570e+01 -2.549460321851984568e-02 1.759129190619913120e-05
2.291666666666666785e+01 -2.533889956535305063e-02 1.768298791163804178e-05
2.312500000000000000e+01 -2.511685541841356117e-02 1.723156923494748290e-05
2.333333333333333570e+01 -2.504714480394068521e-02 1.729867740251197556e-05
2.354166666666666785e+01 -2.509542741214205314e-02 1.789084671761698286e-05
2.375000000000000000e+01 -2.499310999154207014e-02 1.746884025688233882e-05
2.395833333333333570e+01 -2.502297377538049289e-02 1.768828720810064942e-05
2.416666666666666785e+01 -2.513531023207695586e-02 1.791197572536459148e-05
2.437500000000000000e+01 -2.516954427562862612e-02 1.785116832869936351e-05
2.458333333333333570e+01 -2.518322832727274210e-02 1.790810344614148978e-05
2.479166666666666785e+01 -2.500946319456986283e-02 1.747131750587052222e-05
2.500000000000000000e+01 -2.487681093092521112e-02 1.741235103210798883e-05
2.520833333333333570e+01 -2.492352383137850375e-02 1.774501150400804655e-05
2.541666666666666785e+01 -2.516085665077592154e-02 1.804844658103474969e-05
2.562500000000000000e+01 -2.522154533914272578e-02 1.788910297226707345e-05
2.583333333333333570e+01 -2.553845463526664000e-02 1.854341557791533033e-05
2.604166666666666785e+01 -2.582026373890661253e-02 1.860762971064195773e-05
2.625000000000000000e+01 -2.574081042150519472e-02 1.843222486363294493e-05
2.645833333333333570e+01 -2.574638984322563315e-02 1.844961672909609541e-05
2.666666666666666785e+01 -2.573351406849605505e-02 1.827219014399153896e-05
2.687500000000000000e+01 -2.561603732642111012e-02 1.804982018663794935e-05
2.708333333333333570e+01 -2.566536510879709188e-02 1.816120825638798615e-05
2.729166666666666785e+01 -2.571613979916065329e-02 1.859982740275210964e-05
2.750000000000000000e+01 -2.571460103064681507e-02 1.867810041696662529e-05
2.770833333333333570e+01 -2.582838363986422747e-02 1.919418418468092066e-05
2.791666666666666785e+01 -2.600496213455182754e-02 1.915961763316525128e-05
2.812500000000000000e+01 -2.615118979889053535e-02 1.905424081692203800e-05
2.833333333333333570e+01 -2.622914835720179666e-02 1.911678275021770862e-05
2.854166666666666785e+01 -2.631569608455962272e-02 1.934057842665388597e-05
2.875000000000000000e+01 -2.614113332611546492e-02 1.912610527767491682e-05
2.895833333333333570e+01 -2.630033121157723808e-02 1.975175965509452995e-05
2.916666666666666785e+01 -2.636411020732866428e-02 1.991124968427930770e-05
2.937500000000000000e+01 -2.619194484660416350e-02 1.976298354991380695e-05
2.958333333333333570e+01 -2.589200200936435381e-02 1.930873890169069340e-05
2.979166666666666785e+01 -2.554578459372686822e-02 1.868970670396908387e-05
3.000000000000000000e+01 -2.553434829057489239e-02 1.867318271198726250e-05
3.020833333333333570e+01 -2.554578459372682658e-02 1.868970670396907370e-05
3.041666666666666785e+01 -2.589200200936425666e-02 1.930873890169069340e-05
3.062500000000000000e+01 -2.619194484660420166e-02 1.976298354991380695e-05
3.083333333333333570e+01 -2.636411020732864693e-02 1.991124968427928060e-05
3.104166666666666785e+01 -2.630033121157717216e-02 1.975175965509450623e-05
3.125000000000000000e+01 -2.614113332611542329e-02 1.912610527767486939e-05
3.145833333333333570e+01 -2.631569608455976150e-02 1.934057842665382499e-05
3.166666666666666785e+01 -2.622914835720183829e-02 1.911678275021764763e-05
3.187500000000000000e+01 -2.615118979889043127e-02 1.905424081692201429e-05
3.208333333333333570e+01 -2.600496213455189345e-02 1.915961763316526145e-05
3.229166666666667140e+01 -2.582838363986408522e-02 1.919418418468096809e-05
3.250000000000000000e+01 -2.571460103064669364e-02 1.867810041696665578e-05
3.270833333333333570e+01 -2.571613979916069492e-02 1.859982740275209609e-05
3.291666666666667140e+01 -2.566536510879708494e-02 1.816120825638794210e-05
3.312500000000000000e+01 -2.561603732642109971e-02 1.804982018663792224e-05
3.333333333333333570e+01 -2.573351406849606199e-02 1.827219014399152880e-05
3.354166666666667140e+01 -2.574638984322546661e-02 1.844961672909611574e-05
3.375000000000000000e+01 -2.574081042150522247e-02 1.843222486363292460e-05
3.395833333333333570e+01 -2.582026373890664722e-02 1.860762971064194079e-05
3.416666666666667140e+01 -2.553845463526660184e-02 1.854341557791531000e-05
3.437500000000000000e+01 -2.522154533914276395e-02 1.788910297226704296e-05
3.458333333333333570e+01 -2.516085665077587991e-02 1.804844658103473275e-05
3.479166666666667140e+01 -2.492352383137855579e-02 1.774501150400802622e-05
3.500000000000000000e+01 -2.487681093092520071e-02 1.741235103210797867e-05
3.520833333333333570e+01 -2.500946319456980385e-02 1.747131750587051883e-05
3.541666666666667140e+01 -2.518322832727275945e-02 1.790810344614150333e-05
3.562500000000000000e+01 -2.516954427562859836e-02 1.785116832869939062e-05
3.583333333333333570e+01 -2.513531023207691076e-02 1.791197572536462536e-05
3.604166666666667140e+01 -2.502297377538045126e-02 1.768828720810066297e-05
3.625000000000000000e+01 -2.499310999154204932e-02 1.746884025688232527e-05
3.645833333333333570e+01 -2.509542741214218498e-02 1.789084671761691171e-05
3.666666666666667140e+01 -2.504714480394070603e-02 1.729867740251193490e-05
3.687500000000000000e+01 -2.511685541841352995e-02 1.723156923494745919e-05
3.708333333333333570e+01 -2.533889956535309573e-02 1.768298791163803839e-05
3.729166666666667140e+01 -2.549460321851966874e-02 1.759129190619913798e-05
3.750000000000000000e+01 -2.537213140784719961e-02 1.706493569161583431e-05
3.770833333333333570e+01 -2.560712404296611178e-02 1.685295534183014050e-05
3.791666666666667140e+01 -2.592473271244089689e-02 1.702907397532529821e-05
3.812500000000000000e+01 -2.625026196716696847e-02 1.759591274898562239e-05
3.833333333333333570e+01 -2.629043333066796023e-02 1.729298156338235872e-05
3.854166666666667140e+01 -2.629197168325142497e-02 1.719891277971227812e-05
3.875000000000000000e+01 -2.618153121153499879e-02 1.681687447852754381e-05
3.895833333333333570e+01 -2.621132099193915904e-02 1.702361270303672308e-05
3.916666666666667140e+01 -2.629171591925508894e-02 1.723365739877694150e-05
3.937500000000000000e+01 -2.646454108469362132e-02 1.765019056352575989e-05
3.958333333333333570e+01 -2.694946776573086539e-02 1.856572722606046741e-05
3.979166666666667140e+01 -2.711072911097252985e-02 1.880964036030468808e-05
4.000000000000000000e+01 -2.737233714152310232e-02 1.935107906022388093e-05
4.020833333333333570e+01 -2.762232777909425646e-02 1.996752360675351640e-05
4.041666666666667140e+01 -2.783278992255446352e-02 2.038764156791372404e-05
4.062500000000000000e+01 -2.795641443866770520e-02 2.014253027619825143e-05
4.083333333333333570e+01 -2.809806977831866281e-02 2.002027995917662439e-05
4.104166666666667140e+01 -2.810423420631282670e-02 1.972664599102818737e-05
4.125000000000000000e+01 -2.812385669495048868e-02 1.976067399387656937e-05
4.145833333333333570e+01 -2.798837974469612494e-02 1.912334616521500237e-05
4.166666666666667140e+01 -2.793195034640016255e-02 1.887823235698247521e-05
4.187500000000000000e+01 -2.791801168807297659e-02 1.869390947029323657e-05
4.208333333333333570e+01 -2.821189479269529260e-02 1.874063222419363828e-05
4.229166666666667140e+01 -2.835348237994080034e-02 1.853651089381552747e-05
4.250000000000000000e+01 -2.868196844970574005e-02 1.888937294414022550e-05
4.270833333333333570e+01 -2.897892322011269214e-02 1.896805629305635594e-05
4.291666666666667140e+01 -2.905670744185968879e-02 1.910697090662341911e-05
4.312500000000000000e+01 -2.897076778682158502e-02 1.872944883931156287e-05
4.333333333333333570e+01 -2.898450948536958685e-02 1.856773176423640831e-05
4.354166666666667140e+01 -2.900984082509384943e-02 1.841178074828198118e-05
4.375000000000000000e+01 -2.905930240796459479e-02 1.849984277143811311e-05
4.395833333333333570e+01 -2.931222717480186368e-02 1.867371498522995258e-05
4.416666666666667140e+01 -2.967723835933649273e-02 1.884814395991491831e-05
4.437500000000000000e+01 -2.994757373895001046e-02 1.886926643764955317e-05
4.458333333333333570e+01 -3.023887340070252616e-02 1.926007331929363830e-05
4.479166666666667140e+01 -3.043975021288919391e-02 1.912535465321347816e-05
4.500000000000000000e+01 -3.080731855308413425e-02 1.952689176900235420e-05
4.520833333333333570e+01 -3.119312829408459053e-02 2.017614935145829207e-05
4.541666666666667140e+01 -3.138447385186210470e-02 1.974671696691191662e-05
4.562500000000000000e+01 -3.173292886891212333e-02 1.990542330976775552e-05
4.583333333333333570e+01 -3.199638714723684191e-02 1.952418935543838425e-05
4.604166666666667140e+01 -3.233238595299979534e-02 1.975857289686573285e-05
4.625000000000000000e+01 -3.237206680075136594e-02 1.964382348553185477e-05
4.645833333333333570e+01 -3.264022247357859646e-02 1.974362084293258937e-05
4.666666666666667140e+01 -3.303622563701209824e-02 1.991750418033084579e-05
4.687500000000000000e+01 -3.339809949123852262e-02 2.020027264797897182e-05
4.708333333333333570e+01 -3.373030264117606036e-02 2.040475125705597741e-05
4.729166666666667140e+01 -3.389378782392075962e-02 2.016779811583649363e-05
4.750000000000000000e+01 -3.422609384059697307e-02 2.023873282986108634e-05
4.770833333333333570e+01 -3.445906447198494177e-02 2.011210350086051061e-05
4.791666666666667140e+01 -3.475521448396559632e-02 2.022334667446682241e-05
4.812500000000000000e+01 -3.523559082184178626e-02 2.043772986087151591e-05
4.833333333333333570e+01 -3.578763885205107909e-02 2.070725005963171646e-05
4.854166666666667140e+01 -3.627767088187701383e-02 2.096159655006151382e-05
4.875000000000000000e+01 -3.666157969847705367e-02 2.125645600947789396e-05
4.895833333333333570e+01 -3.696207476833417160e-02 2.127987897745674180e-05
4.916666666666667140e+01 -3.731472327701372549e-02 2.117008636807952672e-05
4.937500000000000000e+01 -3.778550601893441996e-02 2.137796695660621821e-05
4.958333333333333570e+01 -3.823851151052146818e-02 2.160094901255296308e-05
4.979166666666667140e+01 -3.848270029376051060e-02 2.131727282956103273e-05
5.000000000000000000e+01 -3.883918593967067984e-02 2.131725444571077737e-05
5.020833333333333570e+01 -3.900293944002865970e-02 2.202298455843148026e-05
5.041666666666667140e+01 -3.937040149352505347e-02 2.303823357027607127e-05
5.062500000000000000e+01 -4.020281078664330460e-02 2.336061639052031366e-05
5.083333333333333570e+01 -4.080369811574133254e-02 2.327983276479179213e-05
5.104166666666667140e+01 -4.126258115970056484e-02 2.317343876882595617e-05
5.125000000000000000e+01 -4.163793537355577751e-02 2.291287346676679069e-05
5.145833333333333570e+01 -4.188938253461073347e-02 2.253457094538176384e-05
5.166666666666667140e+01 -4.196126006941190006e-02 2.193448328076755429e-05
5.187500000000000000e+01 -4.213788992995799731e-02 2.158386581569527208e-05
5.208333333333333570e+01 -4.245368247723969868e-02 2.179909783697165054e-05
5.229166666666667140e+01 -4.264124425363846616e-02 2.134711538107022150e-05
5.250000000000000000e+01 -4.308198440528970830e-02 2.126251096637228908e-05
5.270833333333333570e+01 -4.357051058270724336e-02 2.138699188218556581e-05
5.291666666666667140e+01 -4.433536839653613726e-02 2.148269307329119036e-05
5.312500000000000000e+01 -4.525856633385026695e-02 2.191785431679875516e-05
5.333333333333333570e+01 -4.610307236657581326e-02 2.224572568194865634e-05
5.354166666666667140e+01 -4.687255096231678075e-02 2.214401460408057582e-05
5.375000000000000000e+01 -4.790725659665381886e-02 2.245177865053945090e-05
5.395833333333333570e+01 -4.892104099552160162e-02 2.290598612639249687e-05
5.416666666666667140e+01 -5.002317873648166879e-02 2.326334326977501550e-05
5.437500000000000000e+01 -5.141186189097321502e-02 2.404715189531074040e-05
5.458333333333333570e+01 -5.256425003621965908e-02 2.446605009452289617e-05
5.479166666666667140e+01 -5.379777101921170285e-02 2.510237045467327618e-05
5.500000000000000000e+01 -5.514764929922304215e-02 2.525293146606054134e-05
5.520833333333333570e+01 -5.667044821931262882e-02 2.579517848646107735e-05
5.541666666666667140e+01 -5.808317142778013364e-02 2.603704627054168714e-05
5.562500000000000000e+01 -5.947600468299059362e-02 2.494295880469176243e-05
5.583333333333333570e+01 -6.138679128478201352e-02 2.515132980196066079e-05
5.604166666666667140e+01 -6.351424631043547930e-02 2.541708559195693384e-05
5.625000000000000000e+01 -6.606549070101459809e-02 2.582488430636151397e-05
5.645833333333333570e+01 -6.881421130613392390e-02 2.621676162992953894e-05
5.666666666666667140e+01 -7.198898666725148110e-02 2.645358617788849480e-05
5.687500000000000000e+01 -7.555007478404662802e-02 2.691019336996625734e-05
5.708333333333333570e+01 -7.985915864985876356e-02 2.752285380196012706e-05
5.729166666666667140e+01 -8.486673901598523750e-02 2.814074555160830894e-05
5.750000000000000000e+01 -9.085550168207659483e-02 2.885080722797837645e-05
5.770833333333333570e+01 -9.794099702805199315e-02 2.976566063791768622e-05
5.791666666666667140e+01 -1.064974647758131499e-01 3.104986452103781342e-05
5.812500000000000000e+01 -1.167834102336395008e-01 3.273277611956573469e-05
5.833333333333333570e+01 -1.295242167209468276e-01 3.515273006441706075e-05
5.854166666666667140e+01 -1.455419266363623398e-01 3.831121487314180784e-05
5.875000000000000000e+01 -1.654294351363993498e-01 4.188098122326486332e-05
5.895833333333333570e+01 -1.911119937280567616e-01 4.727108967925940889e-05
5.916666666666667140e+01 -2.242805775045184635e-01 5.498588732304612403e-05
5.937500000000000000e+01 -2.673599443516641028e-01 6.580531789015950589e-05
5.958333333333333570e+01 -3.240337680752207739e-01 8.085750813728186017e-05
5.979166666666667140e+01 -3.993474914339065207e-01 1.016540066008569048e-04
6.000000000000000000e+01 -5.000000000000001110e-01 1.287969845233321946e-04
