0.000000000000000000e+00 -4.999999999999997224e-01 3.000646412745152931e-05
2.083333333333333426e-01 -3.871279544752881385e-01 2.433126449179403783e-05
4.166666666666666852e-01 -3.031824129238172016e-01 2.192467890388577511e-05
6.250000000000000000e-01 -2.402562942512787014e-01 2.310296175335791905e-05
8.333333333333333703e-01 -1.927542772917017200e-01 2.172478368517163845e-05
1.041666666666666741e+00 -1.559694609464188364e-01 2.114542485058000767e-05
1.250000000000000000e+00 -1.279024495793240346e-01 2.152800518085036191e-05
1.458333333333333481e+00 -1.058480453109715419e-01 2.142010986014073441e-05
1.666666666666666741e+00 -8.848424439470826963e-02 2.150860285506219771e-05
1.875000000000000000e+00 -7.469600776739006298e-02 2.182645995337533813e-05
2.083333333333333481e+00 -6.370656951953072855e-02 2.209562064102633898e-05
2.291666666666666963e+00 -5.489261978433414985e-02 2.251502174394990954e-05
2.500000000000000000e+00 -4.773001101562577425e-02 2.280568128997220771e-05
2.708333333333333481e+00 -4.147777590581303714e-02 2.254468550743668991e-05
2.916666666666666963e+00 -3.651175148372141216e-02 2.247929085985649012e-05
3.125000000000000000e+00 -3.220447233029914702e-02 2.243517675580249723e-05
3.333333333333333481e+00 -2.868073809250002229e-02 2.277988678886141825e-05
3.541666666666666963e+00 -2.585401154687803904e-02 2.347002101918278704e-05
3.750000000000000000e+00 -2.331212739781496693e-02 2.354638966624242335e-05
3.958333333333333481e+00 -2.048344500284086933e-02 2.216986163636961159e-05
4.166666666666666963e+00 -1.856036689166167333e-02 2.240682278092053547e-05
4.375000000000000000e+00 -1.707370336498227961e-02 2.358053497360783712e-05
4.583333333333333925e+00 -1.552454612095726522e-02 2.271614851407449621e-05
4.791666666666666963e+00 -1.433776571070963235e-02 2.354152276882250059e-05
5.000000000000000000e+00 -1.359804021949466077e-02 2.598247713044032382e-05
5.208333333333333925e+00 -1.280348747890308267e-02 2.727312844017111809e-05
5.416666666666666963e+00 -1.149734920227466102e-02 2.632943309700724717e-05
5.625000000000000000e+00 -1.001996193494777976e-02 2.246378831071968845e-05
5.833333333333333925e+00 -8.790073470867541816e-03 2.027231633505550981e-05
6.041666666666666963e+00 -7.620091348144750719e-03 1.798467007205791483e-05
6.250000000000000000e+00 -6.568047754268933371e-03 1.654086040660620967e-05
6.458333333333333925e+00 -5.681325104955073368e-03 1.392729342372888457e-05
6.666666666666666963e+00 -5.086111238475888273e-03 1.329443950148140542e-05
6.875000000000000000e+00 -4.551425155211645188e-03 1.293330180183614135e-05
7.083333333333333925e+00 -4.069276368832982528e-03 1.381778176905092480e-05
7.291666666666666963e+00 -3.531366743821410040e-03 1.178903085040706117e-05
7.500000000000000000e+00 -3.186087504467346142e-03 1.103675570135793333e-05
7.708333333333333925e+00 -2.788339589470875245e-03 8.861884168373673640e-06
7.916666666666666963e+00 -2.521629801263419821e-03 7.689153186514456701e-06
8.125000000000000000e+00 -2.189135686004389184e-03 5.986263649537473248e-06
8.333333333333333925e+00 -1.908749775578822252e-03 5.052140927462813087e-06
8.541666666666667851e+00 -1.667018589773188331e-03 3.961204979416744270e-06
8.750000000000000000e+00 -1.453232695685648026e-03 3.161195979895951042e-06
8.958333333333333925e+00 -1.255125445530097354e-03 2.462731943971431261e-06
9.166666666666667851e+00 -1.108858260985181275e-03 2.067349235660227107e-06
9.375000000000000000e+00 -9.870433049499007828e-04 1.708981668015456720e-06
9.583333333333333925e+00 -8.763086765249250695e-04 1.456367148534460837e-06
9.791666666666667851e+00 -7.677364640804646865e-04 1.220561818662559120e-06
1.000000000000000000e+01 -6.777633238287291946e-04 1.032482500671759498e-06
1.020833333333333393e+01 -6.022347033043484558e-04 9.114083780410881644e-07
1.041666666666666785e+01 -5.393637732291390891e-04 8.014539139983175579e-07
1.062500000000000000e+01 -4.918826059535230536e-04 7.360814497683737351e-07
1.083333333333333393e+01 -4.473317937301673434e-04 6.810312582630766957e-07
1.104166666666666785e+01 -4.031167279607810318e-04 5.780658450169981544e-07
1.125000000000000000e+01 -3.626647220938819310e-04 4.978390895300134435e-07
1.145833333333333393e+01 -3.307377521167188415e-04 4.585509677762727153e-07
1.166666666666666785e+01 -3.076888458389163495e-04 4.334507914103447052e-07
1.187500000000000000e+01 -2.841071427236396244e-04 4.214416495870352776e-07
1.208333333333333393e+01 -2.620035953971527692e-04 4.004460657821744521e-07
1.229166666666666785e+01 -2.448246796394208994e-04 3.800130023983912630e-07
1.250000000000000000e+01 -2.314659533270291151e-04 4.050208344583994254e-07
1.270833333333333393e+01 -2.171239899344631799e-04 4.455315840091639653e-07
1.291666666666666785e+01 -1.958830228099142710e-04 4.020358142416377752e-07
1.312500000000000000e+01 -1.779542703921367652e-04 3.681155839342586085e-07
1.333333333333333393e+01 -1.657329146943189362e-04 3.528754873632692515e-07
1.354166666666666785e+01 -1.595208722115859328e-04 4.209640037258408970e-07
1.375000000000000000e+01 -1.559820314151329310e-04 5.322827281185426797e-07
1.395833333333333393e+01 -1.538383991740405556e-04 6.476599971446172236e-07
1.416666666666666785e+01 -1.385169176301153261e-04 5.326315799632379095e-07
1.437500000000000000e+01 -1.265688295614182549e-04 4.245196599331955998e-07
1.458333333333333393e+01 -1.086582051513132572e-04 3.274525960244291492e-07
1.479166666666666785e+01 -9.378759745141633096e-05 2.655643039984284354e-07
1.500000000000000000e+01 -8.354452577063785433e-05 2.270975886179736397e-07
1.520833333333333393e+01 -7.248371967064599713e-05 1.918085898401307258e-07
1.541666666666666785e+01 -6.576290322004728264e-05 1.598375607984554989e-07
1.562500000000000000e+01 -6.047083299110863491e-05 1.432186615711595520e-07
1.583333333333333393e+01 -5.370191332029442016e-05 1.261643122294127700e-07
1.604166666666666785e+01 -5.190899928665222371e-05 1.288755018420922423e-07
1.625000000000000000e+01 -4.822379686808025203e-05 1.303855986052753557e-07
1.645833333333333570e+01 -4.397691369951691934e-05 1.202375814690351870e-07
1.666666666666666785e+01 -4.230948740904752779e-05 1.156689121712934878e-07
1.687500000000000000e+01 -3.619336635456478496e-05 9.483047902908445116e-08
1.708333333333333570e+01 -3.252954264732775455e-05 8.054400231409936852e-08
1.729166666666666785e+01 -2.914220713418299479e-05 6.493688425284780226e-08
1.750000000000000000e+01 -2.462375037469015336e-05 5.279407101652619738e-08
1.770833333333333570e+01 -2.357920876089453278e-05 4.705361340393199132e-08
1.791666666666666785e+01 -2.067052499306578487e-05 4.149645166834803630e-08
1.812500000000000000e+01 -1.810366319291711675e-05 3.688276895202039701e-08
1.833333333333333570e+01 -1.795833817719504497e-05 3.548390760551272100e-08
1.854166666666666785e+01 -1.531434331867771262e-05 3.401367898226466827e-08
1.875000000000000000e+01 -1.476076735812297113e-05 3.468912877729891002e-08
1.895833333333333570e+01 -1.424606495804479958e-05 3.379452665744647312e-08
1.916666666666666785e+01 -1.204715744974290862e-05 3.401184938445705334e-08
1.937500000000000000e+01 -1.213939198408833444e-05 3.081928278794554693e-08
1.958333333333333570e+01 -1.089419843496028110e-05 3.139083798551381187e-08
1.979166666666666785e+01 -9.399788907574638881e-06 2.711252945486276888e-08
2.000000000000000000e+01 -1.000616385103978203e-05 2.838731343933642712e-08
2.020833333333333570e+01 -7.901218498245898559e-06 2.453735661066671681e-08
2.041666666666666785e+01 -7.599204255352113180e-06 2.211115727440936858e-08
2.062500000000000000e+01 -7.287636565248573552e-06 1.843925315597626512e-08
2.083333333333333570e+01 -5.551470306153226339e-06 1.713063079257479448e-08
2.104166666666666785e+01 -6.296924569869454212e-06 1.669970299408695426e-08
2.125000000000000000e+01 -5.361058574015744734e-06 1.436005418309996054e-08
2.145833333333333570e+01 -4.536567212757646376e-06 1.360269101918727839e-08
2.166666666666666785e+01 -5.255749793999818235e-06 1.274739498681937832e-08
2.187500000000000000e+01 -3.807149071711922470e-06 1.232761611413558658e-08
2.208333333333333570e+01 -3.982062941534632471e-06 1.116726650762978552e-08
2.229166666666666785e+01 -4.246111910810728370e-06 1.118915191220291143e-08
2.250000000000000000e+01 -2.848525244484438058e-06 9.947329866731881630e-09
2.270833333333333570e+01 -3.725658806007718198e-06 9.151976862792685557e-09
2.291666666666666785e+01 -2.953527497116601157e-06 7.921844329789354393e-09
2.312500000000000000e+01 -2.183185503109562172e-06 6.695800206137031676e-09
2.333333333333333570e+01 -3.070754166079880993e-06 6.538872993426273154e-09
2.354166666666666785e+01 -1.723835628801463189e-06 5.864191246820581779e-09
2.375000000000000000e+01 -2.033404431746886935e-06 5.871659605701868712e-09
2.395833333333333570e+01 -2.314916152064310338e-06 5.116678992566731519e-09
2.416666666666666785e+01 -1.054010674609154500e-06 4.161046575821821684e-09
2.437500000000000000e+01 -2.019000492693658307e-06 3.877715664161288644e-09
2.458333333333333570e+01 -1.423598716033690752e-06 3.292561665851154297e-09
2.479166666666666785e+01 -8.682597405993654671e-07 3.031059138604464798e-09
2.500000000000000000e+01 -1.839808153812090699e-06 2.671928672588635635e-09
2.520833333333333570e+01 -6.832033522800589102e-07 2.447024379588211463e-09
2.541666666666666785e+01 -1.047848770451008027e-06 2.216579824270995135e-09
2.562500000000000000e+01 -1.417514171589339301e-06 2.066632796755906815e-09
2.583333333333333570e+01 -3.014439538562162377e-07 2.021268460656631848e-09
2.604166666666666785e+01 -1.328776797342823978e-06 2.023247705640262227e-09
2.625000000000000000e+01 -8.309144401762618715e-07 1.961407835845232718e-09
2.645833333333333570e+01 -3.800737463205434965e-07 2.228755447710849890e-09
2.666666666666666785e+01 -1.400953930921993639e-06 2.244689662079055361e-09
2.687500000000000000e+01 -3.106630062965179147e-07 2.214238433197409410e-09
2.708333333333333570e+01 -6.973077328763383485e-07 1.942801235630708852e-09
2.729166666666666785e+01 -1.083761359605388018e-06 1.698374284022427778e-09
2.750000000000000000e+01 1.248954457767436723e-08 1.524944661516853187e-09
2.770833333333333570e+01 -1.007242915176376398e-06 1.446631404172714905e-09
2.791666666666666785e+01 -5.499246781250814273e-07 1.405332568902910372e-09
2.812500000000000000e+01 -1.049401648513678878e-07 1.509390316853396548e-09
2.833333333333333570e+01 -1.136496808511568415e-06 1.665774500431695134e-09
2.854166666666666785e+01 -8.570959308838433827e-08 1.836377930597163297e-09
2.875000000000000000e+01 -4.945569461737662568e-07 1.621928237968379916e-09
2.895833333333333570e+01 -8.951416937500324886e-07 1.422684472563689093e-09
2.916666666666666785e+01 1.719671855555489287e-07 1.357784001962497245e-09
2.937500000000000000e+01 -8.395004940572649976e-07 1.194463618552884354e-09
2.958333333333333570e+01 -3.867183638311360998e-07 1.115808018880074964e-09
2.979166666666666785e+01 5.735740790257824721e-08 1.013002565003761881e-09
3.000000000000000000e+01 -9.766350651798178230e-07 9.213528498633592822e-10
3.020833333333333570e+01 5.735740792760122174e-08 1.013002565003901881e-09
3.041666666666666785e+01 -3.867183638172247483e-07 1.115808018877231737e-09
3.062500000000000000e+01 -8.395004940687254593e-07 1.194463618555582203e-09
3.083333333333333570e+01 1.719671855925247756e-07 1.357784001971780486e-09
3.104166666666666785e+01 -8.951416937451362146e-07 1.422684472572488434e-09
3.125000000000000000e+01 -4.945569461467253652e-07 1.621928237978818521e-09
3.145833333333333570e+01 -8.570959307357342456e-08 1.836377930614400500e-09
3.166666666666666785e+01 -1.136496808566920535e-06 1.665774500439373645e-09
3.187500000000000000e+01 -1.049401648072287627e-07 1.509390316858999043e-09
3.208333333333333570e+01 -5.499246781465702296e-07 1.405332568919731297e-09
3.229166666666667140e+01 -1.007242915212804532e-06 1.446631404203453764e-09
3.250000000000000000e+01 1.248954456512914754e-08 1.524944661547223537e-09
3.270833333333333570e+01 -1.083761359587717004e-06 1.698374284050026038e-09
3.291666666666667140e+01 -6.973077329231431657e-07 1.942801235645309417e-09
3.312500000000000000e+01 -3.106630063201268934e-07 2.214238433211402410e-09
3.333333333333333570e+01 -1.400953930871465795e-06 2.244689662089765282e-09
3.354166666666667140e+01 -3.800737463539237414e-07 2.228755447718131147e-09
3.375000000000000000e+01 -8.309144401638351570e-07 1.961407835846916858e-09
3.395833333333333570e+01 -1.328776797346766070e-06 2.023247705638224881e-09
3.416666666666667140e+01 -3.014439538298753130e-07 2.021268460655984992e-09
3.437500000000000000e+01 -1.417514171581362157e-06 2.066632796756380790e-09
3.458333333333333570e+01 -1.047848770473195632e-06 2.216579824270651442e-09
3.479166666666667140e+01 -6.832033522685991897e-07 2.447024379587170869e-09
3.500000000000000000e+01 -1.839808153817825959e-06 2.671928672582750658e-09
3.520833333333333570e+01 -8.682597405701605122e-07 3.031059138593778452e-09
3.541666666666667140e+01 -1.423598716032730640e-06 3.292561665839603547e-09
3.562500000000000000e+01 -2.019000492654713427e-06 3.877715664149589001e-09
3.583333333333333570e+01 -1.054010674605435814e-06 4.161046575813377824e-09
3.604166666666667140e+01 -2.314916152080594546e-06 5.116678992560335758e-09
3.625000000000000000e+01 -2.033404431691410512e-06 5.871659605696843590e-09
3.645833333333333570e+01 -1.723835628777433288e-06 5.864191246813544127e-09
3.666666666666667140e+01 -3.070754166119343835e-06 6.538872993423240710e-09
3.687500000000000000e+01 -2.183185503074649592e-06 6.695800206137433686e-09
3.708333333333333570e+01 -2.953527497113155003e-06 7.921844329799125051e-09
3.729166666666667140e+01 -3.725658806028623818e-06 9.151976862796814842e-09
3.750000000000000000e+01 -2.848525244534590455e-06 9.947329866731153711e-09
3.770833333333333570e+01 -4.246111910795910376e-06 1.118915191220077730e-08
3.791666666666667140e+01 -3.982062941535104268e-06 1.116726650762875154e-08
3.812500000000000000e+01 -3.807149071693198383e-06 1.232761611413392064e-08
3.833333333333333570e+01 -5.255749793938175412e-06 1.274739498681473784e-08
3.854166666666667140e+01 -4.536567212721661876e-06 1.360269101918086278e-08
3.875000000000000000e+01 -5.361058574057716910e-06 1.436005418309100217e-08
3.895833333333333570e+01 -6.296924569878387869e-06 1.669970299407535718e-08
3.916666666666667140e+01 -5.551470306180992079e-06 1.713063079256557307e-08
3.937500000000000000e+01 -7.287636565299232899e-06 1.843925315596783449e-08
3.958333333333333570e+01 -7.599204255316374319e-06 2.211115727440234416e-08
3.979166666666667140e+01 -7.901218498250924853e-06 2.453735661065472931e-08
4.000000000000000000e+01 -1.000616385099349168e-05 2.838731343931491711e-08
4.020833333333333570e+01 -9.399788907610183772e-06 2.711252945485012625e-08
4.041666666666667140e+01 -1.089419843489978770e-05 3.139083798549562052e-08
4.062500000000000000e+01 -1.213939198411542594e-05 3.081928278793765232e-08
4.083333333333333570e+01 -1.204715744969659794e-05 3.401184938444789480e-08
4.104166666666667140e+01 -1.424606495804124204e-05 3.379452665744073580e-08
4.125000000000000000e+01 -1.476076735808793955e-05 3.468912877729816887e-08
4.145833333333333570e+01 -1.531434331867480560e-05 3.401367898226973723e-08
4.166666666666667140e+01 -1.795833817722673078e-05 3.548390760551927889e-08
4.187500000000000000e+01 -1.810366319291420973e-05 3.688276895203524655e-08
4.208333333333333570e+01 -2.067052499307956779e-05 4.149645166837115765e-08
4.229166666666667140e+01 -2.357920876084057679e-05 4.705361340395050031e-08
4.250000000000000000e+01 -2.462375037470950298e-05 5.279407101653922713e-08
4.270833333333333570e+01 -2.914220713419245445e-05 6.493688425285966072e-08
4.291666666666667140e+01 -3.252954264730339388e-05 8.054400231410123464e-08
4.312500000000000000e+01 -3.619336635457732105e-05 9.483047902908573494e-08
4.333333333333333570e+01 -4.230948740909418236e-05 1.156689121712912643e-07
4.354166666666667140e+01 -4.397691369949650246e-05 1.202375814690308989e-07
4.375000000000000000e+01 -4.822379686801445451e-05 1.303855986052683148e-07
4.395833333333333570e+01 -5.190899928663173229e-05 1.288755018420860483e-07
4.416666666666667140e+01 -5.370191332035154406e-05 1.261643122294014145e-07
4.437500000000000000e+01 -6.047083299109573968e-05 1.432186615711436437e-07
4.458333333333333570e+01 -6.576290322006129595e-05 1.598375607984258263e-07
4.479166666666667140e+01 -7.248371967068848430e-05 1.918085898400916034e-07
4.500000000000000000e+01 -8.354452577061457109e-05 2.270975886179460053e-07
4.520833333333333570e+01 -9.378759745142664444e-05 2.655643039984029715e-07
4.541666666666667140e+01 -1.086582051512918984e-04 3.274525960243831976e-07
4.562500000000000000e+01 -1.265688295614296932e-04 4.245196599331215374e-07
4.583333333333333570e+01 -1.385169176300986836e-04 5.326315799631396536e-07
4.604166666666667140e+01 -1.538383991740464916e-04 6.476599971445067917e-07
4.625000000000000000e+01 -1.559820314151741036e-04 5.322827281184608351e-07
4.645833333333333570e+01 -1.595208722115969645e-04 4.209640037257942043e-07
4.666666666666667140e+01 -1.657329146943061697e-04 3.528754873632436288e-07
4.687500000000000000e+01 -1.779542703921261129e-04 3.681155839342447383e-07
4.708333333333333570e+01 -1.958830228099177676e-04 4.020358142416281402e-07
4.729166666666667140e+01 -2.171239899344225223e-04 4.455315840091572419e-07
4.750000000000000000e+01 -2.314659533270834878e-04 4.050208344583959843e-07
4.770833333333333570e+01 -2.448246796394548349e-04 3.800130023983914748e-07
4.791666666666667140e+01 -2.620035953971523897e-04 4.004460657821769932e-07
4.812500000000000000e+01 -2.841071427236659163e-04 4.214416495870400421e-07
4.833333333333333570e+01 -3.076888458389315283e-04 4.334507914103493109e-07
4.854166666666667140e+01 -3.307377521166986753e-04 4.585509677762788563e-07
4.875000000000000000e+01 -3.626647220938302146e-04 4.978390895300207492e-07
4.895833333333333570e+01 -4.031167279608069984e-04 5.780658450170045072e-07
4.916666666666667140e+01 -4.473317937302149399e-04 6.810312582630840013e-07
4.937500000000000000e+01 -4.918826059535374735e-04 7.360814497683801937e-07
4.958333333333333570e+01 -5.393637732291915645e-04 8.014539139983221107e-07
4.979166666666667140e+01 -6.022347033043527927e-04 9.114083780410901761e-07
5.000000000000000000e+01 -6.777633238287296283e-04 1.032482500671770721e-06
5.020833333333333570e+01 -7.677364640804372562e-04 1.220561818662570131e-06
5.041666666666667140e+01 -8.763086765249830743e-04 1.456367148534474602e-06
5.062500000000000000e+01 -9.870433049498751957e-04 1.708981668015467096e-06
5.083333333333333570e+01 -1.108858260985187997e-03 2.067349235660236848e-06
5.104166666666667140e+01 -1.255125445530145710e-03 2.462731943971442696e-06
5.125000000000000000e+01 -1.453232695685712427e-03 3.161195979895964594e-06
5.145833333333333570e+01 -1.667018589773231266e-03 3.961204979416749352e-06
5.166666666666667140e+01 -1.908749775578855211e-03 5.052140927462796993e-06
5.187500000000000000e+01 -2.189135686004330637e-03 5.986263649537444449e-06
5.208333333333333570e+01 -2.521629801263503088e-03 7.689153186514397409e-06
5.229166666666667140e+01 -2.788339589470870909e-03 8.861884168373639759e-06
5.250000000000000000e+01 -3.186087504467442419e-03 1.103675570135789775e-05
5.270833333333333570e+01 -3.531366743821496776e-03 1.178903085040696800e-05
5.291666666666667140e+01 -4.069276368833059723e-03 1.381778176905084179e-05
5.312500000000000000e+01 -4.551425155211711975e-03 1.293330180183625825e-05
5.333333333333333570e+01 -5.086111238475986285e-03 1.329443950148155958e-05
5.354166666666667140e+01 -5.681325104955117604e-03 1.392729342372903534e-05
5.375000000000000000e+01 -6.568047754269027913e-03 1.654086040660640957e-05
5.395833333333333570e+01 -7.620091348144892966e-03 1.798467007205823670e-05
5.416666666666667140e+01 -8.790073470867730901e-03 2.027231633505610273e-05
5.437500000000000000e+01 -1.001996193494803997e-02 2.246378831072052193e-05
5.458333333333333570e+01 -1.149734920227488306e-02 2.632943309700850755e-05
5.479166666666667140e+01 -1.280348747890328910e-02 2.727312844017243607e-05
5.500000000000000000e+01 -1.359804021949489322e-02 2.598247713044121151e-05
5.520833333333333570e+01 -1.433776571070984746e-02 2.354152276882303930e-05
5.541666666666667140e+01 -1.552454612095734501e-02 2.271614851407484858e-05
5.562500000000000000e+01 -1.707370336498240451e-02 2.358053497360808445e-05
5.583333333333333570e+01 -1.856036689166180517e-02 2.240682278092064050e-05
5.604166666666667140e+01 -2.048344500284102893e-02 2.216986163636965902e-05
5.625000000000000000e+01 -2.331212739781499815e-02 2.354638966624252161e-05
5.645833333333333570e+01 -2.585401154687819864e-02 2.347002101918282770e-05
5.666666666666667140e+01 -2.868073809249998760e-02 2.277988678886144535e-05
5.687500000000000000e+01 -3.220447233029924416e-02 2.243517675580254466e-05
5.708333333333333570e+01 -3.651175148372153012e-02 2.247929085985654095e-05
5.729166666666667140e+01 -4.147777590581314122e-02 2.254468550743673056e-05
5.750000000000000000e+01 -4.773001101562587140e-02 2.280568128997225515e-05
5.770833333333333570e+01 -5.489261978433421924e-02 2.251502174394993665e-05
5.791666666666667140e+01 -6.370656951953086733e-02 2.209562064102633898e-05
5.812500000000000000e+01 -7.469600776739011849e-02 2.182645995337535846e-05
5.833333333333333570e+01 -8.848424439470839453e-02 2.150860285506220109e-05
5.854166666666667140e+01 -1.058480453109716668e-01 2.142010986014082250e-05
5.875000000000000000e+01 -1.279024495793241178e-01 2.152800518085056520e-05
5.895833333333333570e+01 -1.559694609464190862e-01 2.114542485058005172e-05
5.916666666666667140e+01 -1.927542772917018032e-01 2.172478368517182480e-05
5.937500000000000000e+01 -2.402562942512788680e-01 2.310296175335804441e-05
5.958333333333333570e+01 -3.031824129238174237e-01 2.192467890388570057e-05
5.979166666666667140e+01 -3.871279544752882495e-01 2.433126449179402766e-05
6.000000000000000000e+01 -5.000000000000002220e-01 3.000646412745152931e-05
