0.000000000000000000e+00 -4.999999999999983902e-01 5.858422465317733412e-05
2.083333333333333426e-01 -3.903497387976532784e-01 4.598799713092453344e-05
4.166666666666666852e-01 -3.085216115201828702e-01 4.101241938214196265e-05
6.250000000000000000e-01 -2.468095299423030409e-01 3.716135467015983741e-05
8.333333333333333703e-01 -1.998884710537726650e-01 3.316087736185404039e-05
1.041666666666666741e+00 -1.634849784091376435e-01 3.024190284391705327e-05
1.250000000000000000e+00 -1.357830807568528586e-01 3.188669032407481931e-05
1.458333333333333481e+00 -1.141435563082472820e-01 2.870406728236962217e-05
1.666666666666666741e+00 -9.696599356982471551e-02 2.478733219639337072e-05
1.875000000000000000e+00 -8.326893409382402078e-02 2.503665633124920178e-05
2.083333333333333481e+00 -7.206904346606274325e-02 2.441343061612862958e-05
2.291666666666666963e+00 -6.279486062392707069e-02 2.340343141810892556e-05
2.500000000000000000e+00 -5.529240691896421950e-02 2.377120399534026640e-05
2.708333333333333481e+00 -4.877022797516397667e-02 2.330333770708598298e-05
2.916666666666666963e+00 -4.313234838978170088e-02 2.260807148965684338e-05
3.125000000000000000e+00 -3.870010592880582939e-02 2.298912773558187031e-05
3.333333333333333481e+00 -3.450966433395769029e-02 2.275211538341265479e-05
3.541666666666666963e+00 -3.099576474232613663e-02 2.247392322123060085e-05
3.750000000000000000e+00 -2.768720170326837218e-02 2.222462645832888579e-05
3.958333333333333481e+00 -2.494846611709293852e-02 2.221589027495843584e-05
4.166666666666666963e+00 -2.262436416709847492e-02 2.227995276890073304e-05
4.375000000000000000e+00 -2.102967090097795574e-02 2.399889422639188478e-05
4.583333333333333925e+00 -1.928148989655342413e-02 2.314747268280831051e-05
4.791666666666666963e+00 -1.791531440870980374e-02 2.424872842780715666e-05
5.000000000000000000e+00 -1.675915975113705450e-02 2.419406990375454027e-05
5.208333333333333925e+00 -1.553347205545091599e-02 2.385316804804144182e-05
5.416666666666666963e+00 -1.423387863381176364e-02 2.277399962315157145e-05
5.625000000000000000e+00 -1.299093721883130825e-02 2.193586064924417270e-05
5.833333333333333925e+00 -1.172329928718987210e-02 2.038087974187880353e-05
6.041666666666666963e+00 -1.058770256249171558e-02 1.880413189152417940e-05
6.250000000000000000e+00 -9.058429077463086079e-03 1.527755470161859151e-05
6.458333333333333925e+00 -7.995266432389080274e-03 1.325534841620535238e-05
6.666666666666666963e+00 -7.081848700074999670e-03 1.171732027776313200e-05
6.875000000000000000e+00 -6.371588814355465952e-03 1.112881303590795413e-05
7.083333333333333925e+00 -5.854358120550687099e-03 1.158812009638149529e-05
7.291666666666666963e+00 -5.461414268978309616e-03 1.297905205798630804e-05
7.500000000000000000e+00 -5.355749901240372188e-03 1.714052481806213206e-05
7.708333333333333925e+00 -5.236399366825179695e-03 2.231486413210906599e-05
7.916666666666666963e+00 -5.192374582815829920e-03 2.729700688832144235e-05
8.125000000000000000e+00 -4.455585119650558312e-03 2.136836052645580241e-05
8.333333333333333925e+00 -3.791639181507924870e-03 1.502888711498898875e-05
8.541666666666667851e+00 -3.263781138607086633e-03 1.057522772181845412e-05
8.750000000000000000e+00 -2.821254639526031994e-03 8.036077838165240343e-06
8.958333333333333925e+00 -2.450906627307206272e-03 6.054105338567894797e-06
9.166666666666667851e+00 -2.171829804591269598e-03 4.868902569316975383e-06
9.375000000000000000e+00 -2.012041776462146318e-03 4.911311422077932987e-06
9.583333333333333925e+00 -1.840449511866390064e-03 5.072154536789585210e-06
9.791666666666667851e+00 -1.674993856325682510e-03 5.727433127582280937e-06
1.000000000000000000e+01 -1.569370627800789056e-03 6.985825368778543352e-06
1.020833333333333393e+01 -1.482672587642319337e-03 6.968035114072541737e-06
1.041666666666666785e+01 -1.488373841431847458e-03 8.532846776351777994e-06
1.062500000000000000e+01 -1.384996450646210769e-03 1.039614489949911057e-05
1.083333333333333393e+01 -1.355657541569864170e-03 1.009580617212236568e-05
1.104166666666666785e+01 -1.479194707961508076e-03 1.162935103481718608e-05
1.125000000000000000e+01 -1.397314920382691046e-03 1.198273490500108965e-05
1.145833333333333393e+01 -1.524128450959786902e-03 1.514862538093330945e-05
1.166666666666666785e+01 -1.458178687952193771e-03 1.891954135831584098e-05
1.187500000000000000e+01 -1.565886641867917598e-03 1.808426558528595642e-05
1.208333333333333393e+01 -1.881328112148311291e-03 2.265808922304715552e-05
1.229166666666666785e+01 -1.669556713243684157e-03 1.931978302826176699e-05
1.250000000000000000e+01 -1.880422184591577783e-03 2.355627050017388170e-05
1.270833333333333393e+01 -1.602154374351774787e-03 1.885054781541554896e-05
1.291666666666666785e+01 -1.468622135370358309e-03 1.703674564913585453e-05
1.312500000000000000e+01 -1.332332701897139459e-03 1.514935314128006670e-05
1.333333333333333393e+01 -1.231097198518284284e-03 1.382430690583914696e-05
1.354166666666666785e+01 -1.346302873458116341e-03 1.615720209665537740e-05
1.375000000000000000e+01 -1.180559634952344471e-03 1.322683349779183435e-05
1.395833333333333393e+01 -1.216560862553183820e-03 1.379659525933049280e-05
1.416666666666666785e+01 -1.028849399748875577e-03 1.048797131236423043e-05
1.437500000000000000e+01 -8.897890790438420976e-04 8.590232121548352492e-06
1.458333333333333393e+01 -7.274808505730909853e-04 6.214048506058644870e-06
1.479166666666666785e+01 -6.290920290533891842e-04 4.831493616375220305e-06
1.500000000000000000e+01 -5.510802054530207147e-04 4.004302888593999884e-06
1.520833333333333393e+01 -4.881727992663684092e-04 3.481691293679925757e-06
1.541666666666666785e+01 -4.935907758796020169e-04 4.022003731358596346e-06
1.562500000000000000e+01 -4.331061834785594907e-04 3.274213010264246647e-06
1.583333333333333393e+01 -3.955117093983673889e-04 3.046557997266983698e-06
1.604166666666666785e+01 -3.344191918962242504e-04 2.323863443937663303e-06
1.625000000000000000e+01 -2.895685914169086406e-04 1.814052869752801537e-06
1.645833333333333570e+01 -2.532995079192691050e-04 1.425758724282768139e-06
1.666666666666666785e+01 -2.243508191862891204e-04 1.151983644792122666e-06
1.687500000000000000e+01 -2.030715001057138475e-04 1.059311150831951278e-06
1.708333333333333570e+01 -1.802525634067770916e-04 8.539667731984759761e-07
1.729166666666666785e+01 -1.651157526299965408e-04 7.593883755365123172e-07
1.750000000000000000e+01 -1.454221889951184152e-04 6.162626856192629154e-07
1.770833333333333570e+01 -1.355066742445970303e-04 5.670709484720013867e-07
1.791666666666666785e+01 -1.222354936549894697e-04 5.011332011310814251e-07
1.812500000000000000e+01 -1.102313277987856287e-04 4.449517910698979090e-07
1.833333333333333570e+01 -1.027462263253235898e-04 4.017596384403585883e-07
1.854166666666666785e+01 -9.469728620294632997e-05 3.929672140529235281e-07
1.875000000000000000e+01 -9.095163225805072795e-05 4.057404394715995527e-07
1.895833333333333570e+01 -8.825383169171202450e-05 4.239709056371768334e-07
1.916666666666666785e+01 -8.456105787042372303e-05 4.376622765048076686e-07
1.937500000000000000e+01 -7.808910535694906689e-05 3.666611640015200166e-07
1.958333333333333570e+01 -7.309209020214646306e-05 3.385047456189989467e-07
1.979166666666666785e+01 -6.738181104911833874e-05 3.062468256247333885e-07
2.000000000000000000e+01 -6.523095843985441560e-05 3.085203805335461209e-07
2.020833333333333570e+01 -5.883343024376445440e-05 2.875501754577663073e-07
2.041666666666666785e+01 -5.485484197864367385e-05 2.672280193325148588e-07
2.062500000000000000e+01 -4.946546268898115839e-05 2.340644348088382300e-07
2.083333333333333570e+01 -4.430868979045258436e-05 2.044792066120479755e-07
2.104166666666666785e+01 -4.335780465162993860e-05 2.110118874438526735e-07
2.125000000000000000e+01 -4.161337526771856826e-05 2.150131866263175297e-07
2.145833333333333570e+01 -3.886248646052201263e-05 2.054667776784787719e-07
2.166666666666666785e+01 -3.792814220302170370e-05 1.973341673492767182e-07
2.187500000000000000e+01 -3.289574319064295408e-05 1.626324628569408026e-07
2.208333333333333570e+01 -3.022900872870004909e-05 1.326020854843956456e-07
2.229166666666666785e+01 -2.824659632711131434e-05 1.099517940521670499e-07
2.250000000000000000e+01 -2.526086423953817194e-05 9.916769875676720836e-08
2.270833333333333570e+01 -2.438008502610079125e-05 8.626828661352935684e-08
2.291666666666666785e+01 -2.268763497779923783e-05 8.708401616578812353e-08
2.312500000000000000e+01 -2.104136099933305793e-05 9.336528564721809084e-08
2.333333333333333570e+01 -2.041576321189860445e-05 8.774818280843397126e-08
2.354166666666666785e+01 -1.827683764579041996e-05 9.223470132468877782e-08
2.375000000000000000e+01 -1.806483388163901755e-05 9.275324910487702559e-08
2.395833333333333570e+01 -1.710774391986914420e-05 7.955597333373852095e-08
2.416666666666666785e+01 -1.461938186902315993e-05 6.426635335197894080e-08
2.437500000000000000e+01 -1.465062871822649000e-05 5.729117216325643065e-08
2.458333333333333570e+01 -1.336097148414161032e-05 5.332957579813217542e-08
2.479166666666666785e+01 -1.222772194555178535e-05 5.462438691238689655e-08
2.500000000000000000e+01 -1.248453580120235725e-05 5.197655488568178968e-08
2.520833333333333570e+01 -1.087921612444679675e-05 5.152396997554220393e-08
2.541666666666666785e+01 -1.082591611065100514e-05 5.052378323457664594e-08
2.562500000000000000e+01 -1.034500568700807311e-05 4.226152846125146711e-08
2.583333333333333570e+01 -8.573629073686167272e-06 3.812561505279081866e-08
2.604166666666666785e+01 -8.998915636821457536e-06 3.235409052815610686e-08
2.625000000000000000e+01 -7.987859206449213586e-06 2.852705369294486425e-08
2.645833333333333570e+01 -7.156826519615719243e-06 2.494331223544345245e-08
2.666666666666666785e+01 -7.921980266068539273e-06 2.349324660457414321e-08
2.687500000000000000e+01 -6.705271503181964337e-06 2.473071606035913143e-08
2.708333333333333570e+01 -6.819870353146013285e-06 2.432936364339146545e-08
2.729166666666666785e+01 -7.141054781807563212e-06 2.636042200242189681e-08
2.750000000000000000e+01 -5.988317613853614559e-06 2.802793142062740877e-08
2.770833333333333570e+01 -6.767538135494835755e-06 2.671293817102242967e-08
2.791666666666666785e+01 -5.986528660716944332e-06 2.394158174243742690e-08
2.812500000000000000e+01 -5.051739520890421843e-06 1.809565597695332694e-08
2.833333333333333570e+01 -5.833568656303296399e-06 1.558420870771476729e-08
2.854166666666666785e+01 -4.844050288245757300e-06 1.693479928604253781e-08
2.875000000000000000e+01 -5.077779550743160073e-06 1.507352666633191225e-08
2.895833333333333570e+01 -5.477644807548189863e-06 1.584334106810161224e-08
2.916666666666666785e+01 -4.250377578199442989e-06 1.588292883801185535e-08
2.937500000000000000e+01 -5.078765619997844925e-06 1.615888900679108698e-08
2.958333333333333570e+01 -4.741535829444536122e-06 1.605256787594010303e-08
2.979166666666666785e+01 -4.307938970024897253e-06 1.944740402795860720e-08
3.000000000000000000e+01 -5.471357486352120892e-06 1.922257939659732744e-08
3.020833333333333570e+01 -4.307938970127224762e-06 1.944740402767212147e-08
3.041666666666666785e+01 -4.741535829474250038e-06 1.605256787590061343e-08
3.062500000000000000e+01 -5.078765620018222844e-06 1.615888900607416954e-08
3.083333333333333570e+01 -4.250377578298733885e-06 1.588292883783928231e-08
3.104166666666666785e+01 -5.477644807598444328e-06 1.584334106840926387e-08
3.125000000000000000e+01 -5.077779550734264533e-06 1.507352666640129947e-08
3.145833333333333570e+01 -4.844050288262128753e-06 1.693479928634456130e-08
3.166666666666666785e+01 -5.833568656361068281e-06 1.558420870802367623e-08
3.187500000000000000e+01 -5.051739520938055588e-06 1.809565597731223399e-08
3.208333333333333570e+01 -5.986528660689321741e-06 2.394158174272625852e-08
3.229166666666667140e+01 -6.767538135566338888e-06 2.671293817135901608e-08
3.250000000000000000e+01 -5.988317613846417320e-06 2.802793142089176246e-08
3.270833333333333570e+01 -7.141054781829874907e-06 2.636042200256800337e-08
3.291666666666667140e+01 -6.819870353155539865e-06 2.432936364344472926e-08
3.312500000000000000e+01 -6.705271503254870157e-06 2.473071606043400782e-08
3.333333333333333570e+01 -7.921980266077212891e-06 2.349324660464229959e-08
3.354166666666667140e+01 -7.156826519556151651e-06 2.494331223550191096e-08
3.375000000000000000e+01 -7.987859206504924637e-06 2.852705369299430980e-08
3.395833333333333570e+01 -8.998915636799748082e-06 3.235409052820802733e-08
3.416666666666667140e+01 -8.573629073758763078e-06 3.812561505286111578e-08
3.437500000000000000e+01 -1.034500568696682430e-05 4.226152846131225496e-08
3.458333333333333570e+01 -1.082591611057955452e-05 5.052378323462789143e-08
3.479166666666667140e+01 -1.087921612450473042e-05 5.152396997559866397e-08
3.500000000000000000e+01 -1.248453580123706019e-05 5.197655488572950808e-08
3.520833333333333570e+01 -1.222772194555649316e-05 5.462438691243186209e-08
3.541666666666667140e+01 -1.336097148412932664e-05 5.332957579818518777e-08
3.562500000000000000e+01 -1.465062871829744595e-05 5.729117216331677513e-08
3.583333333333333570e+01 -1.461938186911473774e-05 6.426635335206959980e-08
3.604166666666667140e+01 -1.710774391986740947e-05 7.955597333389653230e-08
3.625000000000000000e+01 -1.806483388169113040e-05 9.275324910515838611e-08
3.645833333333333570e+01 -1.827683764576644554e-05 9.223470132493151893e-08
3.666666666666667140e+01 -2.041576321187660531e-05 8.774818280863564452e-08
3.687500000000000000e+01 -2.104136099933358987e-05 9.336528564745226898e-08
3.708333333333333570e+01 -2.268763497782046447e-05 8.708401616597298847e-08
3.729166666666667140e+01 -2.438008502609657980e-05 8.626828661365215015e-08
3.750000000000000000e+01 -2.526086423958635795e-05 9.916769875686807145e-08
3.770833333333333570e+01 -2.824659632713129754e-05 1.099517940522448446e-07
3.791666666666667140e+01 -3.022900872870083513e-05 1.326020854844538527e-07
3.812500000000000000e+01 -3.289574319066326932e-05 1.626324628569937421e-07
3.833333333333333570e+01 -3.792814220307892247e-05 1.973341673493166611e-07
3.854166666666667140e+01 -3.886248646043412449e-05 2.054667776785199059e-07
3.875000000000000000e+01 -4.161337526777137568e-05 2.150131866263612048e-07
3.895833333333333570e+01 -4.335780465159260816e-05 2.110118874439010602e-07
3.916666666666667140e+01 -4.430868979038951090e-05 2.044792066121047796e-07
3.937500000000000000e+01 -4.946546268899752985e-05 2.340644348088920166e-07
3.958333333333333570e+01 -5.485484197861694149e-05 2.672280193325588516e-07
3.979166666666667140e+01 -5.883343024380390581e-05 2.875501754578128941e-07
4.000000000000000000e+01 -6.523095843986120542e-05 3.085203805335917018e-07
4.020833333333333570e+01 -6.738181104910397306e-05 3.062468256247806106e-07
4.041666666666667140e+01 -7.309209020211515672e-05 3.385047456190509863e-07
4.062500000000000000e+01 -7.808910535693110980e-05 3.666611640015751797e-07
4.083333333333333570e+01 -8.456105787038887948e-05 4.376622765048696079e-07
4.104166666666667140e+01 -8.825383169176715618e-05 4.239709056372392491e-07
4.125000000000000000e+01 -9.095163225798356163e-05 4.057404394716665213e-07
4.145833333333333570e+01 -9.469728620296327063e-05 3.929672140529916084e-07
4.166666666666667140e+01 -1.027462263253120837e-04 4.017596384404180923e-07
4.187500000000000000e+01 -1.102313277988136689e-04 4.449517910699724479e-07
4.208333333333333570e+01 -1.222354936549411956e-04 5.011332011311625285e-07
4.229166666666667140e+01 -1.355066742445413836e-04 5.670709484720871487e-07
4.250000000000000000e+01 -1.454221889950942646e-04 6.162626856193705944e-07
4.270833333333333570e+01 -1.651157526299683786e-04 7.593883755366076084e-07
4.291666666666667140e+01 -1.802525634067267033e-04 8.539667731985735967e-07
4.312500000000000000e+01 -2.030715001057564837e-04 1.059311150832037463e-06
4.333333333333333570e+01 -2.243508191863675895e-04 1.151983644792188947e-06
4.354166666666667140e+01 -2.532995079192831996e-04 1.425758724282829125e-06
4.375000000000000000e+01 -2.895685914168446185e-04 1.814052869752874382e-06
4.395833333333333570e+01 -3.344191918962795447e-04 2.323863443937755629e-06
4.416666666666667140e+01 -3.955117093983489033e-04 3.046557997267100588e-06
4.437500000000000000e+01 -4.331061834785189957e-04 3.274213010264375396e-06
4.458333333333333570e+01 -4.935907758796062453e-04 4.022003731358742035e-06
4.479166666666667140e+01 -4.881727992663448821e-04 3.481691293680067635e-06
4.500000000000000000e+01 -5.510802054530251600e-04 4.004302888594157432e-06
4.520833333333333570e+01 -6.290920290533630549e-04 4.831493616375393946e-06
4.541666666666667140e+01 -7.274808505731109346e-04 6.214048506058865098e-06
4.562500000000000000e+01 -8.897890790438909951e-04 8.590232121548665894e-06
4.583333333333333570e+01 -1.028849399748894659e-03 1.048797131236467258e-05
4.604166666666667140e+01 -1.216560862553243885e-03 1.379659525933109589e-05
4.625000000000000000e+01 -1.180559634952332978e-03 1.322683349779241880e-05
4.645833333333333570e+01 -1.346302873458207197e-03 1.615720209665603131e-05
4.666666666666667140e+01 -1.231097198518246337e-03 1.382430690583966195e-05
4.687500000000000000e+01 -1.332332701897077009e-03 1.514935314128055798e-05
4.708333333333333570e+01 -1.468622135370389967e-03 1.703674564913637969e-05
4.729166666666667140e+01 -1.602154374351804711e-03 1.885054781541618254e-05
4.750000000000000000e+01 -1.880422184591641534e-03 2.355627050017482699e-05
4.770833333333333570e+01 -1.669556713243700637e-03 1.931978302826306126e-05
4.791666666666667140e+01 -1.881328112148390221e-03 2.265808922304882249e-05
4.812500000000000000e+01 -1.565886641868035126e-03 1.808426558528696947e-05
4.833333333333333570e+01 -1.458178687952294819e-03 1.891954135831667785e-05
4.854166666666667140e+01 -1.524128450959853689e-03 1.514862538093417851e-05
4.875000000000000000e+01 -1.397314920382738751e-03 1.198273490500175373e-05
4.895833333333333570e+01 -1.479194707961637746e-03 1.162935103481791622e-05
4.916666666666667140e+01 -1.355657541569864821e-03 1.009580617212281799e-05
4.937500000000000000e+01 -1.384996450646203397e-03 1.039614489949948496e-05
4.958333333333333570e+01 -1.488373841431878033e-03 8.532846776352177794e-06
4.979166666666667140e+01 -1.482672587642283558e-03 6.968035114072782294e-06
5.000000000000000000e+01 -1.569370627800858878e-03 6.985825368778717840e-06
5.020833333333333570e+01 -1.674993856325614639e-03 5.727433127582371569e-06
5.041666666666667140e+01 -1.840449511866426276e-03 5.072154536789630103e-06
5.062500000000000000e+01 -2.012041776462139379e-03 4.911311422077922822e-06
5.083333333333333570e+01 -2.171829804591345493e-03 4.868902569316821223e-06
5.104166666666667140e+01 -2.450906627307188924e-03 6.054105338567535655e-06
5.125000000000000000e+01 -2.821254639525969977e-03 8.036077838164454296e-06
5.145833333333333570e+01 -3.263781138607080995e-03 1.057522772181679732e-05
5.166666666666667140e+01 -3.791639181507731448e-03 1.502888711498605971e-05
5.187500000000000000e+01 -4.455585119650263409e-03 2.136836052645126570e-05
5.208333333333333570e+01 -5.192374582815555834e-03 2.729700688831554023e-05
5.229166666666667140e+01 -5.236399366824892598e-03 2.231486413210453606e-05
5.250000000000000000e+01 -5.355749901240223002e-03 1.714052481805931652e-05
5.270833333333333570e+01 -5.461414268978234156e-03 1.297905205798482743e-05
5.291666666666667140e+01 -5.854358120550694038e-03 1.158812009638092100e-05
5.312500000000000000e+01 -6.371588814355426920e-03 1.112881303590784401e-05
5.333333333333333570e+01 -7.081848700074978853e-03 1.171732027776321162e-05
5.354166666666667140e+01 -7.995266432389102826e-03 1.325534841620545233e-05
5.375000000000000000e+01 -9.058429077463098222e-03 1.527755470161870670e-05
5.395833333333333570e+01 -1.058770256249175895e-02 1.880413189152429121e-05
5.416666666666667140e+01 -1.172329928718987210e-02 2.038087974187891195e-05
5.437500000000000000e+01 -1.299093721883135856e-02 2.193586064924428789e-05
5.458333333333333570e+01 -1.423387863381177579e-02 2.277399962315172731e-05
5.479166666666667140e+01 -1.553347205545087609e-02 2.385316804804166204e-05
5.500000000000000000e+01 -1.675915975113708573e-02 2.419406990375465546e-05
5.520833333333333570e+01 -1.791531440870974476e-02 2.424872842780714989e-05
5.541666666666667140e+01 -1.928148989655335821e-02 2.314747268280831051e-05
5.562500000000000000e+01 -2.102967090097798003e-02 2.399889422639192544e-05
5.583333333333333570e+01 -2.262436416709856513e-02 2.227995276890073982e-05
5.604166666666667140e+01 -2.494846611709286566e-02 2.221589027495841890e-05
5.625000000000000000e+01 -2.768720170326827504e-02 2.222462645832888240e-05
5.645833333333333570e+01 -3.099576474232627540e-02 2.247392322123060424e-05
5.666666666666667140e+01 -3.450966433395753763e-02 2.275211538341267851e-05
5.687500000000000000e+01 -3.870010592880581551e-02 2.298912773558187031e-05
5.708333333333333570e+01 -4.313234838978176333e-02 2.260807148965686709e-05
5.729166666666667140e+01 -4.877022797516394892e-02 2.330333770708604057e-05
5.750000000000000000e+01 -5.529240691896421256e-02 2.377120399534030706e-05
5.770833333333333570e+01 -6.279486062392701518e-02 2.340343141810897299e-05
5.791666666666667140e+01 -7.206904346606265999e-02 2.441343061612871767e-05
5.812500000000000000e+01 -8.326893409382381261e-02 2.503665633124936102e-05
5.833333333333333570e+01 -9.696599356982467388e-02 2.478733219639350964e-05
5.854166666666667140e+01 -1.141435563082473376e-01 2.870406728236967977e-05
5.875000000000000000e+01 -1.357830807568528309e-01 3.188669032407500905e-05
5.895833333333333570e+01 -1.634849784091376435e-01 3.024190284391720573e-05
5.916666666666667140e+01 -1.998884710537725817e-01 3.316087736185420302e-05
5.937500000000000000e+01 -2.468095299423030686e-01 3.716135467016001359e-05
5.958333333333333570e+01 -3.085216115201829812e-01 4.101241938214204396e-05
5.979166666666667140e+01 -3.903497387976533339e-01 4.598799713092439792e-05
6.000000000000000000e+01 -5.000000000000015543e-01 5.858422465317733412e-05
