0.000000000000000000e+00 -5.000000000000002220e-01 1.841986246763685758e-04
2.083333333333333426e-01 -3.981575779698228734e-01 1.444056337154524662e-04
4.166666666666666852e-01 -3.232097337957942074e-01 1.065543776808263479e-04
6.250000000000000000e-01 -2.676207063238786321e-01 8.049737985443233097e-05
8.333333333333333703e-01 -2.261936535430474349e-01 8.452460241046368160e-05
1.041666666666666741e+00 -1.937638581008861716e-01 9.551371746903540062e-05
1.250000000000000000e+00 -1.671055829286666738e-01 7.874906707723055763e-05
1.458333333333333481e+00 -1.460642677112697629e-01 5.998189596845931011e-05
1.666666666666666741e+00 -1.289749698521284182e-01 4.733882098599278448e-05
1.875000000000000000e+00 -1.157205181943681410e-01 3.974908782134835338e-05
2.083333333333333481e+00 -1.054880486182062094e-01 3.452740062312744903e-05
2.291666666666666963e+00 -9.711649725330487315e-02 3.135689055989796393e-05
2.500000000000000000e+00 -9.010466076528139689e-02 2.975580718868480498e-05
2.708333333333333481e+00 -8.420682807844516449e-02 2.880006258114891038e-05
2.916666666666666963e+00 -7.943553286007690173e-02 2.790314062173370629e-05
3.125000000000000000e+00 -7.525324882857327424e-02 2.719906367456272159e-05
3.333333333333333481e+00 -7.166526276101010950e-02 2.664931995719785359e-05
3.541666666666666963e+00 -6.869547493977190555e-02 2.633017289596069837e-05
3.750000000000000000e+00 -6.617509717576636197e-02 2.634107767615055673e-05
3.958333333333333481e+00 -6.393919598418099093e-02 2.622639946447378694e-05
4.166666666666666963e+00 -6.199967164916226486e-02 2.581687725438848061e-05
4.375000000000000000e+00 -6.009699143636539065e-02 2.518505676028702931e-05
4.583333333333333925e+00 -5.846371405650076236e-02 2.474607421653994007e-05
4.791666666666666963e+00 -5.672668474352107748e-02 2.426687268783737702e-05
5.000000000000000000e+00 -5.526124669775649145e-02 2.405419955281658983e-05
5.208333333333333925e+00 -5.405942073544996174e-02 2.421164964132105298e-05
5.416666666666666963e+00 -5.283103721943026299e-02 2.420632343048541540e-05
5.625000000000000000e+00 -5.176624548992376368e-02 2.382440804453547821e-05
5.833333333333333925e+00 -5.069740495393051938e-02 2.348153897228645966e-05
6.041666666666666963e+00 -4.989022322792541209e-02 2.333050947544946049e-05
6.250000000000000000e+00 -4.923706872834106296e-02 2.331185818436599900e-05
6.458333333333333925e+00 -4.865208342125880436e-02 2.381027015587714493e-05
6.666666666666666963e+00 -4.789210485890714464e-02 2.456183548502850257e-05
6.875000000000000000e+00 -4.744018864634525628e-02 2.441652834559586877e-05
7.083333333333333925e+00 -4.688530304086013095e-02 2.423212200360048106e-05
7.291666666666666963e+00 -4.611285385786223490e-02 2.395320283071374464e-05
7.500000000000000000e+00 -4.543731208524207088e-02 2.386073168185283357e-05
7.708333333333333925e+00 -4.481285809540900417e-02 2.321782704131859283e-05
7.916666666666666963e+00 -4.434361891662440963e-02 2.272234338678799534e-05
8.125000000000000000e+00 -4.356189375369023953e-02 2.206261028356302749e-05
8.333333333333333925e+00 -4.311865291465868250e-02 2.210642525431789245e-05
8.541666666666667851e+00 -4.282137164294537446e-02 2.253742848585140902e-05
8.750000000000000000e+00 -4.233165478439566975e-02 2.250465687593819172e-05
8.958333333333333925e+00 -4.192646606693004041e-02 2.244582331705161912e-05
9.166666666666667851e+00 -4.145602134602710542e-02 2.221747740792264693e-05
9.375000000000000000e+00 -4.092979379237968174e-02 2.189559158791859212e-05
9.583333333333333925e+00 -4.048084322678879854e-02 2.190342780016963471e-05
9.791666666666667851e+00 -3.989746919755087634e-02 2.159956126318005425e-05
1.000000000000000000e+01 -3.945148480417089154e-02 2.147920064188182758e-05
1.020833333333333393e+01 -3.908707174638274828e-02 2.177853567765386674e-05
1.041666666666666785e+01 -3.882175815011489062e-02 2.200884520309315907e-05
1.062500000000000000e+01 -3.852101437492636005e-02 2.205667496332425269e-05
1.083333333333333393e+01 -3.794578401769912318e-02 2.133647405511939881e-05
1.104166666666666785e+01 -3.758080648426187498e-02 2.135279733504432789e-05
1.125000000000000000e+01 -3.761868955234552725e-02 2.174690492369842553e-05
1.145833333333333393e+01 -3.758619753833374044e-02 2.212310724073517378e-05
1.166666666666666785e+01 -3.748618620511402072e-02 2.244178599899436950e-05
1.187500000000000000e+01 -3.695796592471260744e-02 2.228570932955306952e-05
1.208333333333333393e+01 -3.646467388758097006e-02 2.165141177704303920e-05
1.229166666666666785e+01 -3.626107518316405709e-02 2.174457731361583479e-05
1.250000000000000000e+01 -3.581842844133244219e-02 2.162228157879136461e-05
1.270833333333333393e+01 -3.562667467382605452e-02 2.152419414182213815e-05
1.291666666666666785e+01 -3.526790025611387103e-02 2.190032358462304883e-05
1.312500000000000000e+01 -3.489564678549948729e-02 2.129182639128071998e-05
1.333333333333333393e+01 -3.458626112260380914e-02 2.091272750122259965e-05
1.354166666666666785e+01 -3.431956812892875130e-02 2.034106653427202282e-05
1.375000000000000000e+01 -3.416225642840561155e-02 2.035000770381847234e-05
1.395833333333333393e+01 -3.401287424567538131e-02 2.050613874167256267e-05
1.416666666666666785e+01 -3.384908037159695127e-02 2.056349398546164590e-05
1.437500000000000000e+01 -3.353965217544081084e-02 2.024537864539193707e-05
1.458333333333333393e+01 -3.324182205205593321e-02 1.981308247517009368e-05
1.479166666666666785e+01 -3.288877591196596312e-02 1.971595044181633129e-05
1.500000000000000000e+01 -3.256981369179998143e-02 1.941684526045938199e-05
1.520833333333333393e+01 -3.235989996369603716e-02 1.945669660133712107e-05
1.541666666666666785e+01 -3.216595773089562377e-02 1.963064787140150912e-05
1.562500000000000000e+01 -3.220902178234684443e-02 2.020322950313353468e-05
1.583333333333333393e+01 -3.215375350392036397e-02 2.060479961154932461e-05
1.604166666666666785e+01 -3.212644856172865854e-02 2.064052487754781975e-05
1.625000000000000000e+01 -3.205980191008268865e-02 2.039385734749020175e-05
1.645833333333333570e+01 -3.147122056835165160e-02 1.977433333503913381e-05
1.666666666666666785e+01 -3.103450005127268360e-02 1.954932268538484030e-05
1.687500000000000000e+01 -3.058147958289550786e-02 1.893805244036917280e-05
1.708333333333333570e+01 -3.016039496643603199e-02 1.822900680064100105e-05
1.729166666666666785e+01 -2.995608819843685253e-02 1.832437314719405138e-05
1.750000000000000000e+01 -3.000032464954646705e-02 1.887078985018096779e-05
1.770833333333333570e+01 -3.016255793949092559e-02 1.909805947758188920e-05
1.791666666666666785e+01 -2.992035567922034234e-02 1.868443647067136905e-05
1.812500000000000000e+01 -2.959699293629512729e-02 1.821786741152717990e-05
1.833333333333333570e+01 -2.923599340405239402e-02 1.800204790096153939e-05
1.854166666666666785e+01 -2.898765215234891737e-02 1.807161092061658887e-05
1.875000000000000000e+01 -2.876504189884646415e-02 1.811636227390059649e-05
1.895833333333333570e+01 -2.859923709676270159e-02 1.814709132978638588e-05
1.916666666666666785e+01 -2.833870500694559910e-02 1.804994331300627616e-05
1.937500000000000000e+01 -2.808863289166475125e-02 1.795634165492825837e-05
1.958333333333333570e+01 -2.797654264923407283e-02 1.838771748566834621e-05
1.979166666666666785e+01 -2.783488364703761223e-02 1.870323419422344229e-05
2.000000000000000000e+01 -2.759838344279737579e-02 1.821060470293434604e-05
2.020833333333333570e+01 -2.735798348484742848e-02 1.745845386867315885e-05
2.041666666666666785e+01 -2.733619776024615727e-02 1.751287757798967578e-05
2.062500000000000000e+01 -2.729792002532949874e-02 1.788711380499350857e-05
2.083333333333333570e+01 -2.719803771095619105e-02 1.776332088226536524e-05
2.104166666666666785e+01 -2.713551655109357197e-02 1.804878912344769199e-05
2.125000000000000000e+01 -2.713520650429095474e-02 1.839120079209149788e-05
2.145833333333333570e+01 -2.708928839092070856e-02 1.784884437056844880e-05
2.166666666666666785e+01 -2.659651308608818043e-02 2.070252636791763571e-05
2.187500000000000000e+01 -2.667187774207449222e-02 2.087655893629876235e-05
2.208333333333333570e+01 -2.677282782975803910e-02 1.937542187111114116e-05
2.229166666666666785e+01 -2.639036063620642247e-02 2.025271455839262831e-05
2.250000000000000000e+01 -2.621212047795608638e-02 1.957390759000502260e-05
2.270833333333333570e+01 -2.618860816311043005e-02 1.886994952937956049e-05
2.291666666666666785e+01 -2.605284452026394512e-02 1.801825196451344485e-05
2.312500000000000000e+01 -2.617115056859100827e-02 1.805642144007956211e-05
2.333333333333333570e+01 -2.625201223560118258e-02 1.837837001445997526e-05
2.354166666666666785e+01 -2.619571842239490356e-02 1.854919039943422361e-05
2.375000000000000000e+01 -2.599326055424147630e-02 1.809226561618573927e-05
2.395833333333333570e+01 -2.585233553713195409e-02 1.788048052454513370e-05
2.416666666666666785e+01 -2.558625340571291443e-02 1.722165661394747566e-05
2.437500000000000000e+01 -2.542955069934465379e-02 1.688963804506553990e-05
2.458333333333333570e+01 -2.520257021638575706e-02 1.639904719893653503e-05
2.479166666666666785e+01 -2.518250176154745307e-02 1.639142716815615282e-05
2.500000000000000000e+01 -2.527509177170160840e-02 1.682327024760011405e-05
2.520833333333333570e+01 -2.536430329666958944e-02 1.702702185521566048e-05
2.541666666666666785e+01 -2.550001824936922595e-02 1.707615096149463799e-05
2.562500000000000000e+01 -2.566353293133619498e-02 1.741853969030494282e-05
2.583333333333333570e+01 -2.577644745904439025e-02 1.757539192324069450e-05
2.604166666666666785e+01 -2.589814403081927216e-02 1.788418337872787263e-05
2.625000000000000000e+01 -2.600183032110947590e-02 1.847239432536107575e-05
2.645833333333333570e+01 -2.586813132089129524e-02 1.903747004672055168e-05
2.666666666666666785e+01 -2.587390178619533576e-02 2.018103699298562863e-05
2.687500000000000000e+01 -2.572165189071743199e-02 2.117543166595638377e-05
2.708333333333333570e+01 -2.571337310732024414e-02 2.012901758970759360e-05
2.729166666666666785e+01 -2.558030367030850877e-02 1.865156923129759417e-05
2.750000000000000000e+01 -2.548844089699722759e-02 1.857790299977481662e-05
2.770833333333333570e+01 -2.552697703403623841e-02 1.875804216996057664e-05
2.791666666666666785e+01 -2.545947385103234512e-02 1.870126428694382365e-05
2.812500000000000000e+01 -2.524587710862941092e-02 1.856890449979453015e-05
2.833333333333333570e+01 -2.507624735678107980e-02 1.863158891899881477e-05
2.854166666666666785e+01 -2.500993448875843406e-02 1.853810631055774307e-05
2.875000000000000000e+01 -2.488448952472237935e-02 1.844286158028394157e-05
2.895833333333333570e+01 -2.475489877641399300e-02 1.916323952182444202e-05
2.916666666666666785e+01 -2.466691260708445826e-02 1.766447396442714942e-05
2.937500000000000000e+01 -2.468853793846674874e-02 1.651711557859993838e-05
2.958333333333333570e+01 -2.458890932634427706e-02 1.621691046323920978e-05
2.979166666666666785e+01 -2.456951275376925703e-02 1.597576513978340919e-05
3.000000000000000000e+01 -2.458880604102278364e-02 1.589144931169597717e-05
3.020833333333333570e+01 -2.456951275376934724e-02 1.597576513978338209e-05
3.041666666666666785e+01 -2.458890932634426665e-02 1.621691046323918946e-05
3.062500000000000000e+01 -2.468853793846685629e-02 1.651711557859992483e-05
3.083333333333333570e+01 -2.466691260708442704e-02 1.766447396442712571e-05
3.104166666666666785e+01 -2.475489877641401035e-02 1.916323952182441152e-05
3.125000000000000000e+01 -2.488448952472229608e-02 1.844286158028394496e-05
3.145833333333333570e+01 -2.500993448875854508e-02 1.853810631055774984e-05
3.166666666666666785e+01 -2.507624735678109368e-02 1.863158891899882494e-05
3.187500000000000000e+01 -2.524587710862937623e-02 1.856890449979455048e-05
3.208333333333333570e+01 -2.545947385103227226e-02 1.870126428694386092e-05
3.229166666666667140e+01 -2.552697703403630086e-02 1.875804216996058342e-05
3.250000000000000000e+01 -2.548844089699721024e-02 1.857790299977482340e-05
3.270833333333333570e+01 -2.558030367030850877e-02 1.865156923129761111e-05
3.291666666666667140e+01 -2.571337310732024414e-02 2.012901758970755294e-05
3.312500000000000000e+01 -2.572165189071751179e-02 2.117543166595626180e-05
3.333333333333333570e+01 -2.587390178619536352e-02 2.018103699298554054e-05
3.354166666666667140e+01 -2.586813132089121198e-02 1.903747004672051103e-05
3.375000000000000000e+01 -2.600183032110959733e-02 1.847239432536102832e-05
3.395833333333333570e+01 -2.589814403081921318e-02 1.788418337872785908e-05
3.416666666666667140e+01 -2.577644745904443188e-02 1.757539192324067756e-05
3.437500000000000000e+01 -2.566353293133612559e-02 1.741853969030496654e-05
3.458333333333333570e+01 -2.550001824936917044e-02 1.707615096149465831e-05
3.479166666666667140e+01 -2.536430329666948535e-02 1.702702185521566387e-05
3.500000000000000000e+01 -2.527509177170171595e-02 1.682327024760008695e-05
3.520833333333333570e+01 -2.518250176154746001e-02 1.639142716815613588e-05
3.541666666666667140e+01 -2.520257021638576400e-02 1.639904719893650793e-05
3.562500000000000000e+01 -2.542955069934473358e-02 1.688963804506551957e-05
3.583333333333333570e+01 -2.558625340571295606e-02 1.722165661394745533e-05
3.604166666666667140e+01 -2.585233553713196103e-02 1.788048052454513031e-05
3.625000000000000000e+01 -2.599326055424133752e-02 1.809226561618574266e-05
3.645833333333333570e+01 -2.619571842239499376e-02 1.854919039943421006e-05
3.666666666666667140e+01 -2.625201223560122768e-02 1.837837001445996848e-05
3.687500000000000000e+01 -2.617115056859098399e-02 1.805642144007956889e-05
3.708333333333333570e+01 -2.605284452026394859e-02 1.801825196451347874e-05
3.729166666666667140e+01 -2.618860816311041270e-02 1.886994952937959437e-05
3.750000000000000000e+01 -2.621212047795599964e-02 1.957390759000506326e-05
3.770833333333333570e+01 -2.639036063620644676e-02 2.025271455839269268e-05
3.791666666666667140e+01 -2.677282782975803910e-02 1.937542187111117504e-05
3.812500000000000000e+01 -2.667187774207449569e-02 2.087655893629882672e-05
3.833333333333333570e+01 -2.659651308608814921e-02 2.070252636791771364e-05
3.854166666666667140e+01 -2.708928839092051774e-02 1.784884437056844880e-05
3.875000000000000000e+01 -2.713520650429113515e-02 1.839120079209145044e-05
3.895833333333333570e+01 -2.713551655109364136e-02 1.804878912344763100e-05
3.916666666666667140e+01 -2.719803771095618411e-02 1.776332088226534491e-05
3.937500000000000000e+01 -2.729792002532938772e-02 1.788711380499347808e-05
3.958333333333333570e+01 -2.733619776024634462e-02 1.751287757798962496e-05
3.979166666666667140e+01 -2.735798348484732440e-02 1.745845386867311141e-05
4.000000000000000000e+01 -2.759838344279733069e-02 1.821060470293430199e-05
4.020833333333333570e+01 -2.783488364703776488e-02 1.870323419422337453e-05
4.041666666666667140e+01 -2.797654264923389242e-02 1.838771748566830894e-05
4.062500000000000000e+01 -2.808863289166491431e-02 1.795634165492822787e-05
4.083333333333333570e+01 -2.833870500694559216e-02 1.804994331300629649e-05
4.104166666666667140e+01 -2.859923709676269812e-02 1.814709132978643331e-05
4.125000000000000000e+01 -2.876504189884631496e-02 1.811636227390063376e-05
4.145833333333333570e+01 -2.898765215234899023e-02 1.807161092061658887e-05
4.166666666666667140e+01 -2.923599340405249464e-02 1.800204790096152584e-05
4.187500000000000000e+01 -2.959699293629506484e-02 1.821786741152720023e-05
4.208333333333333570e+01 -2.992035567922037703e-02 1.868443647067139955e-05
4.229166666666667140e+01 -3.016255793949080416e-02 1.909805947758192986e-05
4.250000000000000000e+01 -3.000032464954650868e-02 1.887078985018098134e-05
4.270833333333333570e+01 -2.995608819843684212e-02 1.832437314719405477e-05
4.291666666666667140e+01 -3.016039496643602505e-02 1.822900680064099089e-05
4.312500000000000000e+01 -3.058147958289555296e-02 1.893805244036917280e-05
4.333333333333333570e+01 -3.103450005127274605e-02 1.954932268538482675e-05
4.354166666666667140e+01 -3.147122056835152670e-02 1.977433333503914736e-05
4.375000000000000000e+01 -3.205980191008260538e-02 2.039385734749021530e-05
4.395833333333333570e+01 -3.212644856172874874e-02 2.064052487754781636e-05
4.416666666666667140e+01 -3.215375350392044029e-02 2.060479961154932461e-05
4.437500000000000000e+01 -3.220902178234671953e-02 2.020322950313356179e-05
4.458333333333333570e+01 -3.216595773089568622e-02 1.963064787140152606e-05
4.479166666666667140e+01 -3.235989996369582899e-02 1.945669660133714818e-05
4.500000000000000000e+01 -3.256981369179998836e-02 1.941684526045936844e-05
4.520833333333333570e+01 -3.288877591196599781e-02 1.971595044181629063e-05
4.541666666666667140e+01 -3.324182205205593321e-02 1.981308247517005641e-05
4.562500000000000000e+01 -3.353965217544086636e-02 2.024537864539190996e-05
4.583333333333333570e+01 -3.384908037159685412e-02 2.056349398546163573e-05
4.604166666666667140e+01 -3.401287424567539519e-02 2.050613874167255929e-05
4.625000000000000000e+01 -3.416225642840550747e-02 2.035000770381847234e-05
4.645833333333333570e+01 -3.431956812892891784e-02 2.034106653427199233e-05
4.666666666666667140e+01 -3.458626112260368424e-02 2.091272750122258949e-05
4.687500000000000000e+01 -3.489564678549948729e-02 2.129182639128068610e-05
4.708333333333333570e+01 -3.526790025611390572e-02 2.190032358462301834e-05
4.729166666666667140e+01 -3.562667467382596431e-02 2.152419414182212121e-05
4.750000000000000000e+01 -3.581842844133251852e-02 2.162228157879133412e-05
4.770833333333333570e+01 -3.626107518316407097e-02 2.174457731361581784e-05
4.791666666666667140e+01 -3.646467388758084516e-02 2.165141177704304597e-05
4.812500000000000000e+01 -3.695796592471257969e-02 2.228570932955305597e-05
4.833333333333333570e+01 -3.748618620511416644e-02 2.244178599899435594e-05
4.854166666666667140e+01 -3.758619753833353228e-02 2.212310724073519072e-05
4.875000000000000000e+01 -3.761868955234544398e-02 2.174690492369843231e-05
4.895833333333333570e+01 -3.758080648426204151e-02 2.135279733504429739e-05
4.916666666666667140e+01 -3.794578401769915788e-02 2.133647405511937171e-05
4.937500000000000000e+01 -3.852101437492628372e-02 2.205667496332425269e-05
4.958333333333333570e+01 -3.882175815011498776e-02 2.200884520309315229e-05
4.979166666666667140e+01 -3.908707174638258175e-02 2.177853567765388707e-05
5.000000000000000000e+01 -3.945148480417100256e-02 2.147920064188183436e-05
5.020833333333333570e+01 -3.989746919755095267e-02 2.159956126318007797e-05
5.041666666666667140e+01 -4.048084322678875691e-02 2.190342780016966859e-05
5.062500000000000000e+01 -4.092979379237968174e-02 2.189559158791861584e-05
5.083333333333333570e+01 -4.145602134602714012e-02 2.221747740792265709e-05
5.104166666666667140e+01 -4.192646606692996408e-02 2.244582331705164622e-05
5.125000000000000000e+01 -4.233165478439564200e-02 2.250465687593817816e-05
5.145833333333333570e+01 -4.282137164294552711e-02 2.253742848585139547e-05
5.166666666666667140e+01 -4.311865291465856453e-02 2.210642525431786535e-05
5.187500000000000000e+01 -4.356189375369023259e-02 2.206261028356300716e-05
5.208333333333333570e+01 -4.434361891662437494e-02 2.272234338678800212e-05
5.229166666666667140e+01 -4.481285809540888621e-02 2.321782704131862671e-05
5.250000000000000000e+01 -4.543731208524205006e-02 2.386073168185288778e-05
5.270833333333333570e+01 -4.611285385786231122e-02 2.395320283071375141e-05
5.291666666666667140e+01 -4.688530304086011014e-02 2.423212200360050817e-05
5.312500000000000000e+01 -4.744018864634517996e-02 2.441652834559588910e-05
5.333333333333333570e+01 -4.789210485890710300e-02 2.456183548502851612e-05
5.354166666666667140e+01 -4.865208342125884600e-02 2.381027015587715171e-05
5.375000000000000000e+01 -4.923706872834109072e-02 2.331185818436597867e-05
5.395833333333333570e+01 -4.989022322792546066e-02 2.333050947544945371e-05
5.416666666666667140e+01 -5.069740495393053326e-02 2.348153897228645966e-05
5.437500000000000000e+01 -5.176624548992382613e-02 2.382440804453547821e-05
5.458333333333333570e+01 -5.283103721943020054e-02 2.420632343048545606e-05
5.479166666666667140e+01 -5.405942073544962173e-02 2.421164964132112074e-05
5.500000000000000000e+01 -5.526124669775671350e-02 2.405419955281656950e-05
5.520833333333333570e+01 -5.672668474352120238e-02 2.426687268783739396e-05
5.541666666666667140e+01 -5.846371405650071379e-02 2.474607421653994007e-05
5.562500000000000000e+01 -6.009699143636544616e-02 2.518505676028701237e-05
5.583333333333333570e+01 -6.199967164916235507e-02 2.581687725438846706e-05
5.604166666666667140e+01 -6.393919598418101868e-02 2.622639946447380388e-05
5.625000000000000000e+01 -6.617509717576611217e-02 2.634107767615058383e-05
5.645833333333333570e+01 -6.869547493977212760e-02 2.633017289596067465e-05
5.666666666666667140e+01 -7.166526276100992909e-02 2.664931995719787053e-05
5.687500000000000000e+01 -7.525324882857326037e-02 2.719906367456270804e-05
5.708333333333333570e+01 -7.943553286007691561e-02 2.790314062173373001e-05
5.729166666666667140e+01 -8.420682807844506734e-02 2.880006258114890021e-05
5.750000000000000000e+01 -9.010466076528143853e-02 2.975580718868479820e-05
5.770833333333333570e+01 -9.711649725330481764e-02 3.135689055989795038e-05
5.791666666666667140e+01 -1.054880486182062649e-01 3.452740062312743548e-05
5.812500000000000000e+01 -1.157205181943679329e-01 3.974908782134832627e-05
5.833333333333333570e+01 -1.289749698521284460e-01 4.733882098599267606e-05
5.854166666666667140e+01 -1.460642677112699017e-01 5.998189596845910683e-05
5.875000000000000000e+01 -1.671055829286667016e-01 7.874906707723024592e-05
5.895833333333333570e+01 -1.937638581008863103e-01 9.551371746903506181e-05
5.916666666666667140e+01 -2.261936535430471573e-01 8.452460241046332924e-05
5.937500000000000000e+01 -2.676207063238787431e-01 8.049737985443210057e-05
5.958333333333333570e+01 -3.232097337957942074e-01 1.065543776808263344e-04
5.979166666666667140e+01 -3.981575779698225959e-01 1.444056337154525475e-04
6.000000000000000000e+01 -4.999999999999997780e-01 1.841986246763685758e-04
