0.000000000000000000e+00 -4.999999999999983347e-01 3.418934427905470137e-05
2.083333333333333426e-01 -3.889183110593071868e-01 2.691324627914482817e-05
4.166666666666666852e-01 -3.060615014110321108e-01 2.661108256888727414e-05
6.250000000000000000e-01 -2.436352305354731740e-01 2.272587981893117701e-05
8.333333333333333703e-01 -1.963787479173697559e-01 1.870758087628219318e-05
1.041666666666666741e+00 -1.597794572533311197e-01 1.871216391974955920e-05
1.250000000000000000e+00 -1.318850446843645441e-01 2.012427186703796177e-05
1.458333333333333481e+00 -1.101538099199373122e-01 2.301194949383091108e-05
1.666666666666666741e+00 -9.275932526249655585e-02 2.575875692532083585e-05
1.875000000000000000e+00 -7.874537947068460664e-02 2.586424465448287913e-05
2.083333333333333481e+00 -6.764004937516782112e-02 2.652054369042994747e-05
2.291666666666666963e+00 -5.842272828220323316e-02 2.520413283077840771e-05
2.500000000000000000e+00 -5.085503830529651548e-02 2.447356316963263313e-05
2.708333333333333481e+00 -4.432196207751565309e-02 2.341983109803341857e-05
2.916666666666666963e+00 -3.894658603542639624e-02 2.297440442902886484e-05
3.125000000000000000e+00 -3.449396684395974327e-02 2.265798550134714076e-05
3.333333333333333481e+00 -3.081791133185918241e-02 2.247512245751260635e-05
3.541666666666666963e+00 -2.766280004134388446e-02 2.231325772926482460e-05
3.750000000000000000e+00 -2.473538850190390784e-02 2.208783420987028357e-05
3.958333333333333481e+00 -2.200685194495776917e-02 2.115755237771761989e-05
4.166666666666666963e+00 -2.031410186511945284e-02 2.257787185278140762e-05
4.375000000000000000e+00 -1.940935405024793795e-02 2.535937227818192685e-05
4.583333333333333925e+00 -1.836268255124978363e-02 2.710106640798107361e-05
4.791666666666666963e+00 -1.730602905002247283e-02 2.850131560089737891e-05
5.000000000000000000e+00 -1.646684722032195486e-02 2.961571821292053978e-05
5.208333333333333925e+00 -1.567478126909827713e-02 3.006911589746004158e-05
5.416666666666666963e+00 -1.439148791680073571e-02 2.901602496816317204e-05
5.625000000000000000e+00 -1.316768189083733324e-02 2.835796068634773679e-05
5.833333333333333925e+00 -1.180350338362338818e-02 2.698172289572271825e-05
6.041666666666666963e+00 -1.056671013828652458e-02 2.568617702368472365e-05
6.250000000000000000e+00 -8.852878162408771984e-03 2.069083950074005596e-05
6.458333333333333925e+00 -7.805590630526801181e-03 1.901839172932991918e-05
6.666666666666666963e+00 -6.772181100158946622e-03 1.600854394591248549e-05
6.875000000000000000e+00 -6.054575875420394569e-03 1.498371796968602179e-05
7.083333333333333925e+00 -5.552301165451268943e-03 1.479598991083143856e-05
7.291666666666666963e+00 -4.954929346519000403e-03 1.389575974426358616e-05
7.500000000000000000e+00 -4.552341042046834443e-03 1.375438133193883365e-05
7.708333333333333925e+00 -4.013588787908309134e-03 1.233740104336484536e-05
7.916666666666666963e+00 -3.651538627295200339e-03 1.133918941955156461e-05
8.125000000000000000e+00 -3.087354141991611664e-03 8.720152873294866993e-06
8.333333333333333925e+00 -2.632969772750222079e-03 6.675287003267382713e-06
8.541666666666667851e+00 -2.339633342149999989e-03 5.716641506988474783e-06
8.750000000000000000e+00 -2.038927408285778290e-03 4.965852575519646862e-06
8.958333333333333925e+00 -1.808792326541847203e-03 4.226323055672023208e-06
9.166666666666667851e+00 -1.608487212531092359e-03 3.448230222366091047e-06
9.375000000000000000e+00 -1.456210253116765711e-03 3.043780938551023384e-06
9.583333333333333925e+00 -1.298457841646871377e-03 2.517876633223451004e-06
9.791666666666667851e+00 -1.158097492565878135e-03 2.287179132101127262e-06
1.000000000000000000e+01 -1.032383417202382449e-03 1.989896540308884904e-06
1.020833333333333393e+01 -9.176962304511191966e-04 1.700859943539940044e-06
1.041666666666666785e+01 -8.240331447050764290e-04 1.523069198964418738e-06
1.062500000000000000e+01 -7.527979309470713126e-04 1.439029807440492632e-06
1.083333333333333393e+01 -7.076838784794485483e-04 1.538687352531796771e-06
1.104166666666666785e+01 -6.658072415795413413e-04 1.647029541285760304e-06
1.125000000000000000e+01 -6.162950304581963972e-04 1.513596385435461031e-06
1.145833333333333393e+01 -5.782368750710263671e-04 1.545740193978228274e-06
1.166666666666666785e+01 -5.271823008129738770e-04 1.233358621016789306e-06
1.187500000000000000e+01 -4.801100448888424898e-04 9.797046746299785631e-07
1.208333333333333393e+01 -4.341305695562368825e-04 7.666312556877033793e-07
1.229166666666666785e+01 -4.000845080876089732e-04 6.766671833621092144e-07
1.250000000000000000e+01 -3.699833288423147589e-04 6.269481683782964658e-07
1.270833333333333393e+01 -3.441575463227494551e-04 6.199766681102148222e-07
1.291666666666666785e+01 -3.185813465169864012e-04 6.055184104369505629e-07
1.312500000000000000e+01 -2.931461050928335665e-04 5.424102442187956871e-07
1.333333333333333393e+01 -2.740502270612455858e-04 5.192681574501173863e-07
1.354166666666666785e+01 -2.580430249179710704e-04 5.223421864061441383e-07
1.375000000000000000e+01 -2.423737108465578505e-04 5.439944854083280145e-07
1.395833333333333393e+01 -2.327503259363471319e-04 5.987627253559845298e-07
1.416666666666666785e+01 -2.120645682045925972e-04 5.100613263343674158e-07
1.437500000000000000e+01 -1.960612066131719707e-04 4.377254825620402007e-07
1.458333333333333393e+01 -1.757177930208997190e-04 3.645752902138077525e-07
1.479166666666666785e+01 -1.579224358540598581e-04 3.206244558995802598e-07
1.500000000000000000e+01 -1.433956743088277066e-04 2.821961878035565572e-07
1.520833333333333393e+01 -1.274595216407045498e-04 2.459199216109691521e-07
1.541666666666666785e+01 -1.174562855124222253e-04 2.216967548135490045e-07
1.562500000000000000e+01 -1.095659000657452683e-04 2.100903023128532148e-07
1.583333333333333393e+01 -9.827263169418636328e-05 1.843703081602738618e-07
1.604166666666666785e+01 -9.293457626871273617e-05 1.785788086134784538e-07
1.625000000000000000e+01 -8.545667535994233056e-05 1.700245865036518479e-07
1.645833333333333570e+01 -7.739602706571012197e-05 1.514000411918248870e-07
1.666666666666666785e+01 -7.273707534196207150e-05 1.433147065881095887e-07
1.687500000000000000e+01 -6.427662826350852494e-05 1.247785041199383128e-07
1.708333333333333570e+01 -5.854280258980202120e-05 1.101243090861564690e-07
1.729166666666666785e+01 -5.330637717072345344e-05 9.741949450249140265e-08
1.750000000000000000e+01 -4.704757919299294949e-05 8.858232956992850848e-08
1.770833333333333570e+01 -4.408464126854937023e-05 8.077793729092132085e-08
1.791666666666666785e+01 -3.911783691665273859e-05 6.871465496932416854e-08
1.812500000000000000e+01 -3.457417478164925498e-05 5.843139312647733026e-08
1.833333333333333570e+01 -3.279823410723002770e-05 5.368263141536741102e-08
1.854166666666666785e+01 -2.882751668976065888e-05 5.136888882378819164e-08
1.875000000000000000e+01 -2.690892215509539114e-05 4.852035501420678504e-08
1.895833333333333570e+01 -2.534606774806564568e-05 4.486165324808972343e-08
1.916666666666666785e+01 -2.223943672973487031e-05 4.156691687494037067e-08
1.937500000000000000e+01 -2.161542319132269893e-05 3.735258047677727221e-08
1.958333333333333570e+01 -1.964368464123992223e-05 3.575347980027751580e-08
1.979166666666666785e+01 -1.749425058858555246e-05 3.340303615068817011e-08
2.000000000000000000e+01 -1.732919889823103168e-05 3.457600133128039086e-08
2.020833333333333570e+01 -1.480397456842845565e-05 3.580069257936395671e-08
2.041666666666666785e+01 -1.417360187364704808e-05 3.322856787003379299e-08
2.062500000000000000e+01 -1.356193953824843791e-05 3.281585351469368447e-08
2.083333333333333570e+01 -1.137127600260592571e-05 2.733831498375306849e-08
2.104166666666666785e+01 -1.171676768260545541e-05 2.121871590542414427e-08
2.125000000000000000e+01 -1.051562311323362868e-05 1.834553472545740967e-08
2.145833333333333570e+01 -9.399254442625986638e-06 1.709362230705667891e-08
2.166666666666666785e+01 -9.844107560729892326e-06 1.582354995712716476e-08
2.187500000000000000e+01 -8.031915324072756978e-06 1.517460352814890287e-08
2.208333333333333570e+01 -7.939074484682241117e-06 1.522071846454447043e-08
2.229166666666666785e+01 -7.922006441498943583e-06 1.574975923016078663e-08
2.250000000000000000e+01 -6.289961913923005167e-06 1.553516815711846123e-08
2.270833333333333570e+01 -6.943110137791319666e-06 1.612552342109477509e-08
2.291666666666666785e+01 -5.955059053476509788e-06 1.464868081256787303e-08
2.312500000000000000e+01 -5.005986940297625850e-06 1.324807560998446359e-08
2.333333333333333570e+01 -5.649133915420801881e-06 1.356158260673806957e-08
2.354166666666666785e+01 -4.060771849995563558e-06 1.237440354260639590e-08
2.375000000000000000e+01 -4.157030138391331788e-06 1.258814663374416344e-08
2.395833333333333570e+01 -4.249254253088447272e-06 1.072635324180400713e-08
2.416666666666666785e+01 -2.851726651715753806e-06 8.437682214675106003e-09
2.437500000000000000e+01 -3.693805928980890847e-06 8.147632136704547944e-09
2.458333333333333570e+01 -3.034075763639398230e-06 7.058977739233867200e-09
2.479166666666666785e+01 -2.404013955388438819e-06 7.215062009576340591e-09
2.500000000000000000e+01 -3.365214995531106873e-06 7.347185703708865295e-09
2.520833333333333570e+01 -2.202117188351236338e-06 7.770622767123145164e-09
2.541666666666666785e+01 -2.428022433568312776e-06 6.436127027550058931e-09
2.562500000000000000e+01 -2.661308322468949786e-06 5.224544780984814382e-09
2.583333333333333570e+01 -1.431185528890990116e-06 4.554858546730661768e-09
2.604166666666666785e+01 -2.432260638079400162e-06 4.753859893935901634e-09
2.625000000000000000e+01 -1.932943972440487631e-06 5.311222212578157266e-09
2.645833333333333570e+01 -1.440069061107045151e-06 5.432256554927473707e-09
2.666666666666666785e+01 -2.409919909999054725e-06 5.499891890027953805e-09
2.687500000000000000e+01 -1.229812145743354392e-06 4.717389165172194896e-09
2.708333333333333570e+01 -1.525132138935822884e-06 3.822527318854494734e-09
2.729166666666666785e+01 -1.840113644861351101e-06 3.233732530695239576e-09
2.750000000000000000e+01 -6.868773687589415225e-07 2.869031579898845711e-09
2.770833333333333570e+01 -1.654253155835260238e-06 2.686754339156997852e-09
2.791666666666666785e+01 -1.164158848691260008e-06 2.530473600553443966e-09
2.812500000000000000e+01 -7.094693131032677247e-07 2.740491137974257040e-09
2.833333333333333570e+01 -1.725467650004622686e-06 2.765500553238925967e-09
2.854166666666666785e+01 -6.647336093750374027e-07 2.880777529522592308e-09
2.875000000000000000e+01 -1.065116114082564096e-06 2.676103771130248768e-09
2.895833333333333570e+01 -1.456254634369042840e-06 2.445714663046590467e-09
2.916666666666666785e+01 -3.845174255924995279e-07 2.430867404159923045e-09
2.937500000000000000e+01 -1.378174272531223116e-06 2.189911300188353927e-09
2.958333333333333570e+01 -9.203000387299796984e-07 2.098899964194421632e-09
2.979166666666666785e+01 -4.780294110040876558e-07 2.068044156665172296e-09
3.000000000000000000e+01 -1.503394122286523229e-06 1.965639121932674058e-09
3.020833333333333570e+01 -4.780294110382062488e-07 2.068044156660084722e-09
3.041666666666666785e+01 -9.203000387888784520e-07 2.098899964188277335e-09
3.062500000000000000e+01 -1.378174272494742254e-06 2.189911300186998178e-09
3.083333333333333570e+01 -3.845174255830731100e-07 2.430867404160457817e-09
3.104166666666666785e+01 -1.456254634288316365e-06 2.445714663048744859e-09
3.125000000000000000e+01 -1.065116114083352472e-06 2.676103771145931699e-09
3.145833333333333570e+01 -6.647336094490148251e-07 2.880777529543440154e-09
3.166666666666666785e+01 -1.725467650011673388e-06 2.765500553252225377e-09
3.187500000000000000e+01 -7.094693130811636587e-07 2.740491137976116129e-09
3.208333333333333570e+01 -1.164158848745150997e-06 2.530473600543044237e-09
3.229166666666667140e+01 -1.654253155804222621e-06 2.686754339141136250e-09
3.250000000000000000e+01 -6.868773687535461344e-07 2.869031579879505401e-09
3.270833333333333570e+01 -1.840113644832674165e-06 3.233732530666010322e-09
3.291666666666667140e+01 -1.525132138870060516e-06 3.822527318799459927e-09
3.312500000000000000e+01 -1.229812145815325087e-06 4.717389165087809239e-09
3.333333333333333570e+01 -2.409919909944954731e-06 5.499891889906247413e-09
3.354166666666667140e+01 -1.440069061136461546e-06 5.432256554792701170e-09
3.375000000000000000e+01 -1.932943972445644791e-06 5.311222212417048953e-09
3.395833333333333570e+01 -2.432260638126115723e-06 4.753859893800146407e-09
3.416666666666667140e+01 -1.431185528910979246e-06 4.554858546627040026e-09
3.437500000000000000e+01 -2.661308322424828263e-06 5.224544780856081917e-09
3.458333333333333570e+01 -2.428022433540936248e-06 6.436127027379922768e-09
3.479166666666667140e+01 -2.202117188403872660e-06 7.770622766931872883e-09
3.500000000000000000e+01 -3.365214995524672811e-06 7.347185703562034946e-09
3.520833333333333570e+01 -2.404013955373907545e-06 7.215062009483284426e-09
3.541666666666667140e+01 -3.034075763659094710e-06 7.058977739176565091e-09
3.562500000000000000e+01 -3.693805928971975825e-06 8.147632136663710037e-09
3.583333333333333570e+01 -2.851726651687885999e-06 8.437682214642797983e-09
3.604166666666667140e+01 -4.249254253108585480e-06 1.072635324177367607e-08
3.625000000000000000e+01 -4.157030138395214587e-06 1.258814663371480349e-08
3.645833333333333570e+01 -4.060771849978801623e-06 1.237440354258456826e-08
3.666666666666667140e+01 -5.649133915491139497e-06 1.356158260671654137e-08
3.687500000000000000e+01 -5.005986940238447046e-06 1.324807560995941987e-08
3.708333333333333570e+01 -5.955059053435399891e-06 1.464868081253850151e-08
3.729166666666667140e+01 -6.943110137784138521e-06 1.612552342105484212e-08
3.750000000000000000e+01 -6.289961913982931901e-06 1.553516815705669399e-08
3.770833333333333570e+01 -7.922006441521261207e-06 1.574975923007188457e-08
3.791666666666667140e+01 -7.939074484735756659e-06 1.522071846447608575e-08
3.812500000000000000e+01 -8.031915324060524128e-06 1.517460352810705415e-08
3.833333333333333570e+01 -9.844107560728037324e-06 1.582354995710252471e-08
3.854166666666667140e+01 -9.399254442589257595e-06 1.709362230703692584e-08
3.875000000000000000e+01 -1.051562311316731785e-05 1.834553472544589200e-08
3.895833333333333570e+01 -1.171676768267250823e-05 2.121871590544783472e-08
3.916666666666667140e+01 -1.137127600261650516e-05 2.733831498386129019e-08
3.937500000000000000e+01 -1.356193953822841405e-05 3.281585351485127231e-08
3.958333333333333570e+01 -1.417360187366611649e-05 3.322856787020265034e-08
3.979166666666667140e+01 -1.480397456842887070e-05 3.580069257955978676e-08
4.000000000000000000e+01 -1.732919889822709129e-05 3.457600133142917749e-08
4.020833333333333570e+01 -1.749425058856007709e-05 3.340303615077158962e-08
4.041666666666667140e+01 -1.964368464123732692e-05 3.575347980030524290e-08
4.062500000000000000e+01 -2.161542319129562098e-05 3.735258047676574462e-08
4.083333333333333570e+01 -2.223943672977668324e-05 4.156691687492292708e-08
4.104166666666667140e+01 -2.534606774800872507e-05 4.486165324807899656e-08
4.125000000000000000e+01 -2.690892215511466622e-05 4.852035501420292045e-08
4.145833333333333570e+01 -2.882751668979974437e-05 5.136888882378746372e-08
4.166666666666667140e+01 -3.279823410729789876e-05 5.368263141537037564e-08
4.187500000000000000e+01 -3.457417478163678665e-05 5.843139312648005664e-08
4.208333333333333570e+01 -3.911783691666679934e-05 6.871465496932172008e-08
4.229166666666667140e+01 -4.408464126858420700e-05 8.077793729091343285e-08
4.250000000000000000e+01 -4.704757919300419131e-05 8.858232956992153369e-08
4.270833333333333570e+01 -5.330637717070061744e-05 9.741949450249039680e-08
4.291666666666667140e+01 -5.854280258979994766e-05 1.101243090861576204e-07
4.312500000000000000e+01 -6.427662826363156833e-05 1.247785041199376246e-07
4.333333333333333570e+01 -7.273707534200687616e-05 1.433147065881175561e-07
4.354166666666667140e+01 -7.739602706568216310e-05 1.514000411918301280e-07
4.375000000000000000e+01 -8.545667535988721243e-05 1.700245865036573536e-07
4.395833333333333570e+01 -9.293457626878929439e-05 1.785788086134846213e-07
4.416666666666667140e+01 -9.827263169423252319e-05 1.843703081602753441e-07
4.437500000000000000e+01 -1.095659000657488191e-04 2.100903023128613674e-07
4.458333333333333570e+01 -1.174562855124529353e-04 2.216967548135504603e-07
4.479166666666667140e+01 -1.274595216407033030e-04 2.459199216109750813e-07
4.500000000000000000e+01 -1.433956743088286010e-04 2.821961878035680451e-07
4.520833333333333570e+01 -1.579224358540667157e-04 3.206244558996010121e-07
4.541666666666667140e+01 -1.757177930209270138e-04 3.645752902138175463e-07
4.562500000000000000e+01 -1.960612066132164501e-04 4.377254825620442241e-07
4.583333333333333570e+01 -2.120645682046044150e-04 5.100613263343732391e-07
4.604166666666667140e+01 -2.327503259363807150e-04 5.987627253559888709e-07
4.625000000000000000e+01 -2.423737108465557906e-04 5.439944854083435788e-07
4.645833333333333570e+01 -2.580430249179835930e-04 5.223421864061631966e-07
4.666666666666667140e+01 -2.740502270612156076e-04 5.192681574501434326e-07
4.687500000000000000e+01 -2.931461050928737904e-04 5.424102442188239568e-07
4.708333333333333570e+01 -3.185813465169949664e-04 6.055184104369741739e-07
4.729166666666667140e+01 -3.441575463227282590e-04 6.199766681102345157e-07
4.750000000000000000e+01 -3.699833288423398582e-04 6.269481683783187004e-07
4.770833333333333570e+01 -4.000845080876285430e-04 6.766671833621317666e-07
4.791666666666667140e+01 -4.341305695562187763e-04 7.666312556877328137e-07
4.812500000000000000e+01 -4.801100448889427242e-04 9.797046746300154091e-07
4.833333333333333570e+01 -5.271823008129897063e-04 1.233358621016840128e-06
4.854166666666667140e+01 -5.782368750710192113e-04 1.545740193978290743e-06
4.875000000000000000e+01 -6.162950304581360072e-04 1.513596385435519265e-06
4.895833333333333570e+01 -6.658072415796480268e-04 1.647029541285823831e-06
4.916666666666667140e+01 -7.076838784794498493e-04 1.538687352531846110e-06
4.937500000000000000e+01 -7.527979309470541822e-04 1.439029807440543031e-06
4.958333333333333570e+01 -8.240331447050820669e-04 1.523069198964473796e-06
4.979166666666667140e+01 -9.176962304511511806e-04 1.700859943539990654e-06
5.000000000000000000e+01 -1.032383417202442297e-03 1.989896540308950549e-06
5.020833333333333570e+01 -1.158097492565837152e-03 2.287179132101208153e-06
5.041666666666667140e+01 -1.298457841646885472e-03 2.517876633223539942e-06
5.062500000000000000e+01 -1.456210253116798454e-03 3.043780938551122063e-06
5.083333333333333570e+01 -1.608487212531163049e-03 3.448230222366189726e-06
5.104166666666667140e+01 -1.808792326541811208e-03 4.226323055672137558e-06
5.125000000000000000e+01 -2.038927408285847679e-03 4.965852575519792552e-06
5.145833333333333570e+01 -2.339633342150106241e-03 5.716641506988633178e-06
5.166666666666667140e+01 -2.632969772750237258e-03 6.675287003267560590e-06
5.187500000000000000e+01 -3.087354141991614266e-03 8.720152873295088916e-06
5.208333333333333570e+01 -3.651538627295274932e-03 1.133918941955179670e-05
5.229166666666667140e+01 -4.013588787908376788e-03 1.233740104336501477e-05
5.250000000000000000e+01 -4.552341042046902965e-03 1.375438133193905388e-05
5.270833333333333570e+01 -4.954929346519122701e-03 1.389575974426374879e-05
5.291666666666667140e+01 -5.552301165451354811e-03 1.479598991083166726e-05
5.312500000000000000e+01 -6.054575875420527276e-03 1.498371796968629793e-05
5.333333333333333570e+01 -6.772181100158993459e-03 1.600854394591290562e-05
5.354166666666667140e+01 -7.805590630526929551e-03 1.901839172933038336e-05
5.375000000000000000e+01 -8.852878162408947191e-03 2.069083950074047270e-05
5.395833333333333570e+01 -1.056671013828679867e-02 2.568617702368520815e-05
5.416666666666667140e+01 -1.180350338362360328e-02 2.698172289572338571e-05
5.437500000000000000e+01 -1.316768189083758825e-02 2.835796068634840425e-05
5.458333333333333570e+01 -1.439148791680096989e-02 2.901602496816390049e-05
5.479166666666667140e+01 -1.567478126909847835e-02 3.006911589746075986e-05
5.500000000000000000e+01 -1.646684722032227405e-02 2.961571821292098363e-05
5.520833333333333570e+01 -1.730602905002263589e-02 2.850131560089768723e-05
5.541666666666667140e+01 -1.836268255124991200e-02 2.710106640798107700e-05
5.562500000000000000e+01 -1.940935405024808366e-02 2.535937227818158127e-05
5.583333333333333570e+01 -2.031410186511962979e-02 2.257787185278097733e-05
5.604166666666667140e+01 -2.200685194495785590e-02 2.115755237771745049e-05
5.625000000000000000e+01 -2.473538850190386967e-02 2.208783420986999219e-05
5.645833333333333570e+01 -2.766280004134402670e-02 2.231325772926476023e-05
5.666666666666667140e+01 -3.081791133185915812e-02 2.247512245751255892e-05
5.687500000000000000e+01 -3.449396684395972940e-02 2.265798550134707638e-05
5.708333333333333570e+01 -3.894658603542643788e-02 2.297440442902876659e-05
5.729166666666667140e+01 -4.432196207751561839e-02 2.341983109803334403e-05
5.750000000000000000e+01 -5.085503830529652936e-02 2.447356316963250099e-05
5.770833333333333570e+01 -5.842272828220320541e-02 2.520413283077821458e-05
5.791666666666667140e+01 -6.764004937516793214e-02 2.652054369042966965e-05
5.812500000000000000e+01 -7.874537947068464827e-02 2.586424465448256064e-05
5.833333333333333570e+01 -9.275932526249655585e-02 2.575875692532048349e-05
5.854166666666667140e+01 -1.101538099199374232e-01 2.301194949383061631e-05
5.875000000000000000e+01 -1.318850446843645441e-01 2.012427186703787368e-05
5.895833333333333570e+01 -1.597794572533312030e-01 1.871216391974954565e-05
5.916666666666667140e+01 -1.963787479173694783e-01 1.870758087628242357e-05
5.937500000000000000e+01 -2.436352305354732017e-01 2.272587981893128882e-05
5.958333333333333570e+01 -3.060615014110320553e-01 2.661108256888708440e-05
5.979166666666667140e+01 -3.889183110593071313e-01 2.691324627914483156e-05
6.000000000000000000e+01 -5.000000000000016653e-01 3.418934427905470137e-05
