0.000000000000000000e+00 -5.000000000000000000e-01 4.861359944377652135e-05
2.083333333333333426e-01 -3.897465525114518492e-01 3.824446088686631832e-05
4.166666666666666852e-01 -3.074764001366389610e-01 3.128591363744884105e-05
6.250000000000000000e-01 -2.453444021526361152e-01 3.149448918737116011e-05
8.333333333333333703e-01 -1.981218427268852111e-01 2.794870809321318484e-05
1.041666666666666741e+00 -1.615884971763298095e-01 2.780724673789937190e-05
1.250000000000000000e+00 -1.335715634509632987e-01 2.961615868992117782e-05
1.458333333333333481e+00 -1.114616581729002409e-01 2.554379708681260268e-05
1.666666666666666741e+00 -9.404894166803284827e-02 2.192647539360030584e-05
1.875000000000000000e+00 -8.023022463338005950e-02 2.316214919211359840e-05
2.083333333333333481e+00 -6.884295813111038220e-02 2.322084461605838232e-05
2.291666666666666963e+00 -5.957495078000229344e-02 2.260380461266227781e-05
2.500000000000000000e+00 -5.211791991256455037e-02 2.355724553886697059e-05
2.708333333333333481e+00 -4.572890769708081588e-02 2.322438787594797736e-05
2.916666666666666963e+00 -4.019412220865874880e-02 2.256859311919421230e-05
3.125000000000000000e+00 -3.574749899437868611e-02 2.283644662620267545e-05
3.333333333333333481e+00 -3.192377543077596497e-02 2.275887880899998180e-05
3.541666666666666963e+00 -2.876114867383213966e-02 2.278535757237627938e-05
3.750000000000000000e+00 -2.576346533550136556e-02 2.207418735532209561e-05
3.958333333333333481e+00 -2.298227869320805181e-02 2.090310012452510860e-05
4.166666666666666963e+00 -2.089539527218602435e-02 2.155579875605392347e-05
4.375000000000000000e+00 -1.958251710632645179e-02 2.367743666859745735e-05
4.583333333333333925e+00 -1.821236146722809632e-02 2.346100295187736746e-05
4.791666666666666963e+00 -1.719463650454411754e-02 2.487209795436295218e-05
5.000000000000000000e+00 -1.640921226194895846e-02 2.608549081529782334e-05
5.208333333333333925e+00 -1.536190523778390229e-02 2.638353418809053240e-05
5.416666666666666963e+00 -1.407286920426896633e-02 2.560530684899851435e-05
5.625000000000000000e+00 -1.261930104816927529e-02 2.360509202919626700e-05
5.833333333333333925e+00 -1.127840139988100371e-02 2.125407140948506218e-05
6.041666666666666963e+00 -1.033188690187272427e-02 2.072560873118569656e-05
6.250000000000000000e+00 -9.049951031171557178e-03 1.893447577439562467e-05
6.458333333333333925e+00 -8.290730735588804773e-03 1.883675332883232581e-05
6.666666666666666963e+00 -7.720065208083089735e-03 1.881925370915997072e-05
6.875000000000000000e+00 -7.248857948423565421e-03 1.830469297944200413e-05
7.083333333333333925e+00 -6.848593317438161736e-03 1.937585634732645794e-05
7.291666666666666963e+00 -6.205686198876176132e-03 2.003685782287495122e-05
7.500000000000000000e+00 -5.657457850956532086e-03 1.884962282498163380e-05
7.708333333333333925e+00 -5.210624029789620928e-03 1.882951108598127091e-05
7.916666666666666963e+00 -4.778057855869603972e-03 1.654879246411032227e-05
8.125000000000000000e+00 -4.203324082253760696e-03 1.460842438250202828e-05
8.333333333333333925e+00 -3.825585801749927135e-03 1.491288208421956936e-05
8.541666666666667851e+00 -3.366228138190332196e-03 1.253020894970722091e-05
8.750000000000000000e+00 -2.923700727562052702e-03 1.031895174168361908e-05
8.958333333333333925e+00 -2.614810205267459678e-03 9.671017051384959900e-06
9.166666666666667851e+00 -2.324985911057154096e-03 8.400710808563758151e-06
9.375000000000000000e+00 -2.223372601586651957e-03 8.775974765252115295e-06
9.583333333333333925e+00 -2.040659912562740874e-03 8.248757760322081520e-06
9.791666666666667851e+00 -1.906074865643256084e-03 9.017346958414147786e-06
1.000000000000000000e+01 -1.837580835278932508e-03 1.083408314489692574e-05
1.020833333333333393e+01 -1.728322746727847543e-03 1.167322862102476031e-05
1.041666666666666785e+01 -1.835627170685181098e-03 1.561705292146945589e-05
1.062500000000000000e+01 -2.106820873776324866e-03 2.174436388278365009e-05
1.083333333333333393e+01 -2.375326588519803724e-03 2.799245785786134101e-05
1.104166666666666785e+01 -2.106331065986514345e-03 2.440386815974647451e-05
1.125000000000000000e+01 -1.837821849845509403e-03 2.069310399809069735e-05
1.145833333333333393e+01 -1.917862809197299874e-03 2.299296561908696130e-05
1.166666666666666785e+01 -1.944158075447600074e-03 2.407199418844130308e-05
1.187500000000000000e+01 -2.165407561568492064e-03 2.881492782403681391e-05
1.208333333333333393e+01 -1.872139532770657330e-03 2.416547123092302636e-05
1.229166666666666785e+01 -1.775693681839906647e-03 2.310606613399589519e-05
1.250000000000000000e+01 -1.626718300269471267e-03 2.096355596240647210e-05
1.270833333333333393e+01 -1.576791006253346061e-03 2.048698922080524878e-05
1.291666666666666785e+01 -1.478922379348899434e-03 1.929847844019945307e-05
1.312500000000000000e+01 -1.156364789721796640e-03 1.401949678182687807e-05
1.333333333333333393e+01 -1.114104780313970866e-03 1.370547872430225165e-05
1.354166666666666785e+01 -9.029336486894060879e-04 1.017198140936233950e-05
1.375000000000000000e+01 -8.368292786831708126e-04 9.232282279583314623e-06
1.395833333333333393e+01 -7.083435034946625793e-04 7.063303550634465958e-06
1.416666666666666785e+01 -5.883259836476457602e-04 5.287669319496758127e-06
1.437500000000000000e+01 -4.953950916401411502e-04 3.868432596196924326e-06
1.458333333333333393e+01 -4.111625613555296242e-04 2.765285220650166588e-06
1.479166666666666785e+01 -3.677048845000632001e-04 2.262513006864848909e-06
1.500000000000000000e+01 -3.225224771049012133e-04 1.919801334069842307e-06
1.520833333333333393e+01 -2.919402865775083331e-04 1.728954289114083242e-06
1.541666666666666785e+01 -2.720674670504868498e-04 1.640526192280407654e-06
1.562500000000000000e+01 -2.534429048910766648e-04 1.527631574841545623e-06
1.583333333333333393e+01 -2.283910371949499898e-04 1.358638712923123010e-06
1.604166666666666785e+01 -2.073728503939694550e-04 1.136224975613927879e-06
1.625000000000000000e+01 -1.931000102300825191e-04 1.064399319761893742e-06
1.645833333333333570e+01 -1.725806666231853137e-04 9.122015684061185220e-07
1.666666666666666785e+01 -1.601196841686930157e-04 8.429232192386545608e-07
1.687500000000000000e+01 -1.404058734218907156e-04 7.161010324282070755e-07
1.708333333333333570e+01 -1.231230640995915676e-04 5.770067844435133172e-07
1.729166666666666785e+01 -1.117091932917516338e-04 5.267219496575987635e-07
1.750000000000000000e+01 -9.932249303864754250e-05 4.559179601205205399e-07
1.770833333333333570e+01 -9.390183412307456052e-05 4.447089685198453270e-07
1.791666666666666785e+01 -8.466547299093849291e-05 4.029250853752588167e-07
1.812500000000000000e+01 -7.457063217925208852e-05 3.383140637764302478e-07
1.833333333333333570e+01 -6.797586372261658016e-05 2.841665486906834841e-07
1.854166666666666785e+01 -6.190982518359917854e-05 2.776091671957479425e-07
1.875000000000000000e+01 -6.009343217481855114e-05 2.951404573501408661e-07
1.895833333333333570e+01 -5.928358212105395774e-05 3.257961600288896064e-07
1.916666666666666785e+01 -5.594024430262885012e-05 3.271784294778927208e-07
1.937500000000000000e+01 -5.393223254245782191e-05 3.214717529064360382e-07
1.958333333333333570e+01 -5.132092411515750801e-05 3.212764009145675123e-07
1.979166666666666785e+01 -5.079902308050393127e-05 3.499293662573859302e-07
2.000000000000000000e+01 -5.303605080511010375e-05 3.954192542285375064e-07
2.020833333333333570e+01 -4.751692369323074633e-05 3.464401850114060464e-07
2.041666666666666785e+01 -4.511100630530616689e-05 3.175221939021354196e-07
2.062500000000000000e+01 -4.238072632612867427e-05 2.926429519028005009e-07
2.083333333333333570e+01 -4.021259679184285293e-05 2.940954156132419118e-07
2.104166666666666785e+01 -3.968763068272904490e-05 2.873515930495167491e-07
2.125000000000000000e+01 -3.612158260851391130e-05 2.557246479385885121e-07
2.145833333333333570e+01 -3.246337951197609601e-05 2.222720514372093367e-07
2.166666666666666785e+01 -2.893077610020221405e-05 1.787208568924506519e-07
2.187500000000000000e+01 -2.638131982022706799e-05 1.723611963871096082e-07
2.208333333333333570e+01 -2.328082616867825655e-05 1.367726135734753212e-07
2.229166666666666785e+01 -2.122052668242826787e-05 1.126497022987798579e-07
2.250000000000000000e+01 -1.814390699276388565e-05 9.466155883604046033e-08
2.270833333333333570e+01 -1.767900659508700632e-05 8.233526544858333921e-08
2.291666666666666785e+01 -1.578446335221529658e-05 7.749263081846280286e-08
2.312500000000000000e+01 -1.394950534149687187e-05 6.946363090346544569e-08
2.333333333333333570e+01 -1.372668920021246298e-05 6.242899788880591072e-08
2.354166666666666785e+01 -1.160798620883800910e-05 6.064619009850499539e-08
2.375000000000000000e+01 -1.160897192393261636e-05 6.311540775584511279e-08
2.395833333333333570e+01 -1.091168861411065517e-05 5.586038694615653045e-08
2.416666666666666785e+01 -8.837343344470198757e-06 5.013886675717531822e-08
2.437500000000000000e+01 -9.140024252235467577e-06 4.432285520510312146e-08
2.458333333333333570e+01 -7.983937163295407122e-06 3.944766119589310927e-08
2.479166666666666785e+01 -7.330133447615618692e-06 4.183790674207809760e-08
2.500000000000000000e+01 -7.796470646609138079e-06 3.745539057143792559e-08
2.520833333333333570e+01 -6.413563496793494987e-06 3.735641682554652789e-08
2.541666666666666785e+01 -6.223859535330682610e-06 3.287844083209290035e-08
2.562500000000000000e+01 -6.277517089538233621e-06 3.145925337777167373e-08
2.583333333333333570e+01 -4.738348766698108560e-06 2.710948678385570530e-08
2.604166666666666785e+01 -5.433081320739716963e-06 2.398967932571857760e-08
2.625000000000000000e+01 -4.622965268045491007e-06 2.071439930896875472e-08
2.645833333333333570e+01 -3.837689510138640630e-06 1.757115616942901505e-08
2.666666666666666785e+01 -4.647158767883961239e-06 1.668000656077495962e-08
2.687500000000000000e+01 -3.317043625103665745e-06 1.540394650170092949e-08
2.708333333333333570e+01 -3.545396676541874276e-06 1.523726437502726275e-08
2.729166666666666785e+01 -3.801219008497683997e-06 1.504545682069956295e-08
2.750000000000000000e+01 -2.611777899324420084e-06 1.489688864480219330e-08
2.770833333333333570e+01 -3.460210983279844497e-06 1.312838824906177437e-08
2.791666666666666785e+01 -2.871730589380728465e-06 1.187608283437071089e-08
2.812500000000000000e+01 -2.312382922264783104e-06 1.055792773657528079e-08
2.833333333333333570e+01 -3.270355383966365170e-06 1.031342840063958136e-08
2.854166666666666785e+01 -2.199311555430702642e-06 1.036343649846635096e-08
2.875000000000000000e+01 -2.570703478333073181e-06 1.011738166285154843e-08
2.895833333333333570e+01 -2.911904727921967322e-06 1.007013183346085454e-08
2.916666666666666785e+01 -1.815443204945541435e-06 1.036646737842490790e-08
2.937500000000000000e+01 -2.808853685067878609e-06 1.073734335118295089e-08
2.958333333333333570e+01 -2.270009440503364803e-06 9.518379919123085588e-09
2.979166666666666785e+01 -1.744160016312213354e-06 8.534896604740383615e-09
3.000000000000000000e+01 -2.741989592131204245e-06 8.010453549010478654e-09
3.020833333333333570e+01 -1.744160016321534104e-06 8.534896604753300867e-09
3.041666666666666785e+01 -2.270009440507866783e-06 9.518379919134676042e-09
3.062500000000000000e+01 -2.808853685026176636e-06 1.073734335118379792e-08
3.083333333333333570e+01 -1.815443204915995867e-06 1.036646737842286972e-08
3.104166666666666785e+01 -2.911904727903767548e-06 1.007013183345494847e-08
3.125000000000000000e+01 -2.570703478371290038e-06 1.011738166283841280e-08
3.145833333333333570e+01 -2.199311555451755646e-06 1.036343649845905688e-08
3.166666666666666785e+01 -3.270355383973603066e-06 1.031342840063078015e-08
3.187500000000000000e+01 -2.312382922271984578e-06 1.055792773656719924e-08
3.208333333333333570e+01 -2.871730589338835062e-06 1.187608283436096008e-08
3.229166666666667140e+01 -3.460210983347094255e-06 1.312838824906014814e-08
3.250000000000000000e+01 -2.611777899339128388e-06 1.489688864481394257e-08
3.270833333333333570e+01 -3.801219008447905988e-06 1.504545682070806306e-08
3.291666666666667140e+01 -3.545396676545835849e-06 1.523726437503995832e-08
3.312500000000000000e+01 -3.317043625102139391e-06 1.540394650171262251e-08
3.333333333333333570e+01 -4.647158767931865187e-06 1.668000656078379722e-08
3.354166666666667140e+01 -3.837689510141209681e-06 1.757115616943663504e-08
3.375000000000000000e+01 -4.622965268042107957e-06 2.071439930896955212e-08
3.395833333333333570e+01 -5.433081320736634610e-06 2.398967932571069623e-08
3.416666666666667140e+01 -4.738348766690129509e-06 2.710948678384458469e-08
3.437500000000000000e+01 -6.277517089523565551e-06 3.145925337775210595e-08
3.458333333333333570e+01 -6.223859535307874554e-06 3.287844083206240717e-08
3.479166666666667140e+01 -6.413563496823540093e-06 3.735641682551620676e-08
3.500000000000000000e+01 -7.796470646596164922e-06 3.745539057140315754e-08
3.520833333333333570e+01 -7.330133447600335677e-06 4.183790674202890352e-08
3.541666666666667140e+01 -7.983937163330569154e-06 3.944766119584075204e-08
3.562500000000000000e+01 -9.140024252223253362e-06 4.432285520504234022e-08
3.583333333333333570e+01 -8.837343344464826874e-06 5.013886675711259808e-08
3.604166666666667140e+01 -1.091168861411201720e-05 5.586038694610549009e-08
3.625000000000000000e+01 -1.160897192394162540e-05 6.311540775580834627e-08
3.645833333333333570e+01 -1.160798620884321497e-05 6.064619009847708301e-08
3.666666666666667140e+01 -1.372668920020694202e-05 6.242899788876901185e-08
3.687500000000000000e+01 -1.394950534147997695e-05 6.946363090343219964e-08
3.708333333333333570e+01 -1.578446335219249445e-05 7.749263081842082179e-08
3.729166666666667140e+01 -1.767900659502095469e-05 8.233526544854415070e-08
3.750000000000000000e+01 -1.814390699275332484e-05 9.466155883600902746e-08
3.770833333333333570e+01 -2.122052668247172743e-05 1.126497022987445075e-07
3.791666666666667140e+01 -2.328082616864890177e-05 1.367726135734426575e-07
3.812500000000000000e+01 -2.638131982019181447e-05 1.723611963870790356e-07
3.833333333333333570e+01 -2.893077610028176399e-05 1.787208568924177764e-07
3.854166666666667140e+01 -3.246337951190651734e-05 2.222720514371758260e-07
3.875000000000000000e+01 -3.612158260851238664e-05 2.557246479385609306e-07
3.895833333333333570e+01 -3.968763068273906700e-05 2.873515930494770445e-07
3.916666666666667140e+01 -4.021259679184826038e-05 2.940954156131959602e-07
3.937500000000000000e+01 -4.238072632612611962e-05 2.926429519027474026e-07
3.958333333333333570e+01 -4.511100630530346316e-05 3.175221939020881446e-07
3.979166666666667140e+01 -4.751692369322483065e-05 3.464401850113423601e-07
4.000000000000000000e+01 -5.303605080515390552e-05 3.954192542284697438e-07
4.020833333333333570e+01 -5.079902308049153749e-05 3.499293662573253673e-07
4.041666666666667140e+01 -5.132092411511231711e-05 3.212764009145275429e-07
4.062500000000000000e+01 -5.393223254241843149e-05 3.214717529064055450e-07
4.083333333333333570e+01 -5.594024430263221115e-05 3.271784294778555572e-07
4.104166666666667140e+01 -5.928358212106107960e-05 3.257961600288520722e-07
4.125000000000000000e+01 -6.009343217482554424e-05 2.951404573501120140e-07
4.145833333333333570e+01 -6.190982518359707790e-05 2.776091671957281431e-07
4.166666666666667140e+01 -6.797586372266004311e-05 2.841665486906689257e-07
4.187500000000000000e+01 -7.457063217919457159e-05 3.383140637764109778e-07
4.208333333333333570e+01 -8.466547299095010743e-05 4.029250853752274235e-07
4.229166666666667140e+01 -9.390183412303410623e-05 4.447089685198121868e-07
4.250000000000000000e+01 -9.932249303867117811e-05 4.559179601204900997e-07
4.270833333333333570e+01 -1.117091932917763401e-04 5.267219496575624470e-07
4.291666666666667140e+01 -1.231230640995428869e-04 5.770067844434714950e-07
4.312500000000000000e+01 -1.404058734219886732e-04 7.161010324281708648e-07
4.333333333333333570e+01 -1.601196841686747740e-04 8.429232192386254441e-07
4.354166666666667140e+01 -1.725806666231572057e-04 9.122015684060949110e-07
4.375000000000000000e+01 -1.931000102300606724e-04 1.064399319761854143e-06
4.395833333333333570e+01 -2.073728503940178104e-04 1.136224975613894633e-06
4.416666666666667140e+01 -2.283910371949381449e-04 1.358638712923078117e-06
4.437500000000000000e+01 -2.534429048910616486e-04 1.527631574841493107e-06
4.458333333333333570e+01 -2.720674670505300553e-04 1.640526192280335232e-06
4.479166666666667140e+01 -2.919402865775129951e-04 1.728954289114004892e-06
4.500000000000000000e+01 -3.225224771048527494e-04 1.919801334069747440e-06
4.520833333333333570e+01 -3.677048845000642301e-04 2.262513006864748112e-06
4.541666666666667140e+01 -4.111625613555376473e-04 2.765285220650042074e-06
4.562500000000000000e+01 -4.953950916400966980e-04 3.868432596196743908e-06
4.583333333333333570e+01 -5.883259836476490128e-04 5.287669319496519263e-06
4.604166666666667140e+01 -7.083435034946919612e-04 7.063303550634131380e-06
4.625000000000000000e+01 -8.368292786831356845e-04 9.232282279582886025e-06
4.645833333333333570e+01 -9.029336486893911259e-04 1.017198140936186008e-05
4.666666666666667140e+01 -1.114104780313905380e-03 1.370547872430162146e-05
4.687500000000000000e+01 -1.156364789721728552e-03 1.401949678182620553e-05
4.708333333333333570e+01 -1.478922379348869727e-03 1.929847844019854844e-05
4.729166666666667140e+01 -1.576791006253244580e-03 2.048698922080427638e-05
4.750000000000000000e+01 -1.626718300269474520e-03 2.096355596240546582e-05
4.770833333333333570e+01 -1.775693681839837692e-03 2.310606613399478727e-05
4.791666666666667140e+01 -1.872139532770509011e-03 2.416547123092187440e-05
4.812500000000000000e+01 -2.165407561568457803e-03 2.881492782403546543e-05
4.833333333333333570e+01 -1.944158075447494690e-03 2.407199418844017144e-05
4.854166666666667140e+01 -1.917862809197204681e-03 2.299296561908588727e-05
4.875000000000000000e+01 -1.837821849845378865e-03 2.069310399808971479e-05
4.895833333333333570e+01 -2.106331065986527355e-03 2.440386815974532594e-05
4.916666666666667140e+01 -2.375326588519735202e-03 2.799245785786001625e-05
4.937500000000000000e+01 -2.106820873776215144e-03 2.174436388278261332e-05
4.958333333333333570e+01 -1.835627170685176111e-03 1.561705292146873422e-05
4.979166666666667140e+01 -1.728322746727773166e-03 1.167322862102423177e-05
5.000000000000000000e+01 -1.837580835278939447e-03 1.083408314489645818e-05
5.020833333333333570e+01 -1.906074865643221606e-03 9.017346958413871653e-06
5.041666666666667140e+01 -2.040659912562705746e-03 8.248757760322054415e-06
5.062500000000000000e+01 -2.223372601586636344e-03 8.775974765252328748e-06
5.083333333333333570e+01 -2.324985911057196163e-03 8.400710808564044448e-06
5.104166666666667140e+01 -2.614810205267441897e-03 9.671017051385334288e-06
5.125000000000000000e+01 -2.923700727562093902e-03 1.031895174168397314e-05
5.145833333333333570e+01 -3.366228138190416330e-03 1.253020894970768339e-05
5.166666666666667140e+01 -3.825585801749938411e-03 1.491288208422018769e-05
5.187500000000000000e+01 -4.203324082253786717e-03 1.460842438250255344e-05
5.208333333333333570e+01 -4.778057855869688973e-03 1.654879246411084404e-05
5.229166666666667140e+01 -5.210624029789589703e-03 1.882951108598192482e-05
5.250000000000000000e+01 -5.657457850956578056e-03 1.884962282498212847e-05
5.270833333333333570e+01 -6.205686198876285420e-03 2.003685782287547976e-05
5.291666666666667140e+01 -6.848593317438204237e-03 1.937585634732671882e-05
5.312500000000000000e+01 -7.248857948423639147e-03 1.830469297944205156e-05
5.333333333333333570e+01 -7.720065208083139174e-03 1.881925370915989957e-05
5.354166666666667140e+01 -8.290730735588855080e-03 1.883675332883228516e-05
5.375000000000000000e+01 -9.049951031171505136e-03 1.893447577439557385e-05
5.395833333333333570e+01 -1.033188690187278151e-02 2.072560873118573044e-05
5.416666666666667140e+01 -1.127840139988100718e-02 2.125407140948561445e-05
5.437500000000000000e+01 -1.261930104816933601e-02 2.360509202919660921e-05
5.458333333333333570e+01 -1.407286920426900449e-02 2.560530684899873797e-05
5.479166666666667140e+01 -1.536190523778385719e-02 2.638353418809070180e-05
5.500000000000000000e+01 -1.640921226194904520e-02 2.608549081529786738e-05
5.520833333333333570e+01 -1.719463650454414530e-02 2.487209795436297251e-05
5.541666666666667140e+01 -1.821236146722804775e-02 2.346100295187733697e-05
5.562500000000000000e+01 -1.958251710632646914e-02 2.367743666859727100e-05
5.583333333333333570e+01 -2.089539527218605558e-02 2.155579875605375068e-05
5.604166666666667140e+01 -2.298227869320807956e-02 2.090310012452500696e-05
5.625000000000000000e+01 -2.576346533550129964e-02 2.207418735532200752e-05
5.645833333333333570e+01 -2.876114867383221599e-02 2.278535757237626244e-05
5.666666666666667140e+01 -3.192377543077593027e-02 2.275887880900003601e-05
5.687500000000000000e+01 -3.574749899437866529e-02 2.283644662620277710e-05
5.708333333333333570e+01 -4.019412220865878349e-02 2.256859311919432750e-05
5.729166666666667140e+01 -4.572890769708081588e-02 2.322438787594807900e-05
5.750000000000000000e+01 -5.211791991256455731e-02 2.355724553886706207e-05
5.770833333333333570e+01 -5.957495078000233507e-02 2.260380461266233541e-05
5.791666666666667140e+01 -6.884295813111042384e-02 2.322084461605841281e-05
5.812500000000000000e+01 -8.023022463337993460e-02 2.316214919211361195e-05
5.833333333333333570e+01 -9.404894166803276501e-02 2.192647539360028551e-05
5.854166666666667140e+01 -1.114616581729003103e-01 2.554379708681258913e-05
5.875000000000000000e+01 -1.335715634509633265e-01 2.961615868992118459e-05
5.895833333333333570e+01 -1.615884971763298372e-01 2.780724673789937868e-05
5.916666666666667140e+01 -1.981218427268849891e-01 2.794870809321304932e-05
5.937500000000000000e+01 -2.453444021526360874e-01 3.149448918737107880e-05
5.958333333333333570e+01 -3.074764001366387944e-01 3.128591363744892236e-05
5.979166666666667140e+01 -3.897465525114517382e-01 3.824446088686615569e-05
6.000000000000000000e+01 -5.000000000000000000e-01 4.861359944377652135e-05
