0.000000000000000000e+00 -4.999999999999997224e-01 2.351908287099588264e-05
2.083333333333333426e-01 -3.755872205429056643e-01 1.938164051453912574e-05
4.166666666666666852e-01 -2.851912727720014029e-01 1.724616516249127549e-05
6.250000000000000000e-01 -2.188041939220128351e-01 1.718792457118233706e-05
8.333333333333333703e-01 -1.698985094077239966e-01 1.806396076465457748e-05
1.041666666666666741e+00 -1.329599830074086053e-01 1.898289591876144597e-05
1.250000000000000000e+00 -1.050089492463315705e-01 1.984993857923280676e-05
1.458333333333333481e+00 -8.346724730112575763e-02 1.997507704600078217e-05
1.666666666666666741e+00 -6.669123198649515305e-02 1.982049179205743231e-05
1.875000000000000000e+00 -5.365828412193703045e-02 1.970313885078386841e-05
2.083333333333333481e+00 -4.356762166884971949e-02 1.989749228942772787e-05
2.291666666666666963e+00 -3.572089270012488577e-02 2.064679212571454467e-05
2.500000000000000000e+00 -2.933013780805970513e-02 1.967319531571211331e-05
2.708333333333333481e+00 -2.444249582542463300e-02 1.960115539938082023e-05
2.916666666666666963e+00 -2.054018129451682176e-02 2.074826343348161093e-05
3.125000000000000000e+00 -1.737521403004355092e-02 2.124576404250811871e-05
3.333333333333333481e+00 -1.469943932450069879e-02 2.078682967466081237e-05
3.541666666666666963e+00 -1.272924325170729509e-02 2.205320730993370239e-05
3.750000000000000000e+00 -1.098921114482978925e-02 2.233323013129970909e-05
3.958333333333333481e+00 -9.245582527185582100e-03 2.014962416120367843e-05
4.166666666666666963e+00 -7.874034138552477025e-03 1.920829405762914760e-05
4.375000000000000000e+00 -6.869387679066292149e-03 1.916193711043865763e-05
4.583333333333333925e+00 -6.267120813136886105e-03 2.138572507654559084e-05
4.791666666666666963e+00 -5.759671568236390295e-03 2.329790881269384995e-05
5.000000000000000000e+00 -5.304458492298064036e-03 2.595181074471010190e-05
5.208333333333333925e+00 -5.124723676444608959e-03 3.135399075981187519e-05
5.416666666666666963e+00 -4.274123190112387970e-03 2.636343849638506093e-05
5.625000000000000000e+00 -3.688911440505578641e-03 2.368251163360015927e-05
5.833333333333333925e+00 -3.095974114096585513e-03 2.027612166519774308e-05
6.041666666666666963e+00 -2.463102496553838412e-03 1.567729553012145807e-05
6.250000000000000000e+00 -1.833027806934574809e-03 1.038134552292090924e-05
6.458333333333333925e+00 -1.390198175329139269e-03 6.525865566120339968e-06
6.666666666666666963e+00 -1.116480081151865165e-03 4.909133735670537766e-06
6.875000000000000000e+00 -8.736160011203217366e-04 3.357283272060646620e-06
7.083333333333333925e+00 -6.994609333521008493e-04 2.368154809369944513e-06
7.291666666666666963e+00 -5.831512448244171015e-04 1.967262074510776174e-06
7.500000000000000000e+00 -5.071380263899035769e-04 1.921222038155684684e-06
7.708333333333333925e+00 -4.402761257896720517e-04 1.701478483885678524e-06
7.916666666666666963e+00 -4.027622436206863181e-04 1.876373962923404547e-06
8.125000000000000000e+00 -3.519282414349669038e-04 1.768199893362897078e-06
8.333333333333333925e+00 -2.896521030082932447e-04 1.286618656125925858e-06
8.541666666666667851e+00 -2.474348251372212345e-04 1.089322792677241573e-06
8.750000000000000000e+00 -2.064484885576095151e-04 8.191855707715339254e-07
8.958333333333333925e+00 -1.753506203847002428e-04 6.692116015101791996e-07
9.166666666666667851e+00 -1.432431013995583841e-04 4.893011166626157088e-07
9.375000000000000000e+00 -1.200263257230431207e-04 3.699494836278281043e-07
9.583333333333333925e+00 -1.032650148878523253e-04 3.145289263804757317e-07
9.791666666666667851e+00 -8.380396604654769910e-05 2.424348824239244875e-07
1.000000000000000000e+01 -7.126675779862871667e-05 1.921146131442688179e-07
1.020833333333333393e+01 -5.870325923330873912e-05 1.635807664662915174e-07
1.041666666666666785e+01 -5.214443704279618676e-05 1.487353846986501438e-07
1.062500000000000000e+01 -4.558895392928386968e-05 1.347434938922322326e-07
1.083333333333333393e+01 -3.641300786301973630e-05 1.124017999865171863e-07
1.104166666666666785e+01 -3.249947038730383720e-05 9.273392746158093154e-08
1.125000000000000000e+01 -2.836793792095016961e-05 8.715789528877422606e-08
1.145833333333333393e+01 -2.453576126059170531e-05 7.803750325466074422e-08
1.166666666666666785e+01 -2.280741867221303167e-05 6.571567491388405608e-08
1.187500000000000000e+01 -1.906110843581040271e-05 6.400438671744662657e-08
1.208333333333333393e+01 -1.747198787011889379e-05 5.860369454398054145e-08
1.229166666666666785e+01 -1.582432391209476072e-05 5.168240865813670890e-08
1.250000000000000000e+01 -1.239216238169792755e-05 4.811422497826451137e-08
1.270833333333333393e+01 -1.233687727529343533e-05 4.258831037565030112e-08
1.291666666666666785e+01 -1.009109703679486639e-05 3.870454404113417817e-08
1.312500000000000000e+01 -8.340292172464168534e-06 3.677167287877867140e-08
1.333333333333333393e+01 -8.699187407160549406e-06 3.279638585668004864e-08
1.354166666666666785e+01 -6.183292835932941678e-06 3.022847608670956898e-08
1.375000000000000000e+01 -5.738216542686991621e-06 2.422566029581878456e-08
1.395833333333333393e+01 -5.542306546179879404e-06 2.121739475850262585e-08
1.416666666666666785e+01 -3.104341395809251461e-06 1.683150432214931989e-08
1.437500000000000000e+01 -3.835588027290410374e-06 1.225499494602447941e-08
1.458333333333333393e+01 -2.575464456441190636e-06 9.186066684424273525e-09
1.479166666666666785e+01 -1.436088653162041348e-06 7.313952708888896915e-09
1.500000000000000000e+01 -2.548544984773367289e-06 5.712247586041033160e-09
1.520833333333333393e+01 -8.365549892950243834e-07 4.776444156865481810e-09
1.541666666666666785e+01 -1.217540076564926182e-06 3.780017722971718438e-09
1.562500000000000000e+01 -1.604052150527583667e-06 2.951983226743596404e-09
1.583333333333333393e+01 -7.086688143969402241e-08 2.578703752955738999e-09
1.604166666666666785e+01 -1.357742455490422222e-06 2.267873795907836923e-09
1.625000000000000000e+01 -6.697219077537114894e-07 2.026240006496555168e-09
1.645833333333333570e+01 -2.391789892647422523e-08 1.784029119849394708e-09
1.666666666666666785e+01 -1.297927584094550476e-06 1.657854433935505018e-09
1.687500000000000000e+01 1.273731326406073792e-07 1.445094165183520839e-09
1.708333333333333570e+01 -3.851180361887752347e-07 1.420768952639094435e-09
1.729166666666666785e+01 -8.644657834110903020e-07 1.297767321766320339e-09
1.750000000000000000e+01 4.908737950006318365e-07 1.094111439322523013e-09
1.770833333333333570e+01 -7.836353284671366993e-07 1.054098977731411174e-09
1.791666666666666785e+01 -2.062135991212687780e-07 1.016920847393532488e-09
1.812500000000000000e+01 3.480596184148707539e-07 7.884070239425593462e-10
1.833333333333333570e+01 -8.893247799797720065e-07 6.616728746042203787e-10
1.854166666666666785e+01 3.924048006079751443e-07 5.732794662068335640e-10
1.875000000000000000e+01 -1.165769560089796062e-07 4.597558998526919113e-10
1.895833333333333570e+01 -6.040451459340342722e-07 3.687003196338997429e-10
1.916666666666666785e+01 6.346549991355351818e-07 3.148626117538222813e-10
1.937500000000000000e+01 -5.809276496018999675e-07 2.820573236757188200e-10
1.958333333333333570e+01 -5.861434928937779504e-08 2.592762268629657265e-10
1.979166666666666785e+01 4.412405366248613780e-07 2.580206833872721766e-10
2.000000000000000000e+01 -7.451030980418117530e-07 2.482728544783175694e-10
2.020833333333333570e+01 4.583117789657656551e-07 2.159252415520111077e-10
2.041666666666666785e+01 -3.013143614650876794e-08 1.940439287327990740e-10
2.062500000000000000e+01 -5.005361261886365501e-07 1.950052515092185492e-10
2.083333333333333570e+01 6.728104352476044500e-07 1.906063897816758345e-10
2.104166666666666785e+01 -4.876257564163333596e-07 1.830214949361299166e-10
2.125000000000000000e+01 2.473844207480379056e-09 1.878616300325187272e-10
2.145833333333333570e+01 4.756434070176487920e-07 2.099750079008255379e-10
2.166666666666666785e+01 -6.672520213079619841e-07 2.053649241588144137e-10
2.187500000000000000e+01 4.754677559668089821e-07 2.045305526821104771e-10
2.208333333333333570e+01 -2.788557551571848077e-10 2.098589103824442845e-10
2.229166666666666785e+01 -4.644949526144495212e-07 1.835188549382281889e-10
2.250000000000000000e+01 6.561645734476831566e-07 1.753612766246174082e-10
2.270833333333333570e+01 -4.620146407160260564e-07 1.768429109261092616e-10
2.291666666666666785e+01 4.310667293023108244e-09 1.949525214079157543e-10
2.312500000000000000e+01 4.616248853566855864e-07 2.057962850255666507e-10
2.333333333333333570e+01 -6.421739047024056312e-07 2.282546890159594928e-10
2.354166666666666785e+01 4.518671329651985512e-07 2.299791339691886026e-10
2.375000000000000000e+01 -1.203851017258370625e-08 2.883788102565734493e-10
2.395833333333333570e+01 -4.634307351968175623e-07 3.976337096939121384e-10
2.416666666666666785e+01 6.137580637559171625e-07 5.317783741834156714e-10
2.437500000000000000e+01 -4.854052253975930767e-07 6.620402971753118117e-10
2.458333333333333570e+01 -4.267051286782545083e-08 8.010166715787384546e-10
2.479166666666666785e+01 4.096767886739474240e-07 6.471385209434680665e-10
2.500000000000000000e+01 -6.524435902298453919e-07 5.040376558904905823e-10
2.520833333333333570e+01 4.202887413320705311e-07 4.427684289902906614e-10
2.541666666666666785e+01 -1.759265927607530595e-08 3.421851619497061476e-10
2.562500000000000000e+01 -4.484112506241062216e-07 2.479379974796477345e-10
2.583333333333333570e+01 6.138981002630247483e-07 1.921656398025520240e-10
2.604166666666666785e+01 -4.456233970645240882e-07 1.761078607358681758e-10
2.625000000000000000e+01 -4.704547101481236623e-09 1.699529835904624221e-10
2.645833333333333570e+01 4.268788245160187619e-07 1.709811945296812455e-10
2.666666666666666785e+01 -6.243511278036566689e-07 1.857223021393785668e-10
2.687500000000000000e+01 4.254104865376243170e-07 1.879935292710795494e-10
2.708333333333333570e+01 -6.615751215307623677e-09 2.010465720133093926e-10
2.729166666666666785e+01 -4.346537705278132369e-07 2.252006205741678584e-10
2.750000000000000000e+01 6.127715848581870237e-07 2.284388831129343452e-10
2.770833333333333570e+01 -4.324577128054863066e-07 2.101729786669689723e-10
2.791666666666666785e+01 -2.185411221597654127e-09 1.886722422779550405e-10
2.812500000000000000e+01 4.203285501307950030e-07 1.956881996890633439e-10
2.833333333333333570e+01 -6.238583355658754196e-07 2.122818522546987582e-10
2.854166666666666785e+01 4.121598394297689047e-07 2.043790264927742023e-10
2.875000000000000000e+01 -1.918018099497476378e-08 2.400392091624211861e-10
2.895833333333333570e+01 -4.475178877897622285e-07 2.365359328606708765e-10
2.916666666666666785e+01 5.865994851233307067e-07 2.581326204604657058e-10
2.937500000000000000e+01 -4.476970748458558286e-07 2.889843241861230907e-10
2.958333333333333570e+01 -1.920703605183038554e-08 2.859045655326214233e-10
2.979166666666666785e+01 4.050995793566613303e-07 2.800697703933709668e-10
3.000000000000000000e+01 -6.295283507357080388e-07 2.559024595725722171e-10
3.020833333333333570e+01 4.050995793935811142e-07 2.800697703987527589e-10
3.041666666666666785e+01 -1.920703603914884979e-08 2.859045655543187843e-10
3.062500000000000000e+01 -4.476970748552015666e-07 2.889843242176805997e-10
3.083333333333333570e+01 5.865994851483382957e-07 2.581326204963070282e-10
3.104166666666666785e+01 -4.475178877823486256e-07 2.365359328974374004e-10
3.125000000000000000e+01 -1.918018102184161654e-08 2.400392091893363508e-10
3.145833333333333570e+01 4.121598394535440607e-07 2.043790265118426800e-10
3.166666666666666785e+01 -6.238583356144649352e-07 2.122818522705352344e-10
3.187500000000000000e+01 4.203285501191872106e-07 1.956881997035045215e-10
3.208333333333333570e+01 -2.185411259585751705e-09 1.886722422914420653e-10
3.229166666666667140e+01 -4.324577128642189359e-07 2.101729786815341753e-10
3.250000000000000000e+01 6.127715848480835089e-07 2.284388831195702724e-10
3.270833333333333570e+01 -4.346537704912297251e-07 2.252006205739296821e-10
3.291666666666667140e+01 -6.615751207244988367e-09 2.010465720236520971e-10
3.312500000000000000e+01 4.254104865469821252e-07 1.879935292837632267e-10
3.333333333333333570e+01 -6.243511278114827239e-07 1.857223021439180047e-10
3.354166666666667140e+01 4.268788244756218549e-07 1.709811945348911909e-10
3.375000000000000000e+01 -4.704547143490232689e-09 1.699529835841692061e-10
3.395833333333333570e+01 -4.456233970634468212e-07 1.761078607199021683e-10
3.416666666666667140e+01 6.138981002883779267e-07 1.921656397796566728e-10
3.437500000000000000e+01 -4.484112506100970908e-07 2.479379974390550867e-10
3.458333333333333570e+01 -1.759265927460947242e-08 3.421851618967941439e-10
3.479166666666667140e+01 4.202887412677760717e-07 4.427684289391522880e-10
3.500000000000000000e+01 -6.524435901946280913e-07 5.040376558438768868e-10
3.520833333333333570e+01 4.096767886485067894e-07 6.471385208918092930e-10
3.541666666666667140e+01 -4.267051285981507348e-08 8.010166715219959325e-10
3.562500000000000000e+01 -4.854052254217668677e-07 6.620402971164272020e-10
3.583333333333333570e+01 6.137580637248323239e-07 5.317783741297461253e-10
3.604166666666667140e+01 -4.634307351761652579e-07 3.976337096578066352e-10
3.625000000000000000e+01 -1.203851018781617106e-08 2.883788102430448587e-10
3.645833333333333570e+01 4.518671329759010772e-07 2.299791339776430606e-10
3.666666666666667140e+01 -6.421739047433211342e-07 2.282546890430231881e-10
3.687500000000000000e+01 4.616248853730441220e-07 2.057962850399609893e-10
3.708333333333333570e+01 4.310667234958331347e-09 1.949525214221712041e-10
3.729166666666667140e+01 -4.620146406696240563e-07 1.768429109336599214e-10
3.750000000000000000e+01 6.561645734545792753e-07 1.753612766335678643e-10
3.770833333333333570e+01 -4.644949526202618083e-07 1.835188549432300208e-10
3.791666666666667140e+01 -2.788557738555760847e-10 2.098589103857205143e-10
3.812500000000000000e+01 4.754677560142958726e-07 2.045305526801541950e-10
3.833333333333333570e+01 -6.672520213295812295e-07 2.053649241583680981e-10
3.854166666666667140e+01 4.756434070127622589e-07 2.099750079115339338e-10
3.875000000000000000e+01 2.473844192992145191e-09 1.878616300437087489e-10
3.895833333333333570e+01 -4.876257564324162918e-07 1.830214949400358118e-10
3.916666666666667140e+01 6.728104352781252705e-07 1.906063897729541456e-10
3.937500000000000000e+01 -5.005361261104286217e-07 1.950052514900728336e-10
3.958333333333333570e+01 -3.013143618869360275e-08 1.940439287129987742e-10
3.979166666666667140e+01 4.583117789713050388e-07 2.159252415373799112e-10
4.000000000000000000e+01 -7.451030980698548963e-07 2.482728544575826847e-10
4.020833333333333570e+01 4.412405366434675155e-07 2.580206833697323287e-10
4.041666666666667140e+01 -5.861434926327806958e-08 2.592762268503820863e-10
4.062500000000000000e+01 -5.809276496262936693e-07 2.820573236524027699e-10
4.083333333333333570e+01 6.346549991573399274e-07 3.148626117464346278e-10
4.104166666666667140e+01 -6.040451459083073405e-07 3.687003196243624538e-10
4.125000000000000000e+01 -1.165769560017729175e-07 4.597558998113637448e-10
4.145833333333333570e+01 3.924048005854364446e-07 5.732794661316751064e-10
4.166666666666667140e+01 -8.893247800141155927e-07 6.616728745210594656e-10
4.187500000000000000e+01 3.480596184093927801e-07 7.884070238222138728e-10
4.208333333333333570e+01 -2.062135990717175094e-07 1.016920847238144542e-09
4.229166666666667140e+01 -7.836353284326539880e-07 1.054098977636894622e-09
4.250000000000000000e+01 4.908737949469108894e-07 1.094111439255892581e-09
4.270833333333333570e+01 -8.644657834322544789e-07 1.297767321690323740e-09
4.291666666666667140e+01 -3.851180361857950022e-07 1.420768952582957823e-09
4.312500000000000000e+01 1.273731326369767313e-07 1.445094165142861397e-09
4.333333333333333570e+01 -1.297927584102566161e-06 1.657854433899054064e-09
4.354166666666667140e+01 -2.391789890610165348e-08 1.784029119828451943e-09
4.375000000000000000e+01 -6.697219077437551465e-07 2.026240006476572966e-09
4.395833333333333570e+01 -1.357742455488217395e-06 2.267873795892084509e-09
4.416666666666667140e+01 -7.086688145680218212e-08 2.578703752936471481e-09
4.437500000000000000e+01 -1.604052150506241613e-06 2.951983226724323923e-09
4.458333333333333570e+01 -1.217540076556291740e-06 3.780017722956037575e-09
4.479166666666667140e+01 -8.365549893147003235e-07 4.776444156844872605e-09
4.500000000000000000e+01 -2.548544984774364247e-06 5.712247586029919161e-09
4.520833333333333570e+01 -1.436088653145523147e-06 7.313952708877522354e-09
4.541666666666667140e+01 -2.575464456418449072e-06 9.186066684421095497e-09
4.562500000000000000e+01 -3.835588027287050194e-06 1.225499494601990345e-08
4.583333333333333570e+01 -3.104341395823248680e-06 1.683150432214244437e-08
4.604166666666667140e+01 -5.542306546239116653e-06 2.121739475848968544e-08
4.625000000000000000e+01 -5.738216542704367655e-06 2.422566029578615394e-08
4.645833333333333570e+01 -6.183292835918622586e-06 3.022847608665499491e-08
4.666666666666667140e+01 -8.699187407161818262e-06 3.279638585663651247e-08
4.687500000000000000e+01 -8.340292172463109743e-06 3.677167287876339172e-08
4.708333333333333570e+01 -1.009109703687653223e-05 3.870454404116725878e-08
4.729166666666667140e+01 -1.233687727528391129e-05 4.258831037569887317e-08
4.750000000000000000e+01 -1.239216238170032126e-05 4.811422497830426898e-08
4.770833333333333570e+01 -1.582432391210285497e-05 5.168240865818236265e-08
4.791666666666667140e+01 -1.747198787012143150e-05 5.860369454401816824e-08
4.812500000000000000e+01 -1.906110843583564768e-05 6.400438671746923176e-08
4.833333333333333570e+01 -2.280741867219886589e-05 6.571567491390993029e-08
4.854166666666667140e+01 -2.453576126063589672e-05 7.803750325468293913e-08
4.875000000000000000e+01 -2.836793792093257504e-05 8.715789528880344870e-08
4.895833333333333570e+01 -3.249947038734542313e-05 9.273392746162852420e-08
4.916666666666667140e+01 -3.641300786303013109e-05 1.124017999865711053e-07
4.937500000000000000e+01 -4.558895392932543528e-05 1.347434938922807517e-07
4.958333333333333570e+01 -5.214443704283646487e-05 1.487353846986898484e-07
4.979166666666667140e+01 -5.870325923331531210e-05 1.635807664663135667e-07
5.000000000000000000e+01 -7.126675779865315188e-05 1.921146131442908408e-07
5.020833333333333570e+01 -8.380396604652976911e-05 2.424348824239590571e-07
5.041666666666667140e+01 -1.032650148878958831e-04 3.145289263805189304e-07
5.062500000000000000e+01 -1.200263257230696295e-04 3.699494836279094195e-07
5.083333333333333570e+01 -1.432431013996031074e-04 4.893011166627890329e-07
5.104166666666667140e+01 -1.753506203847348289e-04 6.692116015104615792e-07
5.125000000000000000e+01 -2.064484885576695257e-04 8.191855707718912675e-07
5.145833333333333570e+01 -2.474348251372421054e-04 1.089322792677734758e-06
5.166666666666667140e+01 -2.896521030083458285e-04 1.286618656126530216e-06
5.187500000000000000e+01 -3.519282414350258302e-04 1.768199893363745170e-06
5.208333333333333570e+01 -4.027622436207905100e-04 1.876373962924289696e-06
5.229166666666667140e+01 -4.402761257897977107e-04 1.701478483886437889e-06
5.250000000000000000e+01 -5.071380263899710143e-04 1.921222038156537646e-06
5.270833333333333570e+01 -5.831512448245254132e-04 1.967262074511598643e-06
5.291666666666667140e+01 -6.994609333521665520e-04 2.368154809370904624e-06
5.312500000000000000e+01 -8.736160011204317831e-04 3.357283272062014155e-06
5.333333333333333570e+01 -1.116480081152014785e-03 4.909133735672538458e-06
5.354166666666667140e+01 -1.390198175329355893e-03 6.525865566122850574e-06
5.375000000000000000e+01 -1.833027806934897684e-03 1.038134552292502413e-05
5.395833333333333570e+01 -2.463102496554335843e-03 1.567729553012750589e-05
5.416666666666667140e+01 -3.095974114097121543e-03 2.027612166520461083e-05
5.437500000000000000e+01 -3.688911440506109900e-03 2.368251163360672208e-05
5.458333333333333570e+01 -4.274123190113074920e-03 2.636343849639354481e-05
5.479166666666667140e+01 -5.124723676445386115e-03 3.135399075982264945e-05
5.500000000000000000e+01 -5.304458492298724966e-03 2.595181074471750158e-05
5.520833333333333570e+01 -5.759671568236787546e-03 2.329790881269767176e-05
5.541666666666667140e+01 -6.267120813137218305e-03 2.138572507654781685e-05
5.562500000000000000e+01 -6.869387679066514193e-03 1.916193711043990785e-05
5.583333333333333570e+01 -7.874034138552771928e-03 1.920829405763011661e-05
5.604166666666667140e+01 -9.245582527185798941e-03 2.014962416120436961e-05
5.625000000000000000e+01 -1.098921114482991589e-02 2.233323013130005807e-05
5.645833333333333570e+01 -1.272924325170749979e-02 2.205320730993401749e-05
5.666666666666667140e+01 -1.469943932450085318e-02 2.078682967466113424e-05
5.687500000000000000e+01 -1.737521403004372439e-02 2.124576404250829150e-05
5.708333333333333570e+01 -2.054018129451697788e-02 2.074826343348198362e-05
5.729166666666667140e+01 -2.444249582542477525e-02 1.960115539938108112e-05
5.750000000000000000e+01 -2.933013780805976758e-02 1.967319531571226239e-05
5.770833333333333570e+01 -3.572089270012495515e-02 2.064679212571451418e-05
5.791666666666667140e+01 -4.356762166884980275e-02 1.989749228942773126e-05
5.812500000000000000e+01 -5.365828412193711372e-02 1.970313885078387519e-05
5.833333333333333570e+01 -6.669123198649513917e-02 1.982049179205748652e-05
5.854166666666667140e+01 -8.346724730112585477e-02 1.997507704600077539e-05
5.875000000000000000e+01 -1.050089492463316676e-01 1.984993857923279660e-05
5.895833333333333570e+01 -1.329599830074086331e-01 1.898289591876145953e-05
5.916666666666667140e+01 -1.698985094077239688e-01 1.806396076465450633e-05
5.937500000000000000e+01 -2.188041939220128906e-01 1.718792457118246243e-05
5.958333333333333570e+01 -2.851912727720013474e-01 1.724616516249167868e-05
5.979166666666667140e+01 -3.755872205429056088e-01 1.938164051453952893e-05
6.000000000000000000e+01 -5.000000000000002220e-01 2.351908287099588264e-05
