0.000000000000000000e+00 -4.999999999999997224e-01 1.218517966606401490e-04
2.083333333333333426e-01 -4.000733692703430378e-01 9.609179837733657103e-05
4.166666666666666852e-01 -3.255903318047626005e-01 7.758728659946294011e-05
6.250000000000000000e-01 -2.692898689418006808e-01 6.354318012503406752e-05
8.333333333333333703e-01 -2.265185296240962431e-01 5.373343823345227543e-05
1.041666666666666741e+00 -1.932988987417016136e-01 4.668260907647490889e-05
1.250000000000000000e+00 -1.675040278075507483e-01 4.157937126577938023e-05
1.458333333333333481e+00 -1.476130245325935897e-01 3.777797790791227506e-05
1.666666666666666741e+00 -1.316350550435779754e-01 3.545915503477440689e-05
1.875000000000000000e+00 -1.187424844921792788e-01 3.375282920603873065e-05
2.083333333333333481e+00 -1.086698322019249013e-01 3.196505719744554061e-05
2.291666666666666963e+00 -1.004607145180207856e-01 3.064404671132495969e-05
2.500000000000000000e+00 -9.350314554522676236e-02 2.930919804041268227e-05
2.708333333333333481e+00 -8.783458591223236578e-02 2.880806449569041063e-05
2.916666666666666963e+00 -8.267588342805939905e-02 2.769306717702434698e-05
3.125000000000000000e+00 -7.827071601467591733e-02 2.709758334225210866e-05
3.333333333333333481e+00 -7.425555485061327565e-02 2.608437549752702308e-05
3.541666666666666963e+00 -7.084743866785020439e-02 2.550255497003582221e-05
3.750000000000000000e+00 -6.814842979110115329e-02 2.523856668480035033e-05
3.958333333333333481e+00 -6.553902101578651385e-02 2.484574776750409232e-05
4.166666666666666963e+00 -6.322685311170002376e-02 2.435268404335430841e-05
4.375000000000000000e+00 -6.110878115052154058e-02 2.370239571170799721e-05
4.583333333333333925e+00 -5.941298208823918986e-02 2.319996264341134707e-05
4.791666666666666963e+00 -5.788079421239086808e-02 2.288547914277734292e-05
5.000000000000000000e+00 -5.642061672749351664e-02 2.260749728400501259e-05
5.208333333333333925e+00 -5.526909692711247379e-02 2.251772236535434281e-05
5.416666666666666963e+00 -5.401104103409945512e-02 2.225174884993078966e-05
5.625000000000000000e+00 -5.296979959859984821e-02 2.199893956398683238e-05
5.833333333333333925e+00 -5.214885314145007583e-02 2.192486425865152469e-05
6.041666666666666963e+00 -5.149295749078497408e-02 2.199431745123832409e-05
6.250000000000000000e+00 -5.094403368613370509e-02 2.202898790709276682e-05
6.458333333333333925e+00 -5.042094095579271323e-02 2.206047908231356661e-05
6.666666666666666963e+00 -5.014177694304659816e-02 2.233076983384411733e-05
6.875000000000000000e+00 -4.971560895223318954e-02 2.246150138964317654e-05
7.083333333333333925e+00 -4.923151212333211346e-02 2.263046245482633735e-05
7.291666666666666963e+00 -4.856893138717946479e-02 2.247743513048271676e-05
7.500000000000000000e+00 -4.788011698433039531e-02 2.224962850190307214e-05
7.708333333333333925e+00 -4.708990152649406014e-02 2.195313937524469102e-05
7.916666666666666963e+00 -4.670193732665567365e-02 2.216434184165805160e-05
8.125000000000000000e+00 -4.631853373595497259e-02 2.238211172897548777e-05
8.333333333333333925e+00 -4.576649647832201767e-02 2.217732245866241384e-05
8.541666666666667851e+00 -4.529738265368383338e-02 2.225957254776246086e-05
8.750000000000000000e+00 -4.437285799991061430e-02 2.145967940219815844e-05
8.958333333333333925e+00 -4.370965802276209622e-02 2.106967803306246644e-05
9.166666666666667851e+00 -4.314506022717898293e-02 2.097935738312732041e-05
9.375000000000000000e+00 -4.254864496436594479e-02 2.081108006052822900e-05
9.583333333333333925e+00 -4.184820569885978891e-02 2.064829675450373814e-05
9.791666666666667851e+00 -4.139405441337880992e-02 2.074413578749920866e-05
1.000000000000000000e+01 -4.097544639157026103e-02 2.094403513155659741e-05
1.020833333333333393e+01 -4.057697319290468063e-02 2.112867113626460308e-05
1.041666666666666785e+01 -4.011256031524185195e-02 2.100078001650105143e-05
1.062500000000000000e+01 -3.987217553165836592e-02 2.153648893763661934e-05
1.083333333333333393e+01 -3.963311468261122156e-02 2.164181094203310049e-05
1.104166666666666785e+01 -3.897768595929049229e-02 2.082929328104347341e-05
1.125000000000000000e+01 -3.858126610445333782e-02 2.043145175854069298e-05
1.145833333333333393e+01 -3.811364923734630872e-02 2.017354942029299142e-05
1.166666666666666785e+01 -3.762049434197312081e-02 1.995231738272273860e-05
1.187500000000000000e+01 -3.718625998477143035e-02 1.979670787186486891e-05
1.208333333333333393e+01 -3.666024607739840069e-02 1.937321875190935701e-05
1.229166666666666785e+01 -3.647409366646260642e-02 1.938341249473582472e-05
1.250000000000000000e+01 -3.628733006249710430e-02 1.943794958830874579e-05
1.270833333333333393e+01 -3.595691975310179311e-02 1.932111349370501104e-05
1.291666666666666785e+01 -3.593280293164866079e-02 1.988210799594347026e-05
1.312500000000000000e+01 -3.583132081891261811e-02 2.024941863735487652e-05
1.333333333333333393e+01 -3.534215137796768019e-02 1.993649475303511075e-05
1.354166666666666785e+01 -3.529687198748081289e-02 2.023303022926300579e-05
1.375000000000000000e+01 -3.504326665883944480e-02 1.987436506954851149e-05
1.395833333333333393e+01 -3.452803725093597093e-02 1.941855934439991538e-05
1.416666666666666785e+01 -3.427383128749737773e-02 1.952327360533315901e-05
1.437500000000000000e+01 -3.387109103953556133e-02 1.915138737398521109e-05
1.458333333333333393e+01 -3.335676971086644349e-02 1.868282682348580524e-05
1.479166666666666785e+01 -3.296399387299149553e-02 1.835866964574956654e-05
1.500000000000000000e+01 -3.240430152178326584e-02 1.793538585931313950e-05
1.520833333333333393e+01 -3.194321664468612737e-02 1.741090317218942589e-05
1.541666666666666785e+01 -3.169251155707680789e-02 1.725225347300809602e-05
1.562500000000000000e+01 -3.163278336807002350e-02 1.774375847995794778e-05
1.583333333333333393e+01 -3.157041541875229423e-02 1.809325988155830790e-05
1.604166666666666785e+01 -3.131622127222148666e-02 1.793366948568707509e-05
1.625000000000000000e+01 -3.099002393355656387e-02 1.781404593266304744e-05
1.645833333333333570e+01 -3.082809067533776037e-02 1.796725577496985420e-05
1.666666666666666785e+01 -3.066600442616611646e-02 1.798558605324400089e-05
1.687500000000000000e+01 -3.036744213089148312e-02 1.759546630986172643e-05
1.708333333333333570e+01 -3.021905272955206084e-02 1.763533453210098820e-05
1.729166666666666785e+01 -2.999810657287658305e-02 1.744922703851251061e-05
1.750000000000000000e+01 -2.986139660075746646e-02 1.741040052131495383e-05
1.770833333333333570e+01 -2.968222477522557481e-02 1.745416728661038869e-05
1.791666666666666785e+01 -2.949556412994362720e-02 1.758965297859005990e-05
1.812500000000000000e+01 -2.950277744196547203e-02 1.779812723792948347e-05
1.833333333333333570e+01 -2.937981878158120452e-02 1.770940028752922713e-05
1.854166666666666785e+01 -2.942808119809239842e-02 1.812954760819055926e-05
1.875000000000000000e+01 -2.913251921319339952e-02 1.772130601340028380e-05
1.895833333333333570e+01 -2.898432961980940831e-02 1.768123218200214921e-05
1.916666666666666785e+01 -2.880142470772878438e-02 1.777969330607502622e-05
1.937500000000000000e+01 -2.854627848968723999e-02 1.724163587657113095e-05
1.958333333333333570e+01 -2.845515654197011690e-02 1.730401833117287556e-05
1.979166666666666785e+01 -2.835285607258920468e-02 1.745457856926712731e-05
2.000000000000000000e+01 -2.812694536392412736e-02 1.717540307201961309e-05
2.020833333333333570e+01 -2.778518382757179384e-02 1.660307101589985636e-05
2.041666666666666785e+01 -2.770484749080162623e-02 1.646432109806374023e-05
2.062500000000000000e+01 -2.736109842498701122e-02 1.607135913665545525e-05
2.083333333333333570e+01 -2.706217912523078625e-02 1.609053794598126844e-05
2.104166666666666785e+01 -2.685415703935473825e-02 1.594637373457702439e-05
2.125000000000000000e+01 -2.665472921507891849e-02 1.594595703262075177e-05
2.145833333333333570e+01 -2.654255556186063680e-02 1.623810261185321444e-05
2.166666666666666785e+01 -2.646513602189533992e-02 1.640264979425252708e-05
2.187500000000000000e+01 -2.629624506763734298e-02 1.653752657558322115e-05
2.208333333333333570e+01 -2.608817109020925701e-02 1.619958286739859473e-05
2.229166666666666785e+01 -2.588054243791001324e-02 1.620519260733812396e-05
2.250000000000000000e+01 -2.579530031352499780e-02 1.653985169073557497e-05
2.270833333333333570e+01 -2.580843242299788592e-02 1.695914927999024304e-05
2.291666666666666785e+01 -2.579967576533778034e-02 1.709719787367821312e-05
2.312500000000000000e+01 -2.577399468175091413e-02 1.706594564091722224e-05
2.333333333333333570e+01 -2.576693358816473101e-02 1.710713357624084525e-05
2.354166666666666785e+01 -2.583208261924470339e-02 1.758446957015178099e-05
2.375000000000000000e+01 -2.596769349490052683e-02 1.768656657368233837e-05
2.395833333333333570e+01 -2.597957022706202240e-02 1.806965141076411150e-05
2.416666666666666785e+01 -2.570961797732854159e-02 1.695728278680554217e-05
2.437500000000000000e+01 -2.561125862838219136e-02 1.660530922115552495e-05
2.458333333333333570e+01 -2.552171977229404295e-02 1.608555140049875299e-05
2.479166666666666785e+01 -2.562889154788263596e-02 1.620179452280406452e-05
2.500000000000000000e+01 -2.553328703633981137e-02 1.625557144236116237e-05
2.520833333333333570e+01 -2.532409518881142962e-02 1.587438241622702914e-05
2.541666666666666785e+01 -2.514547420610093592e-02 1.565794482359278596e-05
2.562500000000000000e+01 -2.510810466677425648e-02 1.547250816821105316e-05
2.583333333333333570e+01 -2.524154671563130781e-02 1.566911567723406278e-05
2.604166666666666785e+01 -2.545705430727199930e-02 1.603987615421801786e-05
2.625000000000000000e+01 -2.551686256172288128e-02 1.626897206547025257e-05
2.645833333333333570e+01 -2.565935550188592346e-02 1.676766771363240207e-05
2.666666666666666785e+01 -2.567671255540040359e-02 1.731354636372640874e-05
2.687500000000000000e+01 -2.567120611465405211e-02 1.765307968471352109e-05
2.708333333333333570e+01 -2.543189998247314537e-02 1.736023987962059876e-05
2.729166666666666785e+01 -2.494782890771117187e-02 1.634996624698563031e-05
2.750000000000000000e+01 -2.478081907916419857e-02 1.610869844283777116e-05
2.770833333333333570e+01 -2.444331380074120375e-02 1.557097747087314135e-05
2.791666666666666785e+01 -2.409359375679041154e-02 1.516255362123436269e-05
2.812500000000000000e+01 -2.373818305491013844e-02 1.473352307486540689e-05
2.833333333333333570e+01 -2.360552548655710237e-02 1.488681048649067481e-05
2.854166666666666785e+01 -2.359675572078824210e-02 1.454971521339785712e-05
2.875000000000000000e+01 -2.368087257788933919e-02 1.473594533584932294e-05
2.895833333333333570e+01 -2.384367141382470051e-02 1.530129617619268309e-05
2.916666666666666785e+01 -2.395374006283055787e-02 1.545117779834119303e-05
2.937500000000000000e+01 -2.392213093379222388e-02 1.491149798291069591e-05
2.958333333333333570e+01 -2.398838168291205636e-02 1.496310007173029305e-05
2.979166666666666785e+01 -2.394119324026676779e-02 1.472751546219370415e-05
3.000000000000000000e+01 -2.388763500080867686e-02 1.454006006339821602e-05
3.020833333333333570e+01 -2.394119324026673309e-02 1.472751546219371093e-05
3.041666666666666785e+01 -2.398838168291197309e-02 1.496310007173030491e-05
3.062500000000000000e+01 -2.392213093379217531e-02 1.491149798291069591e-05
3.083333333333333570e+01 -2.395374006283060297e-02 1.545117779834118626e-05
3.104166666666666785e+01 -2.384367141382472827e-02 1.530129617619268309e-05
3.125000000000000000e+01 -2.368087257788931838e-02 1.473594533584933819e-05
3.145833333333333570e+01 -2.359675572078834271e-02 1.454971521339787067e-05
3.166666666666666785e+01 -2.360552548655710237e-02 1.488681048649069514e-05
3.187500000000000000e+01 -2.373818305491015926e-02 1.473352307486543061e-05
3.208333333333333570e+01 -2.409359375679026583e-02 1.516255362123439826e-05
3.229166666666667140e+01 -2.444331380074125579e-02 1.557097747087314473e-05
3.250000000000000000e+01 -2.478081907916422633e-02 1.610869844283776439e-05
3.270833333333333570e+01 -2.494782890771116840e-02 1.634996624698561676e-05
3.291666666666667140e+01 -2.543189998247315231e-02 1.736023987962057505e-05
3.312500000000000000e+01 -2.567120611465416660e-02 1.765307968471348720e-05
3.333333333333333570e+01 -2.567671255540042094e-02 1.731354636372639858e-05
3.354166666666667140e+01 -2.565935550188572223e-02 1.676766771363242240e-05
3.375000000000000000e+01 -2.551686256172285006e-02 1.626897206547025935e-05
3.395833333333333570e+01 -2.545705430727206176e-02 1.603987615421800431e-05
3.416666666666667140e+01 -2.524154671563129393e-02 1.566911567723405262e-05
3.437500000000000000e+01 -2.510810466677421138e-02 1.547250816821104638e-05
3.458333333333333570e+01 -2.514547420610099143e-02 1.565794482359277918e-05
3.479166666666667140e+01 -2.532409518881149207e-02 1.587438241622701898e-05
3.500000000000000000e+01 -2.553328703633982871e-02 1.625557144236116575e-05
3.520833333333333570e+01 -2.562889154788252494e-02 1.620179452280409162e-05
3.541666666666667140e+01 -2.552171977229402214e-02 1.608555140049878010e-05
3.562500000000000000e+01 -2.561125862838222605e-02 1.660530922115555205e-05
3.583333333333333570e+01 -2.570961797732861445e-02 1.695728278680556250e-05
3.604166666666667140e+01 -2.597957022706204322e-02 1.806965141076413860e-05
3.625000000000000000e+01 -2.596769349490049561e-02 1.768656657368236209e-05
3.645833333333333570e+01 -2.583208261924477972e-02 1.758446957015179793e-05
3.666666666666667140e+01 -2.576693358816475876e-02 1.710713357624087235e-05
3.687500000000000000e+01 -2.577399468175088637e-02 1.706594564091725612e-05
3.708333333333333570e+01 -2.579967576533764156e-02 1.709719787367824023e-05
3.729166666666667140e+01 -2.580843242299790327e-02 1.695914927999026336e-05
3.750000000000000000e+01 -2.579530031352501168e-02 1.653985169073558852e-05
3.770833333333333570e+01 -2.588054243791007222e-02 1.620519260733812396e-05
3.791666666666667140e+01 -2.608817109020927782e-02 1.619958286739860490e-05
3.812500000000000000e+01 -2.629624506763736380e-02 1.653752657558321438e-05
3.833333333333333570e+01 -2.646513602189549258e-02 1.640264979425252369e-05
3.854166666666667140e+01 -2.654255556186049456e-02 1.623810261185323816e-05
3.875000000000000000e+01 -2.665472921507894277e-02 1.594595703262076533e-05
3.895833333333333570e+01 -2.685415703935477641e-02 1.594637373457705827e-05
3.916666666666667140e+01 -2.706217912523064401e-02 1.609053794598130910e-05
3.937500000000000000e+01 -2.736109842498695571e-02 1.607135913665547558e-05
3.958333333333333570e+01 -2.770484749080178583e-02 1.646432109806372329e-05
3.979166666666667140e+01 -2.778518382757198812e-02 1.660307101589982926e-05
4.000000000000000000e+01 -2.812694536392413430e-02 1.717540307201959954e-05
4.020833333333333570e+01 -2.835285607258918733e-02 1.745457856926713069e-05
4.041666666666667140e+01 -2.845515654196994343e-02 1.730401833117289927e-05
4.062500000000000000e+01 -2.854627848968727122e-02 1.724163587657113095e-05
4.083333333333333570e+01 -2.880142470772888846e-02 1.777969330607499234e-05
4.104166666666667140e+01 -2.898432961980945688e-02 1.768123218200212210e-05
4.125000000000000000e+01 -2.913251921319334053e-02 1.772130601340027702e-05
4.145833333333333570e+01 -2.942808119809246087e-02 1.812954760819053215e-05
4.166666666666667140e+01 -2.937981878158128779e-02 1.770940028752920680e-05
4.187500000000000000e+01 -2.950277744196549284e-02 1.779812723792948009e-05
4.208333333333333570e+01 -2.949556412994357169e-02 1.758965297859007684e-05
4.229166666666667140e+01 -2.968222477522539093e-02 1.745416728661041241e-05
4.250000000000000000e+01 -2.986139660075753932e-02 1.741040052131495044e-05
4.270833333333333570e+01 -2.999810657287668714e-02 1.744922703851249705e-05
4.291666666666667140e+01 -3.021905272955201574e-02 1.763533453210097126e-05
4.312500000000000000e+01 -3.036744213089163924e-02 1.759546630986170949e-05
4.333333333333333570e+01 -3.066600442616614075e-02 1.798558605324401444e-05
4.354166666666667140e+01 -3.082809067533762160e-02 1.796725577496988130e-05
4.375000000000000000e+01 -3.099002393355643203e-02 1.781404593266306438e-05
4.395833333333333570e+01 -3.131622127222160462e-02 1.793366948568707171e-05
4.416666666666667140e+01 -3.157041541875231505e-02 1.809325988155829434e-05
4.437500000000000000e+01 -3.163278336806994717e-02 1.774375847995792745e-05
4.458333333333333570e+01 -3.169251155707704382e-02 1.725225347300808246e-05
4.479166666666667140e+01 -3.194321664468609961e-02 1.741090317218944622e-05
4.500000000000000000e+01 -3.240430152178325890e-02 1.793538585931317338e-05
4.520833333333333570e+01 -3.296399387299129430e-02 1.835866964574961398e-05
4.541666666666667140e+01 -3.335676971086640186e-02 1.868282682348583235e-05
4.562500000000000000e+01 -3.387109103953561684e-02 1.915138737398524836e-05
4.583333333333333570e+01 -3.427383128749730834e-02 1.952327360533317595e-05
4.604166666666667140e+01 -3.452803725093606113e-02 1.941855934439993571e-05
4.625000000000000000e+01 -3.504326665883943093e-02 1.987436506954851827e-05
4.645833333333333570e+01 -3.529687198748085453e-02 2.023303022926299563e-05
4.666666666666667140e+01 -3.534215137796761774e-02 1.993649475303509719e-05
4.687500000000000000e+01 -3.583132081891261117e-02 2.024941863735486296e-05
4.708333333333333570e+01 -3.593280293164868161e-02 1.988210799594344316e-05
4.729166666666667140e+01 -3.595691975310166821e-02 1.932111349370498055e-05
4.750000000000000000e+01 -3.628733006249714593e-02 1.943794958830871529e-05
4.770833333333333570e+01 -3.647409366646262724e-02 1.938341249473579423e-05
4.791666666666667140e+01 -3.666024607739839375e-02 1.937321875190933329e-05
4.812500000000000000e+01 -3.718625998477145117e-02 1.979670787186484858e-05
4.833333333333333570e+01 -3.762049434197312081e-02 1.995231738272274538e-05
4.854166666666667140e+01 -3.811364923734616300e-02 2.017354942029299142e-05
4.875000000000000000e+01 -3.858126610445320598e-02 2.043145175854067265e-05
4.895833333333333570e+01 -3.897768595929070046e-02 2.082929328104343614e-05
4.916666666666667140e+01 -3.963311468261117299e-02 2.164181094203306661e-05
4.937500000000000000e+01 -3.987217553165831041e-02 2.153648893763659562e-05
4.958333333333333570e+01 -4.011256031524200460e-02 2.100078001650101755e-05
4.979166666666667140e+01 -4.057697319290463206e-02 2.112867113626460308e-05
5.000000000000000000e+01 -4.097544639157027491e-02 2.094403513155660757e-05
5.020833333333333570e+01 -4.139405441337860869e-02 2.074413578749923238e-05
5.041666666666667140e+01 -4.184820569885977504e-02 2.064829675450375170e-05
5.062500000000000000e+01 -4.254864496436590315e-02 2.081108006052822222e-05
5.083333333333333570e+01 -4.314506022717899680e-02 2.097935738312732041e-05
5.104166666666667140e+01 -4.370965802276209622e-02 2.106967803306243256e-05
5.125000000000000000e+01 -4.437285799991062124e-02 2.145967940219813472e-05
5.145833333333333570e+01 -4.529738265368393052e-02 2.225957254776244053e-05
5.166666666666667140e+01 -4.576649647832189971e-02 2.217732245866241723e-05
5.187500000000000000e+01 -4.631853373595487544e-02 2.238211172897548777e-05
5.208333333333333570e+01 -4.670193732665572917e-02 2.216434184165806516e-05
5.229166666666667140e+01 -4.708990152649394911e-02 2.195313937524469441e-05
5.250000000000000000e+01 -4.788011698433036756e-02 2.224962850190309246e-05
5.270833333333333570e+01 -4.856893138717960356e-02 2.247743513048271338e-05
5.291666666666667140e+01 -4.923151212333211346e-02 2.263046245482634074e-05
5.312500000000000000e+01 -4.971560895223306464e-02 2.246150138964319009e-05
5.333333333333333570e+01 -5.014177694304657734e-02 2.233076983384413088e-05
5.354166666666667140e+01 -5.042094095579272711e-02 2.206047908231355305e-05
5.375000000000000000e+01 -5.094403368613366345e-02 2.202898790709274988e-05
5.395833333333333570e+01 -5.149295749078512674e-02 2.199431745123831054e-05
5.416666666666667140e+01 -5.214885314144995787e-02 2.192486425865155180e-05
5.437500000000000000e+01 -5.296979959859988291e-02 2.199893956398683576e-05
5.458333333333333570e+01 -5.401104103409945512e-02 2.225174884993080321e-05
5.479166666666667140e+01 -5.526909692711225175e-02 2.251772236535439024e-05
5.500000000000000000e+01 -5.642061672749371787e-02 2.260749728400500582e-05
5.520833333333333570e+01 -5.788079421239091665e-02 2.288547914277734970e-05
5.541666666666667140e+01 -5.941298208823904414e-02 2.319996264341136062e-05
5.562500000000000000e+01 -6.110878115052159609e-02 2.370239571170797350e-05
5.583333333333333570e+01 -6.322685311170021805e-02 2.435268404335431519e-05
5.604166666666667140e+01 -6.553902101578647221e-02 2.484574776750413637e-05
5.625000000000000000e+01 -6.814842979110097287e-02 2.523856668480037744e-05
5.645833333333333570e+01 -7.084743866785049582e-02 2.550255497003583237e-05
5.666666666666667140e+01 -7.425555485061316463e-02 2.608437549752705696e-05
5.687500000000000000e+01 -7.827071601467594508e-02 2.709758334225212222e-05
5.708333333333333570e+01 -8.267588342805955171e-02 2.769306717702435376e-05
5.729166666666667140e+01 -8.783458591223233802e-02 2.880806449569043096e-05
5.750000000000000000e+01 -9.350314554522691501e-02 2.930919804041271276e-05
5.770833333333333570e+01 -1.004607145180207717e-01 3.064404671132499357e-05
5.791666666666667140e+01 -1.086698322019249985e-01 3.196505719744556772e-05
5.812500000000000000e+01 -1.187424844921793066e-01 3.375282920603873743e-05
5.833333333333333570e+01 -1.316350550435781419e-01 3.545915503477437979e-05
5.854166666666667140e+01 -1.476130245325938672e-01 3.777797790791229539e-05
5.875000000000000000e+01 -1.675040278075508038e-01 4.157937126577944799e-05
5.895833333333333570e+01 -1.932988987417018634e-01 4.668260907647500376e-05
5.916666666666667140e+01 -2.265185296240960211e-01 5.373343823345230253e-05
5.937500000000000000e+01 -2.692898689418008473e-01 6.354318012503413528e-05
5.958333333333333570e+01 -3.255903318047626560e-01 7.758728659946302142e-05
5.979166666666667140e+01 -4.000733692703430378e-01 9.609179837733654393e-05
6.000000000000000000e+01 -5.000000000000002220e-01 1.218517966606401490e-04
