0.000000000000000000e+00 -5.000000000000001110e-01 8.650824980469527282e-05
2.083333333333333426e-01 -4.161653559958927717e-01 7.051704420495361080e-05
4.166666666666666852e-01 -3.522307695500899172e-01 5.882728053742339455e-05
6.250000000000000000e-01 -3.029902983182488629e-01 5.119641466527241776e-05
8.333333333333333703e-01 -2.647853888539618006e-01 4.468286251494025120e-05
1.041666666666666741e+00 -2.348039005227829934e-01 3.975406036067564476e-05
1.250000000000000000e+00 -2.108834923773936776e-01 3.632102982463711766e-05
1.458333333333333481e+00 -1.919296323406094185e-01 3.365711167670491820e-05
1.666666666666666741e+00 -1.762223193457845838e-01 3.082646028870373732e-05
1.875000000000000000e+00 -1.631366344256503509e-01 2.894169865755768302e-05
2.083333333333333481e+00 -1.522221128329692141e-01 2.781398749442522299e-05
2.291666666666666963e+00 -1.431628668125075610e-01 2.650753572909041845e-05
2.500000000000000000e+00 -1.355669386659040243e-01 2.550826543793712346e-05
2.708333333333333481e+00 -1.289270883176858451e-01 2.460881826298283535e-05
2.916666666666666963e+00 -1.230178547795155175e-01 2.388284565768817889e-05
3.125000000000000000e+00 -1.175668035910838738e-01 2.317038546618784196e-05
3.333333333333333481e+00 -1.130519722041363612e-01 2.246855151799062844e-05
3.541666666666666963e+00 -1.090928599617996264e-01 2.196343183389239858e-05
3.750000000000000000e+00 -1.053354873451244345e-01 2.158443737500228627e-05
3.958333333333333481e+00 -1.019460728407076966e-01 2.118653355524805889e-05
4.166666666666666963e+00 -9.883651975333637707e-02 2.079039980119561765e-05
4.375000000000000000e+00 -9.607032001934162624e-02 2.042494601541910052e-05
4.583333333333333925e+00 -9.324105803625404310e-02 1.983867614006278436e-05
4.791666666666666963e+00 -9.064776594510912111e-02 1.945380496683828098e-05
5.000000000000000000e+00 -8.816501758380387854e-02 1.902758088611116721e-05
5.208333333333333925e+00 -8.595296455206100084e-02 1.871742692423048230e-05
5.416666666666666963e+00 -8.388794015470188437e-02 1.844420626138641738e-05
5.625000000000000000e+00 -8.200072780257672278e-02 1.826508947196279977e-05
5.833333333333333925e+00 -8.028157780029536450e-02 1.821480515544962185e-05
6.041666666666666963e+00 -7.847146485778150327e-02 1.794581363802557776e-05
6.250000000000000000e+00 -7.687364074374408718e-02 1.781917363654228497e-05
6.458333333333333925e+00 -7.509869364919954937e-02 1.758432354401209415e-05
6.666666666666666963e+00 -7.348640217663318652e-02 1.752327850707309436e-05
6.875000000000000000e+00 -7.201114962589851010e-02 1.731216253766136923e-05
7.083333333333333925e+00 -7.079881231495932514e-02 1.746505661804210584e-05
7.291666666666666963e+00 -6.963336492848584691e-02 1.767056422171439900e-05
7.500000000000000000e+00 -6.834449278101711878e-02 1.700701387632586449e-05
7.708333333333333925e+00 -6.706578138221699903e-02 1.645677040771018762e-05
7.916666666666666963e+00 -6.589233989154813509e-02 1.624241099021529457e-05
8.125000000000000000e+00 -6.479294271717878084e-02 1.584884486195271787e-05
8.333333333333333925e+00 -6.376205392988854026e-02 1.558399416324598885e-05
8.541666666666667851e+00 -6.271271248954075894e-02 1.570732071224713807e-05
8.750000000000000000e+00 -6.172088326506272593e-02 1.582256942216532237e-05
8.958333333333333925e+00 -6.082635897598009239e-02 1.559485458712282834e-05
9.166666666666667851e+00 -5.993136291401116728e-02 1.548397670838375431e-05
9.375000000000000000e+00 -5.888781764437932276e-02 1.531938222730962806e-05
9.583333333333333925e+00 -5.796226496506005910e-02 1.506574327253159859e-05
9.791666666666667851e+00 -5.700112143534086240e-02 1.472912641378149899e-05
1.000000000000000000e+01 -5.619935856243232775e-02 1.456868273739623048e-05
1.020833333333333393e+01 -5.553508462692163805e-02 1.455363533727828045e-05
1.041666666666666785e+01 -5.480270589387714608e-02 1.426184416562997439e-05
1.062500000000000000e+01 -5.394584101914802476e-02 1.393161991043168882e-05
1.083333333333333393e+01 -5.330148378678968568e-02 1.384133972389944325e-05
1.104166666666666785e+01 -5.259413981079191086e-02 1.368355376528548954e-05
1.125000000000000000e+01 -5.187930963105728821e-02 1.350089059292000098e-05
1.145833333333333393e+01 -5.117993063775087142e-02 1.362580901518846508e-05
1.166666666666666785e+01 -5.050400014188724529e-02 1.369856028817461876e-05
1.187500000000000000e+01 -4.969553795166265636e-02 1.343508781706968252e-05
1.208333333333333393e+01 -4.887838767046620569e-02 1.328594162670262499e-05
1.229166666666666785e+01 -4.818657537800845325e-02 1.349828378299463166e-05
1.250000000000000000e+01 -4.743976212759827560e-02 1.321628862058016739e-05
1.270833333333333393e+01 -4.680626151319472461e-02 1.300836266609489705e-05
1.291666666666666785e+01 -4.624335174616575617e-02 1.296215924309346228e-05
1.312500000000000000e+01 -4.574019329947542206e-02 1.287450624928248067e-05
1.333333333333333393e+01 -4.540244880483836065e-02 1.278899908862937676e-05
1.354166666666666785e+01 -4.501458188535890220e-02 1.281992289305075569e-05
1.375000000000000000e+01 -4.456049419890309449e-02 1.279888736570760644e-05
1.395833333333333393e+01 -4.422406630599273747e-02 1.273990880896813025e-05
1.416666666666666785e+01 -4.389148113578107691e-02 1.261068320003257462e-05
1.437500000000000000e+01 -4.325358184319966215e-02 1.233543177600792881e-05
1.458333333333333393e+01 -4.276732640016515929e-02 1.217662941695498433e-05
1.479166666666666785e+01 -4.239731304859885308e-02 1.201721365655058189e-05
1.500000000000000000e+01 -4.212173001790450733e-02 1.186684847865952222e-05
1.520833333333333393e+01 -4.193523547824738740e-02 1.182227394808421310e-05
1.541666666666666785e+01 -4.163085930651032329e-02 1.173441723767091319e-05
1.562500000000000000e+01 -4.116166072292692935e-02 1.172825866483585295e-05
1.583333333333333393e+01 -4.073505369520498409e-02 1.153293109668453421e-05
1.604166666666666785e+01 -4.044359481306093740e-02 1.142553035076886568e-05
1.625000000000000000e+01 -4.015967552764865278e-02 1.130593389409003532e-05
1.645833333333333570e+01 -3.980896084771387566e-02 1.123982881827667535e-05
1.666666666666666785e+01 -3.948639340642355611e-02 1.129648969096483220e-05
1.687500000000000000e+01 -3.927695010871409820e-02 1.150065282845663572e-05
1.708333333333333570e+01 -3.902549097031898784e-02 1.164928014119804336e-05
1.729166666666666785e+01 -3.874053848296420133e-02 1.153453019625949205e-05
1.750000000000000000e+01 -3.857370722653499784e-02 1.143947044196500107e-05
1.770833333333333570e+01 -3.825178622122819838e-02 1.132769825084383305e-05
1.791666666666666785e+01 -3.807314657352814380e-02 1.127006116926302317e-05
1.812500000000000000e+01 -3.788068775663222532e-02 1.123283524470039947e-05
1.833333333333333570e+01 -3.772644725462842574e-02 1.128737426096530324e-05
1.854166666666666785e+01 -3.767632160948612696e-02 1.149162103374660848e-05
1.875000000000000000e+01 -3.749994710953639954e-02 1.147865094852497772e-05
1.895833333333333570e+01 -3.739421637564730588e-02 1.179542059883678146e-05
1.916666666666666785e+01 -3.704901626207801613e-02 1.168372125674405541e-05
1.937500000000000000e+01 -3.675179461956588900e-02 1.154785504550344535e-05
1.958333333333333570e+01 -3.647169432569870307e-02 1.146785804452577684e-05
1.979166666666666785e+01 -3.617089405334146524e-02 1.125701549503256159e-05
2.000000000000000000e+01 -3.596675607769124483e-02 1.148324460072317515e-05
2.020833333333333570e+01 -3.572215462551521503e-02 1.150443023655827720e-05
2.041666666666666785e+01 -3.559825677230920443e-02 1.142181082332042625e-05
2.062500000000000000e+01 -3.547481683013820053e-02 1.119159035686732604e-05
2.083333333333333570e+01 -3.544531810368212188e-02 1.121255345483624169e-05
2.104166666666666785e+01 -3.528639391946671033e-02 1.114505800534399982e-05
2.125000000000000000e+01 -3.505893524799706673e-02 1.076785416845477838e-05
2.145833333333333570e+01 -3.481813780920943457e-02 1.042452557862885010e-05
2.166666666666666785e+01 -3.452284727593776803e-02 1.029732174407974621e-05
2.187500000000000000e+01 -3.426749653477336593e-02 1.014196233718014327e-05
2.208333333333333570e+01 -3.419183878640222329e-02 1.032518729227659089e-05
2.229166666666666785e+01 -3.419942701034520138e-02 1.052708000984332398e-05
2.250000000000000000e+01 -3.411406906025056529e-02 1.060397317738744561e-05
2.270833333333333570e+01 -3.390612131476346269e-02 1.048638242024023067e-05
2.291666666666666785e+01 -3.377671912170626678e-02 1.056844637522262026e-05
2.312500000000000000e+01 -3.371744948291559990e-02 1.071324402840959318e-05
2.333333333333333570e+01 -3.352943225056129184e-02 1.076964672971690050e-05
2.354166666666666785e+01 -3.330426132848813420e-02 1.085090459630649114e-05
2.375000000000000000e+01 -3.321891834536510463e-02 1.088347146328735973e-05
2.395833333333333570e+01 -3.317249282345997863e-02 1.109408642534232370e-05
2.416666666666666785e+01 -3.308357054392455782e-02 1.109110755449245529e-05
2.437500000000000000e+01 -3.309567649691771973e-02 1.117670468252731603e-05
2.458333333333333570e+01 -3.303223298167638766e-02 1.145360084143913989e-05
2.479166666666666785e+01 -3.294072440558024756e-02 1.149269891475758560e-05
2.500000000000000000e+01 -3.291631598229274869e-02 1.132348407538727789e-05
2.520833333333333570e+01 -3.292421044088390120e-02 1.179448003533236726e-05
2.541666666666666785e+01 -3.276100993861859323e-02 1.183937724731489703e-05
2.562500000000000000e+01 -3.272610064737238589e-02 1.191588674045034994e-05
2.583333333333333570e+01 -3.272122003981832450e-02 1.243814108315028104e-05
2.604166666666666785e+01 -3.271381729043651432e-02 1.249307079013784106e-05
2.625000000000000000e+01 -3.276986968860785832e-02 1.192031479921363445e-05
2.645833333333333570e+01 -3.287824131032146546e-02 1.166002108533308501e-05
2.666666666666666785e+01 -3.291787373772077363e-02 1.190330714035796469e-05
2.687500000000000000e+01 -3.279558822570013965e-02 1.164316815379820633e-05
2.708333333333333570e+01 -3.271414809733626250e-02 1.149375073513709110e-05
2.729166666666666785e+01 -3.263110739434484098e-02 1.111948015373688935e-05
2.750000000000000000e+01 -3.246268052307956647e-02 1.054420783136699557e-05
2.770833333333333570e+01 -3.238364833646674434e-02 1.023925963448044413e-05
2.791666666666666785e+01 -3.229930479587296566e-02 9.964578532333067659e-06
2.812500000000000000e+01 -3.220618586978765685e-02 9.909815060342803942e-06
2.833333333333333570e+01 -3.220645380407896607e-02 9.862015868407856682e-06
2.854166666666666785e+01 -3.223638971230280426e-02 1.000790769273004148e-05
2.875000000000000000e+01 -3.228572363160021885e-02 1.022614708332851837e-05
2.895833333333333570e+01 -3.226016611762701908e-02 1.011090993476856199e-05
2.916666666666666785e+01 -3.224890998421165583e-02 1.020758532142303442e-05
2.937500000000000000e+01 -3.218822694686346297e-02 1.011673408761688874e-05
2.958333333333333570e+01 -3.214871610677996761e-02 1.008904079178223889e-05
2.979166666666666785e+01 -3.215843438652326441e-02 1.015987885858012787e-05
3.000000000000000000e+01 -3.220272987386700592e-02 1.024570580841384156e-05
3.020833333333333570e+01 -3.215843438652322278e-02 1.015987885858012110e-05
3.041666666666666785e+01 -3.214871610677994679e-02 1.008904079178224566e-05
3.062500000000000000e+01 -3.218822694686356012e-02 1.011673408761689212e-05
3.083333333333333570e+01 -3.224890998421170440e-02 1.020758532142303272e-05
3.104166666666666785e+01 -3.226016611762696357e-02 1.011090993476856030e-05
3.125000000000000000e+01 -3.228572363160022579e-02 1.022614708332851498e-05
3.145833333333333570e+01 -3.223638971230280426e-02 1.000790769273003979e-05
3.166666666666666785e+01 -3.220645380407895914e-02 9.862015868407866847e-06
3.187500000000000000e+01 -3.220618586978767073e-02 9.909815060342798859e-06
3.208333333333333570e+01 -3.229930479587299341e-02 9.964578532333057495e-06
3.229166666666667140e+01 -3.238364833646677210e-02 1.023925963448043397e-05
3.250000000000000000e+01 -3.246268052307957341e-02 1.054420783136700404e-05
3.270833333333333570e+01 -3.263110739434485486e-02 1.111948015373688088e-05
3.291666666666667140e+01 -3.271414809733617923e-02 1.149375073513709788e-05
3.312500000000000000e+01 -3.279558822570018128e-02 1.164316815379819447e-05
3.333333333333333570e+01 -3.291787373772080139e-02 1.190330714035796469e-05
3.354166666666667140e+01 -3.287824131032149322e-02 1.166002108533309179e-05
3.375000000000000000e+01 -3.276986968860784444e-02 1.192031479921363106e-05
3.395833333333333570e+01 -3.271381729043652820e-02 1.249307079013784275e-05
3.416666666666667140e+01 -3.272122003981832450e-02 1.243814108315028443e-05
3.437500000000000000e+01 -3.272610064737224711e-02 1.191588674045036518e-05
3.458333333333333570e+01 -3.276100993861862098e-02 1.183937724731490042e-05
3.479166666666667140e+01 -3.292421044088388732e-02 1.179448003533236218e-05
3.500000000000000000e+01 -3.291631598229274175e-02 1.132348407538729144e-05
3.520833333333333570e+01 -3.294072440558024062e-02 1.149269891475758391e-05
3.541666666666667140e+01 -3.303223298167641542e-02 1.145360084143915175e-05
3.562500000000000000e+01 -3.309567649691788627e-02 1.117670468252730756e-05
3.583333333333333570e+01 -3.308357054392464802e-02 1.109110755449245529e-05
3.604166666666667140e+01 -3.317249282345993699e-02 1.109408642534232201e-05
3.625000000000000000e+01 -3.321891834536501442e-02 1.088347146328736312e-05
3.645833333333333570e+01 -3.330426132848821053e-02 1.085090459630648097e-05
3.666666666666667140e+01 -3.352943225056118082e-02 1.076964672971690728e-05
3.687500000000000000e+01 -3.371744948291555133e-02 1.071324402840959149e-05
3.708333333333333570e+01 -3.377671912170635005e-02 1.056844637522261009e-05
3.729166666666667140e+01 -3.390612131476339330e-02 1.048638242024024084e-05
3.750000000000000000e+01 -3.411406906025061386e-02 1.060397317738744730e-05
3.770833333333333570e+01 -3.419942701034510424e-02 1.052708000984332568e-05
3.791666666666667140e+01 -3.419183878640227187e-02 1.032518729227659428e-05
3.812500000000000000e+01 -3.426749653477340063e-02 1.014196233718014497e-05
3.833333333333333570e+01 -3.452284727593786517e-02 1.029732174407974621e-05
3.854166666666667140e+01 -3.481813780920936519e-02 1.042452557862886026e-05
3.875000000000000000e+01 -3.505893524799712224e-02 1.076785416845477330e-05
3.895833333333333570e+01 -3.528639391946682830e-02 1.114505800534399982e-05
3.916666666666667140e+01 -3.544531810368195535e-02 1.121255345483625185e-05
3.937500000000000000e+01 -3.547481683013807563e-02 1.119159035686733282e-05
3.958333333333333570e+01 -3.559825677230925300e-02 1.142181082332042795e-05
3.979166666666667140e+01 -3.572215462551518728e-02 1.150443023655828567e-05
4.000000000000000000e+01 -3.596675607769121708e-02 1.148324460072317685e-05
4.020833333333333570e+01 -3.617089405334147911e-02 1.125701549503257006e-05
4.041666666666667140e+01 -3.647169432569859898e-02 1.146785804452578192e-05
4.062500000000000000e+01 -3.675179461956612492e-02 1.154785504550343688e-05
4.083333333333333570e+01 -3.704901626207801613e-02 1.168372125674405880e-05
4.104166666666667140e+01 -3.739421637564721568e-02 1.179542059883678654e-05
4.125000000000000000e+01 -3.749994710953636484e-02 1.147865094852497264e-05
4.145833333333333570e+01 -3.767632160948616860e-02 1.149162103374661017e-05
4.166666666666667140e+01 -3.772644725462844656e-02 1.128737426096530494e-05
4.187500000000000000e+01 -3.788068775663224613e-02 1.123283524470039947e-05
4.208333333333333570e+01 -3.807314657352812992e-02 1.127006116926303164e-05
4.229166666666667140e+01 -3.825178622122806654e-02 1.132769825084384322e-05
4.250000000000000000e+01 -3.857370722653504641e-02 1.143947044196499260e-05
4.270833333333333570e+01 -3.874053848296422214e-02 1.153453019625950052e-05
4.291666666666667140e+01 -3.902549097031889069e-02 1.164928014119804336e-05
4.312500000000000000e+01 -3.927695010871420922e-02 1.150065282845663233e-05
4.333333333333333570e+01 -3.948639340642362550e-02 1.129648969096483220e-05
4.354166666666667140e+01 -3.980896084771380627e-02 1.123982881827667874e-05
4.375000000000000000e+01 -4.015967552764858339e-02 1.130593389409004041e-05
4.395833333333333570e+01 -4.044359481306099985e-02 1.142553035076885890e-05
4.416666666666667140e+01 -4.073505369520497021e-02 1.153293109668454607e-05
4.437500000000000000e+01 -4.116166072292691547e-02 1.172825866483584786e-05
4.458333333333333570e+01 -4.163085930651044819e-02 1.173441723767092336e-05
4.479166666666667140e+01 -4.193523547824723474e-02 1.182227394808421479e-05
4.500000000000000000e+01 -4.212173001790450733e-02 1.186684847865953577e-05
4.520833333333333570e+01 -4.239731304859872818e-02 1.201721365655058359e-05
4.541666666666667140e+01 -4.276732640016518705e-02 1.217662941695497925e-05
4.562500000000000000e+01 -4.325358184319974542e-02 1.233543177600793559e-05
4.583333333333333570e+01 -4.389148113578113242e-02 1.261068320003256107e-05
4.604166666666667140e+01 -4.422406630599272359e-02 1.273990880896813872e-05
4.625000000000000000e+01 -4.456049419890306673e-02 1.279888736570760475e-05
4.645833333333333570e+01 -4.501458188535893690e-02 1.281992289305076247e-05
4.666666666666667140e+01 -4.540244880483826351e-02 1.278899908862938015e-05
4.687500000000000000e+01 -4.574019329947544288e-02 1.287450624928248406e-05
4.708333333333333570e+01 -4.624335174616583249e-02 1.296215924309345889e-05
4.729166666666667140e+01 -4.680626151319456502e-02 1.300836266609490722e-05
4.750000000000000000e+01 -4.743976212759840050e-02 1.321628862058017077e-05
4.770833333333333570e+01 -4.818657537800850876e-02 1.349828378299462996e-05
4.791666666666667140e+01 -4.887838767046610161e-02 1.328594162670264871e-05
4.812500000000000000e+01 -4.969553795166263555e-02 1.343508781706968591e-05
4.833333333333333570e+01 -5.050400014188734243e-02 1.369856028817461199e-05
4.854166666666667140e+01 -5.117993063775082285e-02 1.362580901518849219e-05
4.875000000000000000e+01 -5.187930963105720494e-02 1.350089059291999420e-05
4.895833333333333570e+01 -5.259413981079200801e-02 1.368355376528548615e-05
4.916666666666667140e+01 -5.330148378678971344e-02 1.384133972389942123e-05
4.937500000000000000e+01 -5.394584101914796925e-02 1.393161991043168543e-05
4.958333333333333570e+01 -5.480270589387734037e-02 1.426184416562996762e-05
4.979166666666667140e+01 -5.553508462692155478e-02 1.455363533727827706e-05
5.000000000000000000e+01 -5.619935856243235550e-02 1.456868273739623218e-05
5.020833333333333570e+01 -5.700112143534087628e-02 1.472912641378148713e-05
5.041666666666667140e+01 -5.796226496505995501e-02 1.506574327253161214e-05
5.062500000000000000e+01 -5.888781764437918398e-02 1.531938222730964839e-05
5.083333333333333570e+01 -5.993136291401129911e-02 1.548397670838375093e-05
5.104166666666667140e+01 -6.082635897598007158e-02 1.559485458712282834e-05
5.125000000000000000e+01 -6.172088326506284389e-02 1.582256942216530204e-05
5.145833333333333570e+01 -6.271271248954080058e-02 1.570732071224716179e-05
5.166666666666667140e+01 -6.376205392988842924e-02 1.558399416324599563e-05
5.187500000000000000e+01 -6.479294271717866982e-02 1.584884486195273142e-05
5.208333333333333570e+01 -6.589233989154817672e-02 1.624241099021530812e-05
5.229166666666667140e+01 -6.706578138221701291e-02 1.645677040771018084e-05
5.250000000000000000e+01 -6.834449278101714653e-02 1.700701387632583061e-05
5.270833333333333570e+01 -6.963336492848584691e-02 1.767056422171441594e-05
5.291666666666667140e+01 -7.079881231495932514e-02 1.746505661804211262e-05
5.312500000000000000e+01 -7.201114962589838520e-02 1.731216253766138956e-05
5.333333333333333570e+01 -7.348640217663321428e-02 1.752327850707307403e-05
5.354166666666667140e+01 -7.509869364919957713e-02 1.758432354401209753e-05
5.375000000000000000e+01 -7.687364074374408718e-02 1.781917363654229853e-05
5.395833333333333570e+01 -7.847146485778155878e-02 1.794581363802559809e-05
5.416666666666667140e+01 -8.028157780029532287e-02 1.821480515544964896e-05
5.437500000000000000e+01 -8.200072780257673666e-02 1.826508947196280993e-05
5.458333333333333570e+01 -8.388794015470180110e-02 1.844420626138641738e-05
5.479166666666667140e+01 -8.595296455206082042e-02 1.871742692423045858e-05
5.500000000000000000e+01 -8.816501758380407283e-02 1.902758088611114349e-05
5.520833333333333570e+01 -9.064776594510907948e-02 1.945380496683830809e-05
5.541666666666667140e+01 -9.324105803625391820e-02 1.983867614006275726e-05
5.562500000000000000e+01 -9.607032001934157073e-02 2.042494601541910052e-05
5.583333333333333570e+01 -9.883651975333648809e-02 2.079039980119565153e-05
5.604166666666667140e+01 -1.019460728407078354e-01 2.118653355524802840e-05
5.625000000000000000e+01 -1.053354873451241847e-01 2.158443737500229304e-05
5.645833333333333570e+01 -1.090928599617999178e-01 2.196343183389240196e-05
5.666666666666667140e+01 -1.130519722041361808e-01 2.246855151799065554e-05
5.687500000000000000e+01 -1.175668035910838322e-01 2.317038546618779452e-05
5.708333333333333570e+01 -1.230178547795156840e-01 2.388284565768818905e-05
5.729166666666667140e+01 -1.289270883176858173e-01 2.460881826298279469e-05
5.750000000000000000e+01 -1.355669386659040243e-01 2.550826543793716073e-05
5.770833333333333570e+01 -1.431628668125075055e-01 2.650753572909037779e-05
5.791666666666667140e+01 -1.522221128329692419e-01 2.781398749442524671e-05
5.812500000000000000e+01 -1.631366344256502399e-01 2.894169865755764914e-05
5.833333333333333570e+01 -1.762223193457845838e-01 3.082646028870380508e-05
5.854166666666667140e+01 -1.919296323406094462e-01 3.365711167670497919e-05
5.875000000000000000e+01 -2.108834923773937331e-01 3.632102982463704312e-05
5.895833333333333570e+01 -2.348039005227831599e-01 3.975406036067570575e-05
5.916666666666667140e+01 -2.647853888539614675e-01 4.468286251494027830e-05
5.937500000000000000e+01 -3.029902983182489740e-01 5.119641466527247197e-05
5.958333333333333570e+01 -3.522307695500899172e-01 5.882728053742339455e-05
5.979166666666667140e+01 -4.161653559958926607e-01 7.051704420495351594e-05
6.000000000000000000e+01 -4.999999999999998890e-01 8.650824980469527282e-05
