0.000000000000000000e+00 -4.999999999999993339e-01 1.485122889215508045e-04
2.083333333333333426e-01 -4.005996048355384698e-01 1.176553780413939766e-04
4.166666666666666852e-01 -3.261658560858788913e-01 9.557055708405424229e-05
6.250000000000000000e-01 -2.699888883761289993e-01 8.195079854907587672e-05
8.333333333333333703e-01 -2.270052164255485783e-01 6.730247812603698597e-05
1.041666666666666741e+00 -1.936636976181839165e-01 5.730315794091444658e-05
1.250000000000000000e+00 -1.680936526215348059e-01 4.878684120724771590e-05
1.458333333333333481e+00 -1.480998815821322756e-01 4.267832210894189585e-05
1.666666666666666741e+00 -1.320213846601356877e-01 4.045118442269415317e-05
1.875000000000000000e+00 -1.189824197314000576e-01 3.763294736165811018e-05
2.083333333333333481e+00 -1.088145980655480655e-01 3.594891763301578589e-05
2.291666666666666963e+00 -1.002259595883534526e-01 3.445075517966275826e-05
2.500000000000000000e+00 -9.329445866752146543e-02 3.394563981700382245e-05
2.708333333333333481e+00 -8.717081280575650348e-02 3.515922924076799014e-05
2.916666666666666963e+00 -8.183750375698300994e-02 3.411403133128781680e-05
3.125000000000000000e+00 -7.745569178167246993e-02 3.648391993477953998e-05
3.333333333333333481e+00 -7.380230604589706200e-02 4.107396425115062376e-05
3.541666666666666963e+00 -7.055908743614272560e-02 3.910196263047576945e-05
3.750000000000000000e+00 -6.787543547621689710e-02 4.076651087413187322e-05
3.958333333333333481e+00 -6.540940489203644903e-02 3.825856036093270283e-05
4.166666666666666963e+00 -6.311331563559668956e-02 3.283307511006649089e-05
4.375000000000000000e+00 -6.125823054087076169e-02 3.128720511789672147e-05
4.583333333333333925e+00 -5.955325840704782381e-02 2.846895486905445761e-05
4.791666666666666963e+00 -5.795399198668157309e-02 2.639437844051948002e-05
5.000000000000000000e+00 -5.657630567189361748e-02 2.541584292877636976e-05
5.208333333333333925e+00 -5.545417265785974881e-02 2.498643146777370793e-05
5.416666666666666963e+00 -5.424702670923886583e-02 2.445995797960427134e-05
5.625000000000000000e+00 -5.312027168561937740e-02 2.376736025404777573e-05
5.833333333333333925e+00 -5.207532663571893400e-02 2.305016652806984856e-05
6.041666666666666963e+00 -5.151952644706297990e-02 2.318149058685077285e-05
6.250000000000000000e+00 -5.105183907181151670e-02 2.344324236689430757e-05
6.458333333333333925e+00 -5.071816217159866302e-02 2.521263407315429473e-05
6.666666666666666963e+00 -5.019277710495273492e-02 2.498545951727538513e-05
6.875000000000000000e+00 -4.949413809208424303e-02 2.428839821467916957e-05
7.083333333333333925e+00 -4.885344994572064087e-02 2.385439857391206692e-05
7.291666666666666963e+00 -4.833298228046904038e-02 2.423705555863137025e-05
7.500000000000000000e+00 -4.748118586365454585e-02 2.373559453579058963e-05
7.708333333333333925e+00 -4.687279021652406008e-02 2.350309093382815719e-05
7.916666666666666963e+00 -4.604088164658833027e-02 2.314792660251051401e-05
8.125000000000000000e+00 -4.525957252310366247e-02 2.299019881957878669e-05
8.333333333333333925e+00 -4.448429141282287530e-02 2.254374393991667947e-05
8.541666666666667851e+00 -4.366128299753323228e-02 2.210456115036774018e-05
8.750000000000000000e+00 -4.309272913947570505e-02 2.195110425665156397e-05
8.958333333333333925e+00 -4.257008023484635389e-02 2.191386195764109500e-05
9.166666666666667851e+00 -4.188021822931844301e-02 2.158791374114433462e-05
9.375000000000000000e+00 -4.093018959837214921e-02 2.079911015892605037e-05
9.583333333333333925e+00 -4.040816485519639623e-02 2.064169942412002172e-05
9.791666666666667851e+00 -4.016983302582276261e-02 2.099643226370806373e-05
1.000000000000000000e+01 -3.988309462662571747e-02 2.129096101380337420e-05
1.020833333333333393e+01 -3.944497867504742628e-02 2.140145017284227186e-05
1.041666666666666785e+01 -3.912977657873108889e-02 2.154811835442875355e-05
1.062500000000000000e+01 -3.854021194531447037e-02 2.130994947090310651e-05
1.083333333333333393e+01 -3.815314586857087437e-02 2.105835681727624730e-05
1.104166666666666785e+01 -3.776062407328577980e-02 2.108417223865599903e-05
1.125000000000000000e+01 -3.737178934860316271e-02 2.087917014691828774e-05
1.145833333333333393e+01 -3.665700073495234412e-02 2.006434850380913731e-05
1.166666666666666785e+01 -3.601426743759901516e-02 1.952146423388984660e-05
1.187500000000000000e+01 -3.572204998930221531e-02 1.980435961306826196e-05
1.208333333333333393e+01 -3.547925080141051124e-02 1.993766726077360107e-05
1.229166666666666785e+01 -3.524226528456353424e-02 2.001026874886716121e-05
1.250000000000000000e+01 -3.488375437302793786e-02 1.998745972085189159e-05
1.270833333333333393e+01 -3.435487711278824297e-02 2.159474637450322141e-05
1.291666666666666785e+01 -3.398275867379305093e-02 2.174236082866518109e-05
1.312500000000000000e+01 -3.358022542380336567e-02 2.213536111976250156e-05
1.333333333333333393e+01 -3.332807667391000928e-02 2.080240200894357836e-05
1.354166666666666785e+01 -3.326318728326066454e-02 2.006074189911619143e-05
1.375000000000000000e+01 -3.323187511840842295e-02 1.995144709881663765e-05
1.395833333333333393e+01 -3.317907659959677680e-02 1.980052861996302918e-05
1.416666666666666785e+01 -3.300851177893058402e-02 1.966587433203590880e-05
1.437500000000000000e+01 -3.275873180294684717e-02 1.978619011087483034e-05
1.458333333333333393e+01 -3.253160617542209809e-02 1.959090459196647491e-05
1.479166666666666785e+01 -3.237515580223012529e-02 1.958839161434346149e-05
1.500000000000000000e+01 -3.226918690256265487e-02 1.955716462032901524e-05
1.520833333333333393e+01 -3.197396137892107720e-02 1.927026628357865284e-05
1.541666666666666785e+01 -3.145876826620416095e-02 1.856044628286998517e-05
1.562500000000000000e+01 -3.116651536252336430e-02 1.837036216174609349e-05
1.583333333333333393e+01 -3.107221233635240956e-02 1.829888228048592706e-05
1.604166666666666785e+01 -3.097272701391334121e-02 1.838332335446723231e-05
1.625000000000000000e+01 -3.095780050587536650e-02 1.830021527441351372e-05
1.645833333333333570e+01 -3.080326849613889556e-02 1.800788068619090388e-05
1.666666666666666785e+01 -3.080612003923302589e-02 1.826919114951738160e-05
1.687500000000000000e+01 -3.068969687608917585e-02 1.880154199857424132e-05
1.708333333333333570e+01 -3.056208087380066218e-02 1.929148517793819210e-05
1.729166666666666785e+01 -3.043301578590262846e-02 1.949962317036188850e-05
1.750000000000000000e+01 -3.046557234979550832e-02 1.939588663639126939e-05
1.770833333333333570e+01 -3.055891038154058548e-02 1.966379878627450573e-05
1.791666666666666785e+01 -3.047430385563480726e-02 1.980751154705919675e-05
1.812500000000000000e+01 -3.049185204505948724e-02 2.043245941398756893e-05
1.833333333333333570e+01 -3.037184836920603370e-02 2.034938154692679901e-05
1.854166666666666785e+01 -3.034095796010299537e-02 2.037542679774922213e-05
1.875000000000000000e+01 -3.034575531193568071e-02 2.052981936322382123e-05
1.895833333333333570e+01 -3.030152905231155158e-02 2.070137434078665072e-05
1.916666666666666785e+01 -3.014371226731406977e-02 2.019476507605070690e-05
1.937500000000000000e+01 -2.991739926467067157e-02 2.017671335242917426e-05
1.958333333333333570e+01 -2.969768160230192022e-02 1.978324241430279361e-05
1.979166666666666785e+01 -2.947599962007557695e-02 1.933677659192202796e-05
2.000000000000000000e+01 -2.931976164418676270e-02 1.908156484076419050e-05
2.020833333333333570e+01 -2.917441870684776145e-02 1.871490446971206859e-05
2.041666666666666785e+01 -2.895342559758477471e-02 1.831512235799795377e-05
2.062500000000000000e+01 -2.865718042603774413e-02 1.803575412522320811e-05
2.083333333333333570e+01 -2.837698680383701766e-02 1.797840225501384721e-05
2.104166666666666785e+01 -2.810968724819442807e-02 1.811333873929207633e-05
2.125000000000000000e+01 -2.794881112554559871e-02 1.825694572130346036e-05
2.145833333333333570e+01 -2.759877165336158122e-02 1.786448532749858439e-05
2.166666666666666785e+01 -2.730143249462003291e-02 1.740562774841237473e-05
2.187500000000000000e+01 -2.718804727337104793e-02 1.710094363650115163e-05
2.208333333333333570e+01 -2.696765812425377246e-02 1.682070699044432204e-05
2.229166666666666785e+01 -2.702738972957307098e-02 1.730908372909256774e-05
2.250000000000000000e+01 -2.700050600626257430e-02 1.765612403288063746e-05
2.270833333333333570e+01 -2.691619457936784976e-02 1.758372574035478619e-05
2.291666666666666785e+01 -2.686410984544217867e-02 1.746221054263663906e-05
2.312500000000000000e+01 -2.683204104046455624e-02 1.728244352815622024e-05
2.333333333333333570e+01 -2.682947648281178155e-02 1.716563159094324748e-05
2.354166666666666785e+01 -2.665478199539238896e-02 1.715908697481707777e-05
2.375000000000000000e+01 -2.649975636188207223e-02 1.750740242613632952e-05
2.395833333333333570e+01 -2.641542898078702226e-02 1.769046357777675693e-05
2.416666666666666785e+01 -2.630539915063669770e-02 1.780490505591817080e-05
2.437500000000000000e+01 -2.603607159950033223e-02 1.755906617497121947e-05
2.458333333333333570e+01 -2.554655330734614815e-02 1.659157966696238383e-05
2.479166666666666785e+01 -2.523819809914281190e-02 1.628419392308266529e-05
2.500000000000000000e+01 -2.506006388543095820e-02 1.691510909414556876e-05
2.520833333333333570e+01 -2.516542058102633553e-02 1.824219368121092038e-05
2.541666666666666785e+01 -2.520369130535782265e-02 1.770371497721299662e-05
2.562500000000000000e+01 -2.520676753317262209e-02 1.685358169009724971e-05
2.583333333333333570e+01 -2.532849120827225867e-02 1.674732644000578516e-05
2.604166666666666785e+01 -2.520015819800028659e-02 1.650245780287595658e-05
2.625000000000000000e+01 -2.536700192463102466e-02 1.682710013182807461e-05
2.645833333333333570e+01 -2.553869004215553878e-02 1.715975457746614371e-05
2.666666666666666785e+01 -2.548705441273173278e-02 1.687989423129285390e-05
2.687500000000000000e+01 -2.532997312518195376e-02 1.667781555482126377e-05
2.708333333333333570e+01 -2.524679057087754475e-02 1.649050226215242429e-05
2.729166666666666785e+01 -2.506327410134777389e-02 1.639998527498416869e-05
2.750000000000000000e+01 -2.498661289823648005e-02 1.658042262681222267e-05
2.770833333333333570e+01 -2.488218410797200797e-02 1.659888116975940167e-05
2.791666666666666785e+01 -2.483205350907870257e-02 1.689508830651331972e-05
2.812500000000000000e+01 -2.483064585308474709e-02 1.689869030709439100e-05
2.833333333333333570e+01 -2.504694886509815921e-02 1.760655463631723109e-05
2.854166666666666785e+01 -2.517052159426882638e-02 1.774143992969371954e-05
2.875000000000000000e+01 -2.521035073537486459e-02 1.744038795043053461e-05
2.895833333333333570e+01 -2.515414683451516753e-02 1.698209184084989809e-05
2.916666666666666785e+01 -2.519632257954854127e-02 1.713351507799847895e-05
2.937500000000000000e+01 -2.567525165154368322e-02 1.812496480607837058e-05
2.958333333333333570e+01 -2.583262764777815440e-02 1.811746448546407791e-05
2.979166666666666785e+01 -2.580825058295870000e-02 1.792366560136890663e-05
3.000000000000000000e+01 -2.570269995347160968e-02 1.768552154907650025e-05
3.020833333333333570e+01 -2.580825058295872082e-02 1.792366560136890663e-05
3.041666666666666785e+01 -2.583262764777806419e-02 1.811746448546411518e-05
3.062500000000000000e+01 -2.567525165154366240e-02 1.812496480607840785e-05
3.083333333333333570e+01 -2.519632257954854127e-02 1.713351507799849927e-05
3.104166666666666785e+01 -2.515414683451518141e-02 1.698209184084992858e-05
3.125000000000000000e+01 -2.521035073537481602e-02 1.744038795043057865e-05
3.145833333333333570e+01 -2.517052159426878127e-02 1.774143992969376020e-05
3.166666666666666785e+01 -2.504694886509821125e-02 1.760655463631726159e-05
3.187500000000000000e+01 -2.483064585308473668e-02 1.689869030709441133e-05
3.208333333333333570e+01 -2.483205350907876155e-02 1.689508830651331972e-05
3.229166666666667140e+01 -2.488218410797188307e-02 1.659888116975941183e-05
3.250000000000000000e+01 -2.498661289823651127e-02 1.658042262681222605e-05
3.270833333333333570e+01 -2.506327410134780859e-02 1.639998527498415514e-05
3.291666666666667140e+01 -2.524679057087756556e-02 1.649050226215240057e-05
3.312500000000000000e+01 -2.532997312518196764e-02 1.667781555482124344e-05
3.333333333333333570e+01 -2.548705441273167727e-02 1.687989423129282679e-05
3.354166666666667140e+01 -2.553869004215559430e-02 1.715975457746610644e-05
3.375000000000000000e+01 -2.536700192463110792e-02 1.682710013182804750e-05
3.395833333333333570e+01 -2.520015819800026230e-02 1.650245780287594303e-05
3.416666666666667140e+01 -2.532849120827224479e-02 1.674732644000577161e-05
3.437500000000000000e+01 -2.520676753317263596e-02 1.685358169009723955e-05
3.458333333333333570e+01 -2.520369130535792326e-02 1.770371497721299662e-05
3.479166666666667140e+01 -2.516542058102625226e-02 1.824219368121094410e-05
3.500000000000000000e+01 -2.506006388543095126e-02 1.691510909414557215e-05
3.520833333333333570e+01 -2.523819809914287782e-02 1.628419392308265852e-05
3.541666666666667140e+01 -2.554655330734603713e-02 1.659157966696239738e-05
3.562500000000000000e+01 -2.603607159950034264e-02 1.755906617497121608e-05
3.583333333333333570e+01 -2.630539915063666995e-02 1.780490505591816742e-05
3.604166666666667140e+01 -2.641542898078715063e-02 1.769046357777675355e-05
3.625000000000000000e+01 -2.649975636188204448e-02 1.750740242613634646e-05
3.645833333333333570e+01 -2.665478199539233345e-02 1.715908697481709471e-05
3.666666666666667140e+01 -2.682947648281171216e-02 1.716563159094327119e-05
3.687500000000000000e+01 -2.683204104046467073e-02 1.728244352815623718e-05
3.708333333333333570e+01 -2.686410984544215091e-02 1.746221054263668649e-05
3.729166666666667140e+01 -2.691619457936759996e-02 1.758372574035485056e-05
3.750000000000000000e+01 -2.700050600626261940e-02 1.765612403288064424e-05
3.770833333333333570e+01 -2.702738972957316466e-02 1.730908372909254741e-05
3.791666666666667140e+01 -2.696765812425382797e-02 1.682070699044430848e-05
3.812500000000000000e+01 -2.718804727337095772e-02 1.710094363650114147e-05
3.833333333333333570e+01 -2.730143249461997046e-02 1.740562774841235101e-05
3.854166666666667140e+01 -2.759877165336162633e-02 1.786448532749855051e-05
3.875000000000000000e+01 -2.794881112554567504e-02 1.825694572130341631e-05
3.895833333333333570e+01 -2.810968724819444542e-02 1.811333873929206955e-05
3.916666666666667140e+01 -2.837698680383703848e-02 1.797840225501385399e-05
3.937500000000000000e+01 -2.865718042603763310e-02 1.803575412522321827e-05
3.958333333333333570e+01 -2.895342559758488921e-02 1.831512235799795716e-05
3.979166666666667140e+01 -2.917441870684783084e-02 1.871490446971207537e-05
4.000000000000000000e+01 -2.931976164418674535e-02 1.908156484076422438e-05
4.020833333333333570e+01 -2.947599962007557001e-02 1.933677659192205506e-05
4.041666666666667140e+01 -2.969768160230169124e-02 1.978324241430284443e-05
4.062500000000000000e+01 -2.991739926467078259e-02 2.017671335242920814e-05
4.083333333333333570e+01 -3.014371226731412529e-02 2.019476507605076111e-05
4.104166666666667140e+01 -3.030152905231157587e-02 2.070137434078672187e-05
4.125000000000000000e+01 -3.034575531193555234e-02 2.052981936322389577e-05
4.145833333333333570e+01 -3.034095796010300231e-02 2.037542679774931022e-05
4.166666666666667140e+01 -3.037184836920616554e-02 2.034938154692684983e-05
4.187500000000000000e+01 -3.049185204505947683e-02 2.043245941398764347e-05
4.208333333333333570e+01 -3.047430385563487665e-02 1.980751154705924418e-05
4.229166666666667140e+01 -3.055891038154037037e-02 1.966379878627456333e-05
4.250000000000000000e+01 -3.046557234979554302e-02 1.939588663639129650e-05
4.270833333333333570e+01 -3.043301578590278805e-02 1.949962317036191221e-05
4.291666666666667140e+01 -3.056208087380053035e-02 1.929148517793823954e-05
4.312500000000000000e+01 -3.068969687608930075e-02 1.880154199857426504e-05
4.333333333333333570e+01 -3.080612003923304670e-02 1.826919114951740193e-05
4.354166666666667140e+01 -3.080326849613899270e-02 1.800788068619093099e-05
4.375000000000000000e+01 -3.095780050587527282e-02 1.830021527441351372e-05
4.395833333333333570e+01 -3.097272701391341060e-02 1.838332335446723570e-05
4.416666666666667140e+01 -3.107221233635246854e-02 1.829888228048593045e-05
4.437500000000000000e+01 -3.116651536252323246e-02 1.837036216174609010e-05
4.458333333333333570e+01 -3.145876826620436911e-02 1.856044628286997839e-05
4.479166666666667140e+01 -3.197396137892106333e-02 1.927026628357865961e-05
4.500000000000000000e+01 -3.226918690256268957e-02 1.955716462032905929e-05
4.520833333333333570e+01 -3.237515580223003508e-02 1.958839161434353603e-05
4.541666666666667140e+01 -3.253160617542202870e-02 1.959090459196652573e-05
4.562500000000000000e+01 -3.275873180294690962e-02 1.978619011087485405e-05
4.583333333333333570e+01 -3.300851177893046606e-02 1.966587433203591896e-05
4.604166666666667140e+01 -3.317907659959687394e-02 1.980052861996302240e-05
4.625000000000000000e+01 -3.323187511840846459e-02 1.995144709881660039e-05
4.645833333333333570e+01 -3.326318728326066454e-02 2.006074189911617788e-05
4.666666666666667140e+01 -3.332807667390995376e-02 2.080240200894354448e-05
4.687500000000000000e+01 -3.358022542380342812e-02 2.213536111976246090e-05
4.708333333333333570e+01 -3.398275867379311338e-02 2.174236082866514721e-05
4.729166666666667140e+01 -3.435487711278810419e-02 2.159474637450320108e-05
4.750000000000000000e+01 -3.488375437302802112e-02 1.998745972085187804e-05
4.770833333333333570e+01 -3.524226528456358282e-02 2.001026874886715104e-05
4.791666666666667140e+01 -3.547925080141038634e-02 1.993766726077360446e-05
4.812500000000000000e+01 -3.572204998930220143e-02 1.980435961306826874e-05
4.833333333333333570e+01 -3.601426743759907761e-02 1.952146423388981950e-05
4.854166666666667140e+01 -3.665700073495228861e-02 2.006434850380910682e-05
4.875000000000000000e+01 -3.737178934860312107e-02 2.087917014691822337e-05
4.895833333333333570e+01 -3.776062407328588388e-02 2.108417223865593126e-05
4.916666666666667140e+01 -3.815314586857085355e-02 2.105835681727618631e-05
4.937500000000000000e+01 -3.854021194531440098e-02 2.130994947090304891e-05
4.958333333333333570e+01 -3.912977657873120685e-02 2.154811835442870950e-05
4.979166666666667140e+01 -3.944497867504735689e-02 2.140145017284224136e-05
5.000000000000000000e+01 -3.988309462662577992e-02 2.129096101380336404e-05
5.020833333333333570e+01 -4.016983302582274873e-02 2.099643226370807389e-05
5.041666666666667140e+01 -4.040816485519624357e-02 2.064169942412002172e-05
5.062500000000000000e+01 -4.093018959837202431e-02 2.079911015892605715e-05
5.083333333333333570e+01 -4.188021822931850546e-02 2.158791374114430752e-05
5.104166666666667140e+01 -4.257008023484640247e-02 2.191386195764107468e-05
5.125000000000000000e+01 -4.309272913947573280e-02 2.195110425665156397e-05
5.145833333333333570e+01 -4.366128299753330166e-02 2.210456115036774018e-05
5.166666666666667140e+01 -4.448429141282277816e-02 2.254374393991670657e-05
5.187500000000000000e+01 -4.525957252310357920e-02 2.299019881957879686e-05
5.208333333333333570e+01 -4.604088164658839966e-02 2.314792660251054112e-05
5.229166666666667140e+01 -4.687279021652397681e-02 2.350309093382814364e-05
5.250000000000000000e+01 -4.748118586365451810e-02 2.373559453579053880e-05
5.270833333333333570e+01 -4.833298228046919998e-02 2.423705555863134314e-05
5.291666666666667140e+01 -4.885344994572062005e-02 2.385439857391204998e-05
5.312500000000000000e+01 -4.949413809208415976e-02 2.428839821467912891e-05
5.333333333333333570e+01 -5.019277710495269329e-02 2.498545951727532754e-05
5.354166666666667140e+01 -5.071816217159867690e-02 2.521263407315425069e-05
5.375000000000000000e+01 -5.105183907181155833e-02 2.344324236689427707e-05
5.395833333333333570e+01 -5.151952644706307011e-02 2.318149058685075591e-05
5.416666666666667140e+01 -5.207532663571887155e-02 2.305016652806984179e-05
5.437500000000000000e+01 -5.312027168561939128e-02 2.376736025404776217e-05
5.458333333333333570e+01 -5.424702670923889358e-02 2.445995797960429167e-05
5.479166666666667140e+01 -5.545417265785961003e-02 2.498643146777370793e-05
5.500000000000000000e+01 -5.657630567189374238e-02 2.541584292877637315e-05
5.520833333333333570e+01 -5.795399198668164942e-02 2.639437844051949357e-05
5.541666666666667140e+01 -5.955325840704769891e-02 2.846895486905448811e-05
5.562500000000000000e+01 -6.125823054087077557e-02 3.128720511789674180e-05
5.583333333333333570e+01 -6.311331563559685609e-02 3.283307511006651122e-05
5.604166666666667140e+01 -6.540940489203643515e-02 3.825856036093272316e-05
5.625000000000000000e+01 -6.787543547621668893e-02 4.076651087413189355e-05
5.645833333333333570e+01 -7.055908743614305867e-02 3.910196263047575590e-05
5.666666666666667140e+01 -7.380230604589689547e-02 4.107396425115064409e-05
5.687500000000000000e+01 -7.745569178167244218e-02 3.648391993477953998e-05
5.708333333333333570e+01 -8.183750375698306545e-02 3.411403133128783035e-05
5.729166666666667140e+01 -8.717081280575643409e-02 3.515922924076799014e-05
5.750000000000000000e+01 -9.329445866752156258e-02 3.394563981700380890e-05
5.770833333333333570e+01 -1.002259595883533416e-01 3.445075517966275826e-05
5.791666666666667140e+01 -1.088145980655481071e-01 3.594891763301577911e-05
5.812500000000000000e+01 -1.189824197314000020e-01 3.763294736165806952e-05
5.833333333333333570e+01 -1.320213846601357432e-01 4.045118442269411251e-05
5.854166666666667140e+01 -1.480998815821324421e-01 4.267832210894185519e-05
5.875000000000000000e+01 -1.680936526215346949e-01 4.878684120724772268e-05
5.895833333333333570e+01 -1.936636976181840830e-01 5.730315794091441948e-05
5.916666666666667140e+01 -2.270052164255483285e-01 6.730247812603695886e-05
5.937500000000000000e+01 -2.699888883761291103e-01 8.195079854907586316e-05
5.958333333333333570e+01 -3.261658560858788913e-01 9.557055708405426940e-05
5.979166666666667140e+01 -4.005996048355383587e-01 1.176553780413939630e-04
6.000000000000000000e+01 -5.000000000000006661e-01 1.485122889215508045e-04
