0.000000000000000000e+00 -5.000000000000005551e-01 2.745664184417049376e-05
2.083333333333333426e-01 -3.830224074389261824e-01 2.230735244738158755e-05
4.166666666666666852e-01 -2.968463013428577213e-01 1.999430633320029718e-05
6.250000000000000000e-01 -2.326844015473891747e-01 2.147063100974407613e-05
8.333333333333333703e-01 -1.845798397630400989e-01 2.145762518162036179e-05
1.041666666666666741e+00 -1.478341538877485928e-01 2.042191892670061179e-05
1.250000000000000000e+00 -1.199449653845597874e-01 2.041695217892025333e-05
1.458333333333333481e+00 -9.802320747940701517e-02 2.089269343219236265e-05
1.666666666666666741e+00 -8.081703255954718335e-02 2.122469755359435980e-05
1.875000000000000000e+00 -6.707702410927998682e-02 2.135097659168285817e-05
2.083333333333333481e+00 -5.619669022119297419e-02 2.139951495959643190e-05
2.291666666666666963e+00 -4.773478235796831115e-02 2.205390396435267600e-05
2.500000000000000000e+00 -4.088170220810726646e-02 2.248283211279807840e-05
2.708333333333333481e+00 -3.523411158727197956e-02 2.296579329137677286e-05
2.916666666666666963e+00 -3.049885153497414181e-02 2.262744713212327025e-05
3.125000000000000000e+00 -2.635091481516770376e-02 2.161943885931744136e-05
3.333333333333333481e+00 -2.301905022624903957e-02 2.154067525863295903e-05
3.541666666666666963e+00 -2.024728709916573388e-02 2.145335903569849643e-05
3.750000000000000000e+00 -1.823687158710399908e-02 2.263788762131255136e-05
3.958333333333333481e+00 -1.632321592966952048e-02 2.436917946276692630e-05
4.166666666666666963e+00 -1.452808470156619590e-02 2.453503910554994251e-05
4.375000000000000000e+00 -1.300239268463533951e-02 2.515754815221183307e-05
4.583333333333333925e+00 -1.120385197096432535e-02 2.141511231012822229e-05
4.791666666666666963e+00 -9.893672323252668613e-03 1.957752955129298902e-05
5.000000000000000000e+00 -8.965579271071617840e-03 2.001357205808772824e-05
5.208333333333333925e+00 -8.113930658853633210e-03 1.995791396132443065e-05
5.416666666666666963e+00 -7.127445241299581492e-03 1.829936326963189349e-05
5.625000000000000000e+00 -6.259972516901629071e-03 1.676541408013866339e-05
5.833333333333333925e+00 -5.480781366505611991e-03 1.536217674434256340e-05
6.041666666666666963e+00 -4.956915062469605983e-03 1.730014520763860434e-05
6.250000000000000000e+00 -4.645969600324483494e-03 2.175197863470890015e-05
6.458333333333333925e+00 -4.306167689599255805e-03 2.260950080727061620e-05
6.666666666666666963e+00 -4.235182844277586740e-03 2.841388178818267068e-05
6.875000000000000000e+00 -4.185548622215100496e-03 3.466305147501364702e-05
7.083333333333333925e+00 -3.494308085355878404e-03 2.682956131979169007e-05
7.291666666666666963e+00 -2.784076753417596018e-03 1.859229207775974177e-05
7.500000000000000000e+00 -2.210253229962494056e-03 1.203637019616531919e-05
7.708333333333333925e+00 -1.817801881062567270e-03 8.382249635904567375e-06
7.916666666666666963e+00 -1.611693243958438717e-03 7.375021423899362650e-06
8.125000000000000000e+00 -1.390622229116445212e-03 5.895098340414017860e-06
8.333333333333333925e+00 -1.232065710273842849e-03 5.020214169290589755e-06
8.541666666666667851e+00 -1.090807376878006295e-03 4.478363461834580387e-06
8.750000000000000000e+00 -1.012284223996277053e-03 4.969022011759708613e-06
8.958333333333333925e+00 -9.240308881522302014e-04 4.997769474840688507e-06
9.166666666666667851e+00 -8.133269262712637497e-04 4.077994833760831210e-06
9.375000000000000000e+00 -7.315043391271794718e-04 3.501548139588423290e-06
9.583333333333333925e+00 -6.638231561631455831e-04 3.003190603235853576e-06
9.791666666666667851e+00 -6.081180589553024938e-04 2.904952621982525721e-06
1.000000000000000000e+01 -5.076574349125439209e-04 2.212163965158913771e-06
1.020833333333333393e+01 -4.167216539712294884e-04 1.576023847994665528e-06
1.041666666666666785e+01 -3.479534543212718135e-04 1.159575199000675945e-06
1.062500000000000000e+01 -2.978936138161690375e-04 9.166389243413579791e-07
1.083333333333333393e+01 -2.597722486973358023e-04 8.055493214439085095e-07
1.104166666666666785e+01 -2.311879657976893213e-04 6.510377476006347867e-07
1.125000000000000000e+01 -2.072847922618295622e-04 5.321614439546884679e-07
1.145833333333333393e+01 -1.896336184792837701e-04 4.831290265548772279e-07
1.166666666666666785e+01 -1.761111824788353546e-04 4.465857327626547081e-07
1.187500000000000000e+01 -1.586437785228551293e-04 4.023179235441286730e-07
1.208333333333333393e+01 -1.459980215762747232e-04 3.547443741356478764e-07
1.229166666666666785e+01 -1.384797769339620171e-04 3.455814885790395572e-07
1.250000000000000000e+01 -1.309716855088010538e-04 3.491774511574439683e-07
1.270833333333333393e+01 -1.252378202854964769e-04 3.626909019125947398e-07
1.291666666666666785e+01 -1.089076114591470338e-04 2.997260562910554344e-07
1.312500000000000000e+01 -9.491823405667080204e-05 2.519128794522800698e-07
1.333333333333333393e+01 -8.552976583913473078e-05 2.243528353641924112e-07
1.354166666666666785e+01 -7.793333611005579030e-05 2.351564119227869949e-07
1.375000000000000000e+01 -7.331720577950984934e-05 2.649830582886873141e-07
1.395833333333333393e+01 -7.280613282993298678e-05 3.104412029187482476e-07
1.416666666666666785e+01 -6.287631731358595552e-05 2.645013517852903301e-07
1.437500000000000000e+01 -5.765613260866810384e-05 2.334854248100982133e-07
1.458333333333333393e+01 -4.787441696717068017e-05 1.783979155508903135e-07
1.479166666666666785e+01 -4.021330286379647009e-05 1.346513950818760139e-07
1.500000000000000000e+01 -3.662692654143124351e-05 1.099687340126409326e-07
1.520833333333333393e+01 -3.178988902084254866e-05 9.986354629629304572e-08
1.541666666666666785e+01 -2.976818535618193135e-05 9.289192824613651072e-08
1.562500000000000000e+01 -2.760977356621342472e-05 8.663894879797558729e-08
1.583333333333333393e+01 -2.423088696116550091e-05 7.967414474184803408e-08
1.604166666666666785e+01 -2.287230035776711103e-05 6.860628654867961151e-08
1.625000000000000000e+01 -2.026499696198652513e-05 6.282975511335455353e-08
1.645833333333333570e+01 -1.746388548759949622e-05 5.344455270312561889e-08
1.666666666666666785e+01 -1.714818005471748291e-05 4.849452384246752764e-08
1.687500000000000000e+01 -1.402811856752940968e-05 4.259082762525794543e-08
1.708333333333333570e+01 -1.294566995824436569e-05 3.657388680145800587e-08
1.729166666666666785e+01 -1.179198395075294997e-05 2.980029197527376751e-08
1.750000000000000000e+01 -9.000712911855353351e-06 2.386608667529063571e-08
1.770833333333333570e+01 -9.373147245200275280e-06 2.141327521004487069e-08
1.791666666666666785e+01 -7.907646688604153299e-06 1.883626168749033230e-08
1.812500000000000000e+01 -6.512398382481841425e-06 1.613708178394227739e-08
1.833333333333333570e+01 -7.048106471795372179e-06 1.389686589315598097e-08
1.854166666666666785e+01 -5.294780335189906513e-06 1.295740213045514137e-08
1.875000000000000000e+01 -5.412453747563076470e-06 1.273152408496978743e-08
1.895833333333333570e+01 -5.433822791040306646e-06 1.204265072696587806e-08
1.916666666666666785e+01 -3.850400571710535356e-06 1.232692682562170768e-08
1.937500000000000000e+01 -4.613476892032047059e-06 1.114503618341485650e-08
1.958333333333333570e+01 -3.813489966784976580e-06 1.092319837201694805e-08
1.979166666666666785e+01 -2.931739709212603757e-06 9.091829062287892626e-09
2.000000000000000000e+01 -3.828207444600962615e-06 8.274707626364873990e-09
2.020833333333333570e+01 -2.279219693868516980e-06 7.213524864678664097e-09
2.041666666666666785e+01 -2.485709753038985425e-06 6.451170802909675646e-09
2.062500000000000000e+01 -2.656239093914765420e-06 5.412756368207957862e-09
2.083333333333333570e+01 -1.249005874216690669e-06 4.798277270140469058e-09
2.104166666666666785e+01 -2.254567715738997568e-06 4.570987386098526030e-09
2.125000000000000000e+01 -1.615002554411754729e-06 4.067588545271025773e-09
2.145833333333333570e+01 -1.040620236664030386e-06 3.996539303765224114e-09
2.166666666666666785e+01 -2.075538383866943595e-06 3.771231395473352166e-09
2.187500000000000000e+01 -8.423358378367025836e-07 3.824100953790206036e-09
2.208333333333333570e+01 -1.259460915460933691e-06 4.009282777612117353e-09
2.229166666666666785e+01 -1.604041373494700977e-06 3.658136839702034996e-09
2.250000000000000000e+01 -3.598432372317695633e-07 3.146865777960123940e-09
2.270833333333333570e+01 -1.381500433550607214e-06 2.886691865897853705e-09
2.291666666666666785e+01 -8.299532269106506733e-07 2.738779132149982597e-09
2.312500000000000000e+01 -2.712910576402968867e-07 2.216974368839094893e-09
2.333333333333333570e+01 -1.280384971574087023e-06 1.747415562308049618e-09
2.354166666666666785e+01 -9.817120001891196630e-08 1.411497470849842710e-09
2.375000000000000000e+01 -4.955990454514505556e-07 1.234309101580288208e-09
2.395833333333333570e+01 -8.963231914741468654e-07 1.083718917453151430e-09
2.416666666666666785e+01 2.264368438523325322e-07 1.020556076405356523e-09
2.437500000000000000e+01 -8.297869303956336330e-07 9.577588603949823592e-10
2.458333333333333570e+01 -3.407652221776297762e-07 8.413219970226948684e-10
2.479166666666666785e+01 1.315957706573409730e-07 7.786413302692589129e-10
2.500000000000000000e+01 -9.216960198252132325e-07 7.462923699057799150e-10
2.520833333333333570e+01 1.760798431815992171e-07 7.152915920402225433e-10
2.541666666666666785e+01 -2.500709980980342524e-07 6.576256060130474734e-10
2.562500000000000000e+01 -6.718080474976051100e-07 6.245167738475442973e-10
2.583333333333333570e+01 4.068369198437368800e-07 5.672070480359344324e-10
2.604166666666666785e+01 -6.476136016408437932e-07 5.431481929867664191e-10
2.625000000000000000e+01 -1.953279215983591271e-07 5.659014260754759540e-10
2.645833333333333570e+01 2.438570591298842307e-07 6.835890220277723621e-10
2.666666666666666785e+01 -7.984972737866229984e-07 6.805101916104388433e-10
2.687500000000000000e+01 2.552655666068165655e-07 7.511582111933202277e-10
2.708333333333333570e+01 -1.685409168007570888e-07 6.671192860643396919e-10
2.729166666666666785e+01 -5.889541814614967054e-07 6.107076430120335327e-10
2.750000000000000000e+01 4.752201420707216679e-07 5.371109357241440460e-10
2.770833333333333570e+01 -5.592525617562469575e-07 4.702488661188771852e-10
2.791666666666666785e+01 -1.205740079385849571e-07 4.667960127094947105e-10
2.812500000000000000e+01 3.180104632000596651e-07 4.644763859192860966e-10
2.833333333333333570e+01 -7.229209646069902889e-07 4.850784548580611708e-10
2.854166666666666785e+01 3.219142143613846369e-07 5.055967401544563818e-10
2.875000000000000000e+01 -1.024650788572211949e-07 4.512927728079486348e-10
2.895833333333333570e+01 -5.263839717802270727e-07 3.970517860810535914e-10
2.916666666666666785e+01 5.222190500674507376e-07 3.862422853016306313e-10
2.937500000000000000e+01 -5.113731637126197686e-07 3.479205210476740983e-10
2.958333333333333570e+01 -7.537938499010143716e-08 3.167758523279484978e-10
2.979166666666666785e+01 3.588584397884235355e-07 2.867348491432767318e-10
3.000000000000000000e+01 -6.789378767679288990e-07 2.659090488740652442e-10
3.020833333333333570e+01 3.588584397677924069e-07 2.867348491402674487e-10
3.041666666666666785e+01 -7.537938503537284680e-08 3.167758523255445559e-10
3.062500000000000000e+01 -5.113731637293923974e-07 3.479205210472533735e-10
3.083333333333333570e+01 5.222190500608317046e-07 3.862422853057793556e-10
3.104166666666666785e+01 -5.263839718140398868e-07 3.970517860752133861e-10
3.125000000000000000e+01 -1.024650788496352737e-07 4.512927728059994354e-10
3.145833333333333570e+01 3.219142143466389579e-07 5.055967401471605454e-10
3.166666666666666785e+01 -7.229209645891680804e-07 4.850784548479491980e-10
3.187500000000000000e+01 3.180104631820881141e-07 4.644763859041853976e-10
3.208333333333333570e+01 -1.205740079166959847e-07 4.667960126981555119e-10
3.229166666666667140e+01 -5.592525618182896857e-07 4.702488661015265549e-10
3.250000000000000000e+01 4.752201420530618780e-07 5.371109357132370492e-10
3.270833333333333570e+01 -5.889541814006154711e-07 6.107076430088032890e-10
3.291666666666667140e+01 -1.685409168293053020e-07 6.671192860672838345e-10
3.312500000000000000e+01 2.552655666052308140e-07 7.511582112004039957e-10
3.333333333333333570e+01 -7.984972737668676490e-07 6.805101916172473669e-10
3.354166666666667140e+01 2.438570590745748851e-07 6.835890220323320918e-10
3.375000000000000000e+01 -1.953279216115860759e-07 5.659014260769189706e-10
3.395833333333333570e+01 -6.476136016199391259e-07 5.431481929858524879e-10
3.416666666666667140e+01 4.068369198228765761e-07 5.672070480351545045e-10
3.437500000000000000e+01 -6.718080474723428818e-07 6.245167738474812247e-10
3.458333333333333570e+01 -2.500709981118349072e-07 6.576256060104747349e-10
3.479166666666667140e+01 1.760798432055080456e-07 7.152915920338292644e-10
3.500000000000000000e+01 -9.216960198278825510e-07 7.462923698882946610e-10
3.520833333333333570e+01 1.315957706512093014e-07 7.786413302437525919e-10
3.541666666666667140e+01 -3.407652221477793823e-07 8.413219969960715433e-10
3.562500000000000000e+01 -8.297869304438299136e-07 9.577588603637645629e-10
3.583333333333333570e+01 2.264368438416057864e-07 1.020556076376905853e-09
3.604166666666667140e+01 -8.963231914475601952e-07 1.083718917424862059e-09
3.625000000000000000e+01 -4.955990453982334873e-07 1.234309101567935919e-09
3.645833333333333570e+01 -9.817120004682966932e-08 1.411497470857156434e-09
3.666666666666667140e+01 -1.280384971579895128e-06 1.747415562326175420e-09
3.687500000000000000e+01 -2.712910576346081075e-07 2.216974368859990717e-09
3.708333333333333570e+01 -8.299532269180209188e-07 2.738779132176932969e-09
3.729166666666667140e+01 -1.381500433589144672e-06 2.886691865921638456e-09
3.750000000000000000e+01 -3.598432372397503077e-07 3.146865777980375390e-09
3.770833333333333570e+01 -1.604041373489155028e-06 3.658136839722586298e-09
3.791666666666667140e+01 -1.259460915386072919e-06 4.009282777633375895e-09
3.812500000000000000e+01 -8.423358378574104216e-07 3.824100953799907211e-09
3.833333333333333570e+01 -2.075538383916993501e-06 3.771231395477646888e-09
3.854166666666667140e+01 -1.040620236612083762e-06 3.996539303772773792e-09
3.875000000000000000e+01 -1.615002554406745800e-06 4.067588545274894497e-09
3.895833333333333570e+01 -2.254567715754045956e-06 4.570987386102068017e-09
3.916666666666667140e+01 -1.249005874210664029e-06 4.798277270153623712e-09
3.937500000000000000e+01 -2.656239093923221350e-06 5.412756368226718318e-09
3.958333333333333570e+01 -2.485709753065924884e-06 6.451170802926776778e-09
3.979166666666667140e+01 -2.279219693873402243e-06 7.213524864702662261e-09
4.000000000000000000e+01 -3.828207444605465442e-06 8.274707626390460340e-09
4.020833333333333570e+01 -2.931739709198340569e-06 9.091829062303657034e-09
4.041666666666667140e+01 -3.813489966742080291e-06 1.092319837201901931e-08
4.062500000000000000e+01 -4.613476892013141284e-06 1.114503618340505110e-08
4.083333333333333570e+01 -3.850400571706950713e-06 1.232692682560898564e-08
4.104166666666667140e+01 -5.433822791065904829e-06 1.204265072694650384e-08
4.125000000000000000e+01 -5.412453747546876118e-06 1.273152408495677588e-08
4.145833333333333570e+01 -5.294780335201797162e-06 1.295740213042968406e-08
4.166666666666667140e+01 -7.048106471833088862e-06 1.389686589312970971e-08
4.187500000000000000e+01 -6.512398382430294388e-06 1.613708178390696009e-08
4.208333333333333570e+01 -7.907646688606045571e-06 1.883626168744143930e-08
4.229166666666667140e+01 -9.373147245166590474e-06 2.141327521001016881e-08
4.250000000000000000e+01 -9.000712911791886866e-06 2.386608667525638051e-08
4.270833333333333570e+01 -1.179198395073393577e-05 2.980029197523094272e-08
4.291666666666667140e+01 -1.294566995820222580e-05 3.657388680143776972e-08
4.312500000000000000e+01 -1.402811856757593720e-05 4.259082762525246619e-08
4.333333333333333570e+01 -1.714818005474164029e-05 4.849452384246339835e-08
4.354166666666667140e+01 -1.746388548755621283e-05 5.344455270312297191e-08
4.375000000000000000e+01 -2.026499696197304036e-05 6.282975511335256830e-08
4.395833333333333570e+01 -2.287230035778837155e-05 6.860628654867779833e-08
4.416666666666667140e+01 -2.423088696117680032e-05 7.967414474185357950e-08
4.437500000000000000e+01 -2.760977356619273340e-05 8.663894879798384586e-08
4.458333333333333570e+01 -2.976818535621038488e-05 9.289192824613977974e-08
4.479166666666667140e+01 -3.178988902080836241e-05 9.986354629629894848e-08
4.500000000000000000e+01 -3.662692654143624439e-05 1.099687340126494029e-07
4.520833333333333570e+01 -4.021330286377833681e-05 1.346513950818822343e-07
4.541666666666667140e+01 -4.787441696712746794e-05 1.783979155508935163e-07
4.562500000000000000e+01 -5.765613260868851395e-05 2.334854248100915694e-07
4.583333333333333570e+01 -6.287631731353300580e-05 2.645013517852613192e-07
4.604166666666667140e+01 -7.280613282990536673e-05 3.104412029188052635e-07
4.625000000000000000e+01 -7.331720577944665391e-05 2.649830582891561997e-07
4.645833333333333570e+01 -7.793333611009001043e-05 2.351564119231248023e-07
4.666666666666667140e+01 -8.552976583909515740e-05 2.243528353643528445e-07
4.687500000000000000e+01 -9.491823405668851519e-05 2.519128794523039985e-07
4.708333333333333570e+01 -1.089076114591386177e-04 2.997260562910028125e-07
4.729166666666667140e+01 -1.252378202854514283e-04 3.626909019125118365e-07
4.750000000000000000e+01 -1.309716855088202713e-04 3.491774511574066459e-07
4.770833333333333570e+01 -1.384797769339351559e-04 3.455814885790379160e-07
4.791666666666667140e+01 -1.459980215762406251e-04 3.547443741356661935e-07
4.812500000000000000e+01 -1.586437785229108030e-04 4.023179235441574192e-07
4.833333333333333570e+01 -1.761111824788576079e-04 4.465857327626881659e-07
4.854166666666667140e+01 -1.896336184792978918e-04 4.831290265549088857e-07
4.875000000000000000e+01 -2.072847922617549691e-04 5.321614439547239374e-07
4.895833333333333570e+01 -2.311879657977574634e-04 6.510377476006827500e-07
4.916666666666667140e+01 -2.597722486973897955e-04 8.055493214439699194e-07
4.937500000000000000e+01 -2.978936138161335299e-04 9.166389243414200242e-07
4.958333333333333570e+01 -3.479534543213437504e-04 1.159575199000751543e-06
4.979166666666667140e+01 -4.167216539712165321e-04 1.576023847994774583e-06
5.000000000000000000e+01 -5.076574349125651713e-04 2.212163965159084025e-06
5.020833333333333570e+01 -6.081180589553070474e-04 2.904952621982759502e-06
5.041666666666667140e+01 -6.638231561631796271e-04 3.003190603236110227e-06
5.062500000000000000e+01 -7.315043391271867359e-04 3.501548139588780738e-06
5.083333333333333570e+01 -8.133269262712957337e-04 4.077994833761293690e-06
5.104166666666667140e+01 -9.240308881522579570e-04 4.997769474841307688e-06
5.125000000000000000e+01 -1.012284223996342322e-03 4.969022011760309159e-06
5.145833333333333570e+01 -1.090807376878083490e-03 4.478363461835096231e-06
5.166666666666667140e+01 -1.232065710273893590e-03 5.020214169291175902e-06
5.187500000000000000e+01 -1.390622229116479256e-03 5.895098340414727673e-06
5.208333333333333570e+01 -1.611693243958520032e-03 7.375021423900268975e-06
5.229166666666667140e+01 -1.817801881062616710e-03 8.382249635905595673e-06
5.250000000000000000e+01 -2.210253229962603344e-03 1.203637019616682013e-05
5.270833333333333570e+01 -2.784076753417777730e-03 1.859229207776215412e-05
5.291666666666667140e+01 -3.494308085356102617e-03 2.682956131979521712e-05
5.312500000000000000e+01 -4.185548622215364174e-03 3.466305147501822100e-05
5.333333333333333570e+01 -4.235182844277837408e-03 2.841388178818629937e-05
5.354166666666667140e+01 -4.306167689599473512e-03 2.260950080727335381e-05
5.375000000000000000e+01 -4.645969600324669976e-03 2.175197863471148191e-05
5.395833333333333570e+01 -4.956915062469791598e-03 1.730014520764038311e-05
5.416666666666667140e+01 -5.480781366505720412e-03 1.536217674434359000e-05
5.437500000000000000e+01 -6.259972516901765247e-03 1.676541408013933085e-05
5.458333333333333570e+01 -7.127445241299730679e-03 1.829936326963239155e-05
5.479166666666667140e+01 -8.113930658853739028e-03 1.995791396132484062e-05
5.500000000000000000e+01 -8.965579271071789577e-03 2.001357205808803317e-05
5.520833333333333570e+01 -9.893672323252810860e-03 1.957752955129326685e-05
5.541666666666667140e+01 -1.120385197096447627e-02 2.141511231012859499e-05
5.562500000000000000e+01 -1.300239268463552339e-02 2.515754815221224304e-05
5.583333333333333570e+01 -1.452808470156645264e-02 2.453503910555042362e-05
5.604166666666667140e+01 -1.632321592966972865e-02 2.436917946276760731e-05
5.625000000000000000e+01 -1.823687158710412051e-02 2.263788762131311718e-05
5.645833333333333570e+01 -2.024728709916594552e-02 2.145335903569879797e-05
5.666666666666667140e+01 -2.301905022624912978e-02 2.154067525863323686e-05
5.687500000000000000e+01 -2.635091481516780437e-02 2.161943885931773951e-05
5.708333333333333570e+01 -3.049885153497432222e-02 2.262744713212359551e-05
5.729166666666667140e+01 -3.523411158727207670e-02 2.296579329137718621e-05
5.750000000000000000e+01 -4.088170220810738442e-02 2.248283211279836639e-05
5.770833333333333570e+01 -4.773478235796835972e-02 2.205390396435279120e-05
5.791666666666667140e+01 -5.619669022119301582e-02 2.139951495959650982e-05
5.812500000000000000e+01 -6.707702410928000070e-02 2.135097659168288866e-05
5.833333333333333570e+01 -8.081703255954725273e-02 2.122469755359436658e-05
5.854166666666667140e+01 -9.802320747940711232e-02 2.089269343219236604e-05
5.875000000000000000e+01 -1.199449653845598429e-01 2.041695217892023639e-05
5.895833333333333570e+01 -1.478341538877486483e-01 2.042191892670067277e-05
5.916666666666667140e+01 -1.845798397630400711e-01 2.145762518162035163e-05
5.937500000000000000e+01 -2.326844015473892024e-01 2.147063100974416422e-05
5.958333333333333570e+01 -2.968463013428577768e-01 1.999430633320032429e-05
5.979166666666667140e+01 -3.830224074389262379e-01 2.230735244738114032e-05
6.000000000000000000e+01 -4.999999999999993894e-01 2.745664184417049376e-05
