0.000000000000000000e+00 -5.000000000000000000e-01 1.361601955120722140e-04
2.083333333333333426e-01 -4.014253892451854488e-01 1.079769144036414938e-04
4.166666666666666852e-01 -3.277759625150299949e-01 8.479421691747255187e-05
6.250000000000000000e-01 -2.724892240895300244e-01 6.784561949821560963e-05
8.333333333333333703e-01 -2.305919824434103926e-01 5.655020683595157012e-05
1.041666666666666741e+00 -1.979623826114663698e-01 4.939126786424516392e-05
1.250000000000000000e+00 -1.727320202179846165e-01 4.354660496604113569e-05
1.458333333333333481e+00 -1.527718521979696820e-01 4.010932025021605378e-05
1.666666666666666741e+00 -1.366206528465338244e-01 3.845225198241501306e-05
1.875000000000000000e+00 -1.238036093151841655e-01 3.812823586537415250e-05
2.083333333333333481e+00 -1.133753884265308320e-01 3.604957843748513220e-05
2.291666666666666963e+00 -1.046589452376914253e-01 3.499856954789011174e-05
2.500000000000000000e+00 -9.710370820231224720e-02 3.270851586067900855e-05
2.708333333333333481e+00 -9.104989262497521774e-02 3.097867161676274038e-05
2.916666666666666963e+00 -8.609293833170918175e-02 3.131069838818803665e-05
3.125000000000000000e+00 -8.173847831546846021e-02 3.324680215717868667e-05
3.333333333333333481e+00 -7.808562166817212269e-02 3.540571796249672323e-05
3.541666666666666963e+00 -7.477703649243108708e-02 3.199363366995981012e-05
3.750000000000000000e+00 -7.206975405753235364e-02 2.858445583926758711e-05
3.958333333333333481e+00 -6.973214154403400977e-02 2.646861573379424452e-05
4.166666666666666963e+00 -6.766939107697909905e-02 2.545551281225330006e-05
4.375000000000000000e+00 -6.552300754631038004e-02 2.444721826151337351e-05
4.583333333333333925e+00 -6.356146215323911497e-02 2.389673770003439653e-05
4.791666666666666963e+00 -6.155732330632744664e-02 2.336096207170539272e-05
5.000000000000000000e+00 -6.005477460776740412e-02 2.337431746693871369e-05
5.208333333333333925e+00 -5.859578555522707705e-02 2.290091039195020207e-05
5.416666666666666963e+00 -5.731162860425002836e-02 2.253286177846735373e-05
5.625000000000000000e+00 -5.613652163504718323e-02 2.215169770037925365e-05
5.833333333333333925e+00 -5.507173740790684280e-02 2.205840898491109403e-05
6.041666666666666963e+00 -5.401786209932539495e-02 2.168059776167877771e-05
6.250000000000000000e+00 -5.316695840715193744e-02 2.173323175233687825e-05
6.458333333333333925e+00 -5.224966813685870404e-02 2.159612507703411257e-05
6.666666666666666963e+00 -5.183266661935842512e-02 2.183530066955169179e-05
6.875000000000000000e+00 -5.116787729819333164e-02 2.163817006057960348e-05
7.083333333333333925e+00 -5.041272650423087032e-02 2.133655193121399970e-05
7.291666666666666963e+00 -4.972493661913141016e-02 2.109127809041424730e-05
7.500000000000000000e+00 -4.922933221516438695e-02 2.101189877235483199e-05
7.708333333333333925e+00 -4.891646736691317165e-02 2.128104551140334318e-05
7.916666666666666963e+00 -4.824364980990894503e-02 2.141799037150981269e-05
8.125000000000000000e+00 -4.784367569140096643e-02 2.174725576818763875e-05
8.333333333333333925e+00 -4.742548096132950808e-02 2.184626297423802145e-05
8.541666666666667851e+00 -4.667083959961457196e-02 2.107544936476024317e-05
8.750000000000000000e+00 -4.610438935627120260e-02 2.063153684392820462e-05
8.958333333333333925e+00 -4.576274055829249870e-02 2.068635875786043984e-05
9.166666666666667851e+00 -4.532054855949508437e-02 2.089527838320152323e-05
9.375000000000000000e+00 -4.476305970691750458e-02 2.112879074057919426e-05
9.583333333333333925e+00 -4.417954255213339676e-02 2.118081363412654147e-05
9.791666666666667851e+00 -4.369101165047565433e-02 2.135535918586318945e-05
1.000000000000000000e+01 -4.356811740709838621e-02 2.129805949374210481e-05
1.020833333333333393e+01 -4.328074506490169060e-02 2.094339888385868172e-05
1.041666666666666785e+01 -4.288738889977602303e-02 2.093631338329921411e-05
1.062500000000000000e+01 -4.244721261693192027e-02 2.066378597304323943e-05
1.083333333333333393e+01 -4.189757700092067855e-02 2.050267041670860961e-05
1.104166666666666785e+01 -4.169752117323924367e-02 2.098624391228983940e-05
1.125000000000000000e+01 -4.144604615750908938e-02 2.194476502569153720e-05
1.145833333333333393e+01 -4.097708373041454577e-02 2.294176517843682334e-05
1.166666666666666785e+01 -4.052716521712577957e-02 2.398898523900387403e-05
1.187500000000000000e+01 -3.978010130840544528e-02 2.226293838408026677e-05
1.208333333333333393e+01 -3.912582294718555675e-02 2.050407677914592647e-05
1.229166666666666785e+01 -3.861031862691240851e-02 1.927662395014171631e-05
1.250000000000000000e+01 -3.834865547364253030e-02 1.902844864049931157e-05
1.270833333333333393e+01 -3.814035424922575246e-02 1.894012894216708518e-05
1.291666666666666785e+01 -3.794174359136617825e-02 1.917117792126755589e-05
1.312500000000000000e+01 -3.748058680745328802e-02 1.895147956937707413e-05
1.333333333333333393e+01 -3.707966242504524834e-02 1.866447430666991788e-05
1.354166666666666785e+01 -3.675022383000222520e-02 1.885105691966773971e-05
1.375000000000000000e+01 -3.655053769066814173e-02 1.878234096426883014e-05
1.395833333333333393e+01 -3.627226376926884904e-02 1.896815841556949959e-05
1.416666666666666785e+01 -3.602833575625274953e-02 1.872628447959668208e-05
1.437500000000000000e+01 -3.581954326653952192e-02 1.900313217972300208e-05
1.458333333333333393e+01 -3.555404300608140666e-02 1.895778597346589844e-05
1.479166666666666785e+01 -3.524809466443750566e-02 1.858383101652044385e-05
1.500000000000000000e+01 -3.487971059226362136e-02 1.807980057190639953e-05
1.520833333333333393e+01 -3.446315283061573975e-02 1.766663092622810865e-05
1.541666666666666785e+01 -3.421038332646159780e-02 1.769383629733914073e-05
1.562500000000000000e+01 -3.398004370753993086e-02 1.770396843014582886e-05
1.583333333333333393e+01 -3.387077755499667830e-02 1.795679522461402541e-05
1.604166666666666785e+01 -3.355927965089459952e-02 1.775550576703455465e-05
1.625000000000000000e+01 -3.325389713288590815e-02 1.786860420253051548e-05
1.645833333333333570e+01 -3.316644848979791865e-02 1.785994314401308635e-05
1.666666666666666785e+01 -3.330590647049823383e-02 1.792510469573001312e-05
1.687500000000000000e+01 -3.336201043393932641e-02 1.804271802219723544e-05
1.708333333333333570e+01 -3.349903209207738541e-02 1.865858250857910884e-05
1.729166666666666785e+01 -3.324833189244878751e-02 1.896280606149247492e-05
1.750000000000000000e+01 -3.292542475728238438e-02 1.896275357943999826e-05
1.770833333333333570e+01 -3.268286736847948737e-02 1.932626645677611534e-05
1.791666666666666785e+01 -3.212193868463039670e-02 1.868831444572279445e-05
1.812500000000000000e+01 -3.163917497436038312e-02 1.812924610238889035e-05
1.833333333333333570e+01 -3.129099706724040864e-02 1.789747624773724231e-05
1.854166666666666785e+01 -3.084035777778554657e-02 1.724789358561699954e-05
1.875000000000000000e+01 -3.037103755859880613e-02 1.646813108182509428e-05
1.895833333333333570e+01 -3.010082169217803694e-02 1.614147888210809475e-05
1.916666666666666785e+01 -2.975244763929280056e-02 1.580669908026771477e-05
1.937500000000000000e+01 -2.976272016792572139e-02 1.595043787520296949e-05
1.958333333333333570e+01 -2.989254098000363596e-02 1.621832230953480108e-05
1.979166666666666785e+01 -2.993945080816303589e-02 1.650868396310476566e-05
2.000000000000000000e+01 -3.005441670410557986e-02 1.706219382167677701e-05
2.020833333333333570e+01 -3.006545402537878775e-02 1.734050219911941414e-05
2.041666666666666785e+01 -3.019395446508234618e-02 1.755118902620577521e-05
2.062500000000000000e+01 -3.008547100140237032e-02 1.742310455666824050e-05
2.083333333333333570e+01 -2.973472958556734255e-02 1.690672557175901687e-05
2.104166666666666785e+01 -2.949006765797488813e-02 1.653602316749352335e-05
2.125000000000000000e+01 -2.953815443676880911e-02 1.694356067646881828e-05
2.145833333333333570e+01 -2.941550614852477680e-02 1.669848809849452590e-05
2.166666666666666785e+01 -2.936088736077472824e-02 1.649906564423642429e-05
2.187500000000000000e+01 -2.934241019886449364e-02 1.668294790130159369e-05
2.208333333333333570e+01 -2.928028747858350128e-02 1.705882493780701083e-05
2.229166666666666785e+01 -2.910867774315070711e-02 1.693224614347855122e-05
2.250000000000000000e+01 -2.914210056079465788e-02 1.711118245907634707e-05
2.270833333333333570e+01 -2.902402328272533222e-02 1.695937987577358984e-05
2.291666666666666785e+01 -2.899915204429882876e-02 1.681138503756361268e-05
2.312500000000000000e+01 -2.883931506535678674e-02 1.652726625850899431e-05
2.333333333333333570e+01 -2.878598273557241710e-02 1.654193763335037984e-05
2.354166666666666785e+01 -2.890563410330714358e-02 1.692021575144166275e-05
2.375000000000000000e+01 -2.901558034239451120e-02 1.714037498603536864e-05
2.395833333333333570e+01 -2.900572595202302248e-02 1.706404086578448880e-05
2.416666666666666785e+01 -2.907558577140723424e-02 1.736869063738296653e-05
2.437500000000000000e+01 -2.910482882821587014e-02 1.764634226359576108e-05
2.458333333333333570e+01 -2.897318528174469554e-02 1.768268656172099950e-05
2.479166666666666785e+01 -2.863453696518324446e-02 1.706447887596028673e-05
2.500000000000000000e+01 -2.857854055685361827e-02 1.687108131366432667e-05
2.520833333333333570e+01 -2.837593973562273914e-02 1.679751041774172864e-05
2.541666666666666785e+01 -2.830696872585861112e-02 1.641299056210120740e-05
2.562500000000000000e+01 -2.819813442622894420e-02 1.617494616409663046e-05
2.583333333333333570e+01 -2.804767059440354399e-02 1.614360485784213460e-05
2.604166666666666785e+01 -2.793412539294010469e-02 1.605028136980458215e-05
2.625000000000000000e+01 -2.783136857646118650e-02 1.577892273560811017e-05
2.645833333333333570e+01 -2.785289892981419185e-02 1.589824713736326690e-05
2.666666666666666785e+01 -2.781144845737828358e-02 1.588881367638243737e-05
2.687500000000000000e+01 -2.816392049196246583e-02 1.655242636462802118e-05
2.708333333333333570e+01 -2.868141904343212562e-02 1.776580417985683760e-05
2.729166666666666785e+01 -2.887030267448511406e-02 1.835593142205352882e-05
2.750000000000000000e+01 -2.859808717629315489e-02 1.809087722780156629e-05
2.770833333333333570e+01 -2.819015295781487213e-02 1.732365494664833393e-05
2.791666666666666785e+01 -2.797939081429907243e-02 1.693010679116746400e-05
2.812500000000000000e+01 -2.783959843110356616e-02 1.683162559322162014e-05
2.833333333333333570e+01 -2.762854934473252602e-02 1.660554544931134950e-05
2.854166666666666785e+01 -2.743216921132892588e-02 1.629701456575919922e-05
2.875000000000000000e+01 -2.737348971744829954e-02 1.640780029210016805e-05
2.895833333333333570e+01 -2.732286269348147695e-02 1.666737897470863119e-05
2.916666666666666785e+01 -2.731623001034091947e-02 1.693020228012663813e-05
2.937500000000000000e+01 -2.728009500692488501e-02 1.702899530614013191e-05
2.958333333333333570e+01 -2.711358697210915908e-02 1.640329265425466974e-05
2.979166666666666785e+01 -2.707170452473033062e-02 1.614107795367461631e-05
3.000000000000000000e+01 -2.720054397403866633e-02 1.657054490576809598e-05
3.020833333333333570e+01 -2.707170452473039307e-02 1.614107795367459598e-05
3.041666666666666785e+01 -2.711358697210915908e-02 1.640329265425466296e-05
3.062500000000000000e+01 -2.728009500692482256e-02 1.702899530614012514e-05
3.083333333333333570e+01 -2.731623001034104437e-02 1.693020228012663135e-05
3.104166666666666785e+01 -2.732286269348147348e-02 1.666737897470863119e-05
3.125000000000000000e+01 -2.737348971744830300e-02 1.640780029210014773e-05
3.145833333333333570e+01 -2.743216921132888078e-02 1.629701456575919922e-05
3.166666666666666785e+01 -2.762854934473257459e-02 1.660554544931134273e-05
3.187500000000000000e+01 -2.783959843110350718e-02 1.683162559322161676e-05
3.208333333333333570e+01 -2.797939081429909325e-02 1.693010679116745723e-05
3.229166666666667140e+01 -2.819015295781489988e-02 1.732365494664833732e-05
3.250000000000000000e+01 -2.859808717629319652e-02 1.809087722780157985e-05
3.270833333333333570e+01 -2.887030267448511753e-02 1.835593142205353559e-05
3.291666666666667140e+01 -2.868141904343209092e-02 1.776580417985687487e-05
3.312500000000000000e+01 -2.816392049196239991e-02 1.655242636462804829e-05
3.333333333333333570e+01 -2.781144845737835297e-02 1.588881367638245770e-05
3.354166666666667140e+01 -2.785289892981423002e-02 1.589824713736327707e-05
3.375000000000000000e+01 -2.783136857646116916e-02 1.577892273560813389e-05
3.395833333333333570e+01 -2.793412539294007693e-02 1.605028136980460248e-05
3.416666666666667140e+01 -2.804767059440351623e-02 1.614360485784215493e-05
3.437500000000000000e+01 -2.819813442622891991e-02 1.617494616409663385e-05
3.458333333333333570e+01 -2.830696872585863888e-02 1.641299056210120740e-05
3.479166666666667140e+01 -2.837593973562279812e-02 1.679751041774170492e-05
3.500000000000000000e+01 -2.857854055685359052e-02 1.687108131366433345e-05
3.520833333333333570e+01 -2.863453696518321323e-02 1.706447887596027318e-05
3.541666666666667140e+01 -2.897318528174467125e-02 1.768268656172097239e-05
3.562500000000000000e+01 -2.910482882821586320e-02 1.764634226359572720e-05
3.583333333333333570e+01 -2.907558577140732098e-02 1.736869063738292926e-05
3.604166666666667140e+01 -2.900572595202299819e-02 1.706404086578446847e-05
3.625000000000000000e+01 -2.901558034239450079e-02 1.714037498603533476e-05
3.645833333333333570e+01 -2.890563410330725808e-02 1.692021575144163565e-05
3.666666666666667140e+01 -2.878598273557230261e-02 1.654193763335037984e-05
3.687500000000000000e+01 -2.883931506535682837e-02 1.652726625850897736e-05
3.708333333333333570e+01 -2.899915204429886345e-02 1.681138503756361946e-05
3.729166666666667140e+01 -2.902402328272526977e-02 1.695937987577358984e-05
3.750000000000000000e+01 -2.914210056079469258e-02 1.711118245907634029e-05
3.770833333333333570e+01 -2.910867774315071405e-02 1.693224614347853767e-05
3.791666666666667140e+01 -2.928028747858348046e-02 1.705882493780700744e-05
3.812500000000000000e+01 -2.934241019886448323e-02 1.668294790130158691e-05
3.833333333333333570e+01 -2.936088736077483580e-02 1.649906564423642090e-05
3.854166666666667140e+01 -2.941550614852465190e-02 1.669848809849455300e-05
3.875000000000000000e+01 -2.953815443676879871e-02 1.694356067646883861e-05
3.895833333333333570e+01 -2.949006765797493324e-02 1.653602316749354367e-05
3.916666666666667140e+01 -2.973472958556721418e-02 1.690672557175904397e-05
3.937500000000000000e+01 -3.008547100140235298e-02 1.742310455666826760e-05
3.958333333333333570e+01 -3.019395446508237393e-02 1.755118902620578876e-05
3.979166666666667140e+01 -3.006545402537877387e-02 1.734050219911941414e-05
4.000000000000000000e+01 -3.005441670410553823e-02 1.706219382167677363e-05
4.020833333333333570e+01 -2.993945080816308793e-02 1.650868396310475550e-05
4.041666666666667140e+01 -2.989254098000361862e-02 1.621832230953478753e-05
4.062500000000000000e+01 -2.976272016792572833e-02 1.595043787520295254e-05
4.083333333333333570e+01 -2.975244763929297750e-02 1.580669908026770460e-05
4.104166666666667140e+01 -3.010082169217793285e-02 1.614147888210810153e-05
4.125000000000000000e+01 -3.037103755859874368e-02 1.646813108182510784e-05
4.145833333333333570e+01 -3.084035777778554657e-02 1.724789358561699954e-05
4.166666666666667140e+01 -3.129099706724049190e-02 1.789747624773723893e-05
4.187500000000000000e+01 -3.163917497436039006e-02 1.812924610238890390e-05
4.208333333333333570e+01 -3.212193868463057711e-02 1.868831444572280462e-05
4.229166666666667140e+01 -3.268286736847929308e-02 1.932626645677617294e-05
4.250000000000000000e+01 -3.292542475728241214e-02 1.896275357944003214e-05
4.270833333333333570e+01 -3.324833189244888465e-02 1.896280606149248509e-05
4.291666666666667140e+01 -3.349903209207728133e-02 1.865858250857912578e-05
4.312500000000000000e+01 -3.336201043393943744e-02 1.804271802219723205e-05
4.333333333333333570e+01 -3.330590647049828934e-02 1.792510469573001990e-05
4.354166666666667140e+01 -3.316644848979790478e-02 1.785994314401309651e-05
4.375000000000000000e+01 -3.325389713288580407e-02 1.786860420253052226e-05
4.395833333333333570e+01 -3.355927965089464116e-02 1.775550576703456481e-05
4.416666666666667140e+01 -3.387077755499668524e-02 1.795679522461403219e-05
4.437500000000000000e+01 -3.398004370753986148e-02 1.770396843014583225e-05
4.458333333333333570e+01 -3.421038332646171576e-02 1.769383629733914073e-05
4.479166666666667140e+01 -3.446315283061570506e-02 1.766663092622812220e-05
4.500000000000000000e+01 -3.487971059226366993e-02 1.807980057190642324e-05
4.520833333333333570e+01 -3.524809466443739464e-02 1.858383101652049128e-05
4.541666666666667140e+01 -3.555404300608135115e-02 1.895778597346593571e-05
4.562500000000000000e+01 -3.581954326653948029e-02 1.900313217972304612e-05
4.583333333333333570e+01 -3.602833575625279117e-02 1.872628447959670241e-05
4.604166666666667140e+01 -3.627226376926889068e-02 1.896815841556951315e-05
4.625000000000000000e+01 -3.655053769066814173e-02 1.878234096426881658e-05
4.645833333333333570e+01 -3.675022383000224602e-02 1.885105691966772277e-05
4.666666666666667140e+01 -3.707966242504522059e-02 1.866447430666991111e-05
4.687500000000000000e+01 -3.748058680745323945e-02 1.895147956937707074e-05
4.708333333333333570e+01 -3.794174359136623376e-02 1.917117792126754911e-05
4.729166666666667140e+01 -3.814035424922561368e-02 1.894012894216709535e-05
4.750000000000000000e+01 -3.834865547364255112e-02 1.902844864049933190e-05
4.770833333333333570e+01 -3.861031862691244321e-02 1.927662395014173325e-05
4.791666666666667140e+01 -3.912582294718545961e-02 2.050407677914594003e-05
4.812500000000000000e+01 -3.978010130840539671e-02 2.226293838408027693e-05
4.833333333333333570e+01 -4.052716521712584896e-02 2.398898523900388759e-05
4.854166666666667140e+01 -4.097708373041450414e-02 2.294176517843682334e-05
4.875000000000000000e+01 -4.144604615750895060e-02 2.194476502569151687e-05
4.895833333333333570e+01 -4.169752117323938245e-02 2.098624391228980551e-05
4.916666666666667140e+01 -4.189757700092065773e-02 2.050267041670857573e-05
4.937500000000000000e+01 -4.244721261693190639e-02 2.066378597304320216e-05
4.958333333333333570e+01 -4.288738889977604385e-02 2.093631338329919717e-05
4.979166666666667140e+01 -4.328074506490164897e-02 2.094339888385865462e-05
5.000000000000000000e+01 -4.356811740709848335e-02 2.129805949374208448e-05
5.020833333333333570e+01 -4.369101165047565433e-02 2.135535918586317590e-05
5.041666666666667140e+01 -4.417954255213331349e-02 2.118081363412655503e-05
5.062500000000000000e+01 -4.476305970691742131e-02 2.112879074057918749e-05
5.083333333333333570e+01 -4.532054855949523009e-02 2.089527838320151307e-05
5.104166666666667140e+01 -4.576274055829243625e-02 2.068635875786043306e-05
5.125000000000000000e+01 -4.610438935627117485e-02 2.063153684392818430e-05
5.145833333333333570e+01 -4.667083959961468298e-02 2.107544936476024995e-05
5.166666666666667140e+01 -4.742548096132945257e-02 2.184626297423804855e-05
5.187500000000000000e+01 -4.784367569140086929e-02 2.174725576818766924e-05
5.208333333333333570e+01 -4.824364980990902829e-02 2.141799037150983980e-05
5.229166666666667140e+01 -4.891646736691313696e-02 2.128104551140336351e-05
5.250000000000000000e+01 -4.922933221516438002e-02 2.101189877235485910e-05
5.270833333333333570e+01 -4.972493661913147955e-02 2.109127809041429135e-05
5.291666666666667140e+01 -5.041272650423091195e-02 2.133655193121402341e-05
5.312500000000000000e+01 -5.116787729819326225e-02 2.163817006057962720e-05
5.333333333333333570e+01 -5.183266661935838349e-02 2.183530066955169179e-05
5.354166666666667140e+01 -5.224966813685884282e-02 2.159612507703410241e-05
5.375000000000000000e+01 -5.316695840715186805e-02 2.173323175233689519e-05
5.395833333333333570e+01 -5.401786209932557536e-02 2.168059776167874722e-05
5.416666666666667140e+01 -5.507173740790677341e-02 2.205840898491108726e-05
5.437500000000000000e+01 -5.613652163504714854e-02 2.215169770037923671e-05
5.458333333333333570e+01 -5.731162860424999367e-02 2.253286177846733679e-05
5.479166666666667140e+01 -5.859578555522694521e-02 2.290091039195018175e-05
5.500000000000000000e+01 -6.005477460776756371e-02 2.337431746693867642e-05
5.520833333333333570e+01 -6.155732330632750215e-02 2.336096207170537578e-05
5.541666666666667140e+01 -6.356146215323899007e-02 2.389673770003438976e-05
5.562500000000000000e+01 -6.552300754631040780e-02 2.444721826151335318e-05
5.583333333333333570e+01 -6.766939107697922395e-02 2.545551281225328651e-05
5.604166666666667140e+01 -6.973214154403395426e-02 2.646861573379422419e-05
5.625000000000000000e+01 -7.206975405753217323e-02 2.858445583926759389e-05
5.645833333333333570e+01 -7.477703649243130912e-02 3.199363366995983723e-05
5.666666666666667140e+01 -7.808562166817188677e-02 3.540571796249677744e-05
5.687500000000000000e+01 -8.173847831546834919e-02 3.324680215717871378e-05
5.708333333333333570e+01 -8.609293833170920951e-02 3.131069838818804343e-05
5.729166666666667140e+01 -9.104989262497512059e-02 3.097867161676276071e-05
5.750000000000000000e+01 -9.710370820231237210e-02 3.270851586067900855e-05
5.770833333333333570e+01 -1.046589452376913282e-01 3.499856954789011852e-05
5.791666666666667140e+01 -1.133753884265308598e-01 3.604957843748513220e-05
5.812500000000000000e+01 -1.238036093151839712e-01 3.812823586537415250e-05
5.833333333333333570e+01 -1.366206528465338244e-01 3.845225198241500629e-05
5.854166666666667140e+01 -1.527718521979698485e-01 4.010932025021601312e-05
5.875000000000000000e+01 -1.727320202179846165e-01 4.354660496604113569e-05
5.895833333333333570e+01 -1.979623826114665086e-01 4.939126786424515714e-05
5.916666666666667140e+01 -2.305919824434101151e-01 5.655020683595154301e-05
5.937500000000000000e+01 -2.724892240895302464e-01 6.784561949821559608e-05
5.958333333333333570e+01 -3.277759625150299394e-01 8.479421691747257898e-05
5.979166666666667140e+01 -4.014253892451851158e-01 1.079769144036414938e-04
6.000000000000000000e+01 -5.000000000000000000e-01 1.361601955120722140e-04
