5.235987755982988295e-02 1.305000000000054783e+00 -1.564318992151651244e+01
1.570796326794896558e-01 1.304999999999999272e+00 -5.329774979654369638e+00
2.617993877991494078e-01 1.304999999999999050e+00 -3.329645166911200604e+00
3.665191429188092154e-01 1.304999999999996607e+00 -2.510539386183234356e+00
4.712388980384689674e-01 1.304999999999995941e+00 -2.078848419891658139e+00
5.759586531581286639e-01 1.304999999999996829e+00 -1.815439172600454398e+00
6.806784082777885825e-01 1.304999999999997939e+00 -1.632561689857301657e+00
7.853981633974481680e-01 1.304999999999998828e+00 -1.488200304276304564e+00
8.901179185171080865e-01 1.304999999999999938e+00 -1.363668940593031120e+00
9.948376736367677831e-01 1.305000000000000604e+00 -1.253912617715206679e+00
1.099557428756427591e+00 1.305000000000000604e+00 -1.159367837665293166e+00
1.204277183876087287e+00 1.305000000000000382e+00 -1.080413161413798617e+00
1.308996938995747206e+00 1.304999999999999716e+00 -1.015750959858816582e+00
1.413716694115406902e+00 1.304999999999999050e+00 -9.630160792968043282e-01
1.518436449235066821e+00 1.304999999999998606e+00 -9.193418338481906815e-01
1.623156204354726295e+00 1.304999999999998606e+00 -8.813094530440461760e-01
1.727875959474386214e+00 1.304999999999999050e+00 -8.455022958987210568e-01
1.832595714594045910e+00 1.304999999999998606e+00 -8.095963559087393513e-01
1.937315469713705829e+00 1.304999999999998828e+00 -7.730254894166002089e-01
2.042035224833365525e+00 1.304999999999999494e+00 -7.366288103602469661e-01
2.146754979953025000e+00 1.304999999999998606e+00 -7.016307992650725467e-01
2.251474735072684918e+00 1.304999999999998384e+00 -6.691299485880284337e-01
2.356194490192344837e+00 1.304999999999998161e+00 -6.400973715854747503e-01
2.460914245312004756e+00 1.304999999999997939e+00 -6.150764761364420075e-01
2.565634000431664230e+00 1.304999999999998161e+00 -5.941100113244077718e-01
2.670353755551324149e+00 1.304999999999998828e+00 -5.770682121874517456e-01
2.775073510670984067e+00 1.304999999999997939e+00 -5.634030286233970841e-01
2.879793265790643986e+00 1.304999999999998161e+00 -5.515025324953555241e-01
2.984513020910303460e+00 1.304999999999997939e+00 -5.390301555711953796e-01
3.089232776029963379e+00 1.304999999999997939e+00 -5.242628041920709414e-01
3.193952531149622853e+00 1.304999999999998161e+00 -5.069360214986682323e-01
3.298672286269282772e+00 1.304999999999997495e+00 -4.877168362422210635e-01
3.403392041388942246e+00 1.304999999999997051e+00 -4.675034680365111051e-01
3.508111796508602165e+00 1.304999999999997939e+00 -4.476253815962412119e-01
3.612831551628262083e+00 1.304999999999997273e+00 -4.301048782233518608e-01
3.717551306747922002e+00 1.304999999999996385e+00 -4.168181867642557492e-01
3.822271061867581476e+00 1.304999999999999050e+00 -4.082843053487725804e-01
3.926990816987241395e+00 1.304999999999996829e+00 -4.036898455517716755e-01
4.031710572106900869e+00 1.304999999999996607e+00 -4.018693079242581234e-01
4.136430327226561232e+00 1.304999999999994165e+00 -4.014137712906240552e-01
4.241150082346220707e+00 1.304999999999995719e+00 -3.998851961807172728e-01
4.345869837465881069e+00 1.304999999999997717e+00 -3.941627394613416158e-01
4.450589592585540544e+00 1.304999999999997717e+00 -3.826230602293971828e-01
4.555309347705200018e+00 1.304999999999995275e+00 -3.667362621658938338e-01
4.660029102824860381e+00 1.304999999999995497e+00 -3.499470652479832466e-01
4.764748857944519855e+00 1.304999999999993943e+00 -3.353354010849534106e-01
4.869468613064179330e+00 1.304999999999990834e+00 -3.244731335899793123e-01
4.974188368183839692e+00 1.304999999999990168e+00 -3.176032459969819755e-01
5.078908123303498279e+00 1.304999999999991944e+00 -3.139150512479398358e-01
5.183627878423158641e+00 1.304999999999993276e+00 -3.115927993035780830e-01
5.288347633542818116e+00 1.304999999999991500e+00 -3.084810706034151195e-01
5.393067388662477590e+00 1.304999999999991944e+00 -3.033597721177159201e-01
5.497787143782137953e+00 1.304999999999993276e+00 -2.962644468062691772e-01
5.602506898901797427e+00 1.304999999999991056e+00 -2.877692214931473202e-01
5.707226654021456902e+00 1.304999999999993943e+00 -2.785710063323332264e-01
5.811946409141117265e+00 1.304999999999989502e+00 -2.697067529959582544e-01
5.916666164260776739e+00 1.304999999999989946e+00 -2.626506197494116179e-01
6.021385919380437102e+00 1.304999999999995497e+00 -2.586219347142471037e-01
6.126105674500096576e+00 1.304999999999991500e+00 -2.575577493869820600e-01
6.230825429619756051e+00 1.304999999999991500e+00 -2.578368679280966802e-01
6.335545184739416413e+00 1.304999999999990390e+00 -2.572890399622975721e-01
6.440264939859075888e+00 1.304999999999989946e+00 -2.546636220179916421e-01
6.544984694978735362e+00 1.304999999999989946e+00 -2.502253335187818450e-01
6.649704450098395725e+00 1.304999999999993943e+00 -2.451502695322345105e-01
6.754424205218055199e+00 1.304999999999997051e+00 -2.404181935534053238e-01
6.859143960337715562e+00 1.304999999999995053e+00 -2.359201368648697894e-01
6.963863715457375037e+00 1.304999999999993721e+00 -2.305469990335113906e-01
7.068583470577034511e+00 1.304999999999992388e+00 -2.232177242346162771e-01
7.173303225696694874e+00 1.304999999999989724e+00 -2.138052896931066371e-01
7.278022980816354348e+00 1.304999999999993054e+00 -2.034355061520960462e-01
7.382742735936013823e+00 1.304999999999987725e+00 -1.942809552218696112e-01
7.487462491055674185e+00 1.304999999999984617e+00 -1.887463373276556666e-01
7.592182246175332772e+00 1.304999999999989280e+00 -1.881567018345657871e-01
7.696902001294993134e+00 1.304999999999989058e+00 -1.919138440641345866e-01
7.801621756414652609e+00 1.304999999999988614e+00 -1.978973515885229517e-01
7.906341511534312083e+00 1.304999999999986393e+00 -2.034385163905003679e-01
8.011061266653973334e+00 1.304999999999985061e+00 -2.060905662608121247e-01
8.115781021773631920e+00 1.304999999999990834e+00 -2.042300712525992878e-01
8.220500776893292283e+00 1.304999999999978622e+00 -1.975000167631701942e-01
8.325220532012952646e+00 1.304999999999986171e+00 -1.868822702786658851e-01
8.429940287132611232e+00 1.304999999999982174e+00 -1.741872975112421784e-01
8.534660042252271595e+00 1.304999999999975069e+00 -1.612435288523581534e-01
8.639379797371930181e+00 1.304999999999972404e+00 -1.494418116947713315e-01
8.744099552491592320e+00 1.304999999999969518e+00 -1.398162568052310206e-01
8.848819307611250906e+00 1.304999999999983062e+00 -1.333827988916862495e-01
8.953539062730909492e+00 1.304999999999975735e+00 -1.311999569812183353e-01
9.058258817850569855e+00 1.304999999999976623e+00 -1.337933443112717669e-01
9.162978572970228441e+00 1.304999999999979732e+00 -1.402305298602293249e-01
9.267698328089890580e+00 1.304999999999974625e+00 -1.475649743015452486e-01
9.372418083209549167e+00 1.304999999999983062e+00 -1.516840670232042498e-01
9.477137838329209529e+00 1.304999999999982840e+00 -1.494044403425061063e-01
9.581857593448868116e+00 1.304999999999986393e+00 -1.401967422787837592e-01
9.686577348568528478e+00 1.304999999999992610e+00 -1.262365978000836719e-01
9.791297103688188841e+00 1.305000000000002158e+00 -1.111525884788573393e-01
9.896016858807849204e+00 1.305000000000006821e+00 -9.867083188369285551e-02
1.000073661392750779e+01 1.305000000000007931e+00 -9.150961059510720474e-02
1.010545636904716815e+01 1.305000000000003491e+00 -9.015916285336444957e-02
1.021017612416682674e+01 1.305000000000007043e+00 -9.240833757239386159e-02
1.031489587928648710e+01 1.305000000000013038e+00 -9.472674337298236935e-02
1.041961563440614746e+01 1.305000000000022586e+00 -9.443891612515642464e-02
1.052433538952580783e+01 1.305000000000025251e+00 -9.084999731651421939e-02
1.062905514464546641e+01 1.305000000000020144e+00 -8.501880322273613899e-02
1.073377489976512678e+01 1.305000000000038574e+00 -7.890695161302119232e-02
1.083849465488478536e+01 1.305000000000028582e+00 -7.464601317362884458e-02
1.094321441000444750e+01 1.305000000000032578e+00 -7.396994370475695746e-02
1.104793416512410609e+01 1.305000000000044791e+00 -7.724289600472644679e-02
1.115265392024376645e+01 1.305000000000043459e+00 -8.283455697365837977e-02
1.125737367536342504e+01 1.305000000000042348e+00 -8.765036108329482545e-02
1.136209343048308362e+01 1.305000000000040350e+00 -8.492055776827278635e-02
1.146681318560274576e+01 1.305000000000039462e+00 -8.032477773241275543e-02
1.157153294072240435e+01 1.305000000000034799e+00 -7.060493757060193332e-02
1.167625269584206471e+01 1.305000000000026583e+00 -5.819514870365338766e-02
1.178097245096172330e+01 1.305000000000035909e+00 -4.707005599613012237e-02
1.188569220608138366e+01 1.305000000000038796e+00 -4.088846551757541192e-02
1.199041196120104225e+01 1.305000000000033467e+00 -4.115365716950591946e-02
1.209513171632070438e+01 1.305000000000023253e+00 -4.684154973444165648e-02
1.219985147144036297e+01 1.305000000000023475e+00 -5.539695579739856157e-02
1.230457122656002333e+01 1.305000000000021254e+00 -6.392679030641446047e-02
1.240929098167968192e+01 1.305000000000023697e+00 -6.982595647353129209e-02
1.251401073679934228e+01 1.305000000000032800e+00 -7.134895066289459464e-02
1.261873049191900265e+01 1.304999999999995941e+00 -6.831318728939805851e-02
1.272345024703866301e+01 1.305000000000026139e+00 -6.230617439530306001e-02
1.282817000215832159e+01 1.305000000000016591e+00 -5.575644205649332719e-02
1.293288975727798196e+01 1.305000000000025251e+00 -5.043302942327265725e-02
1.303760951239764054e+01 1.305000000000007265e+00 -4.682448793426097211e-02
1.314232926751730268e+01 1.305000000000019700e+00 -4.454937055013274971e-02
1.324704902263696127e+01 1.305000000000022142e+00 -4.268817915457212564e-02
1.335176877775662163e+01 1.305000000000024363e+00 -3.977785477687056925e-02
1.345648853287628022e+01 1.305000000000016591e+00 -3.481894747375946508e-02
1.356120828799594058e+01 1.305000000000009042e+00 -2.850920470693196762e-02
1.366592804311559917e+01 1.305000000000018590e+00 -2.233146421285248096e-02
1.377064779823526131e+01 1.305000000000013261e+00 -1.703049916530474661e-02
1.387536755335491989e+01 1.305000000000000604e+00 -1.295395863391313185e-02
1.398008730847457848e+01 1.305000000000019256e+00 -1.084062174142808033e-02
1.408480706359423884e+01 1.305000000000011706e+00 -1.113088154704833244e-02
1.418952681871389743e+01 1.305000000000013038e+00 -1.275720133150848312e-02
1.429424657383355957e+01 1.304999999999999050e+00 -1.333881079132481773e-02
1.439896632895321815e+01 1.305000000000011484e+00 -1.089271919449785742e-02
1.450368608407287851e+01 1.305000000000005711e+00 -5.111713840177500856e-03
1.460840583919253710e+01 1.305000000000009930e+00 2.979939529282660260e-03
1.471312559431219746e+01 1.305000000000010152e+00 1.180106976763539706e-02
1.481784534943185783e+01 1.304999999999999494e+00 1.917907919033368103e-02
1.492256510455151819e+01 1.305000000000000604e+00 2.299670088814131930e-02
1.502728485967117678e+01 1.305000000000011484e+00 2.298122076170372452e-02
1.513200461479083714e+01 1.305000000000013261e+00 2.132514715649591608e-02
1.523672436991049572e+01 1.305000000000004601e+00 2.132010981937426664e-02
1.534144412503015609e+01 1.305000000000000160e+00 2.510901939016463302e-02
1.544616388014981645e+01 1.305000000000008376e+00 3.236136352972884822e-02
1.555088363526947681e+01 1.305000000000017701e+00 4.095054338194437094e-02
1.565560339038913540e+01 1.305000000000003046e+00 4.875144089686322957e-02
1.576032314550879576e+01 1.305000000000015481e+00 5.426288546588686756e-02
1.586504290062845435e+01 1.305000000000002380e+00 5.654913620969281851e-02
1.596976265574811649e+01 1.305000000000005267e+00 5.595270704752763891e-02
1.607448241086777685e+01 1.305000000000008820e+00 5.438744121063265879e-02
1.617920216598743366e+01 1.305000000000018145e+00 5.410470553497503943e-02
1.628392192110709402e+01 1.304999999999992832e+00 5.608336616282372233e-02
1.638864167622675438e+01 1.305000000000011928e+00 5.987667866373769243e-02
1.649336143134641475e+01 1.305000000000005045e+00 6.477007431337611365e-02
1.659808118646607511e+01 1.305000000000010596e+00 7.042371205085373731e-02
1.670280094158573192e+01 1.305000000000011040e+00 7.614326892502631949e-02
1.680752069670539228e+01 1.305000000000017035e+00 8.058463805745574859e-02
1.691224045182505265e+01 1.305000000000013705e+00 8.314425481548681773e-02
1.701696020694471301e+01 1.305000000000017923e+00 8.474926915016567364e-02
1.712167996206437337e+01 1.305000000000001048e+00 8.671611654007094216e-02
1.722639971718403373e+01 1.305000000000019256e+00 8.984980607866788205e-02
1.733111947230369054e+01 1.305000000000010596e+00 9.446272783981868315e-02
1.743583922742335091e+01 1.305000000000019256e+00 1.000987817177474426e-01
1.754055898254301127e+01 1.304999999999988614e+00 1.052050110500921676e-01
1.764527873766267163e+01 1.305000000000021254e+00 1.077056289696365354e-01
1.774999849278232844e+01 1.305000000000007487e+00 1.062950344964050942e-01
1.785471824790198880e+01 1.305000000000007265e+00 1.011926731140100344e-01
1.795943800302165272e+01 1.305000000000005933e+00 9.392659487114229933e-02
1.806415775814131308e+01 1.305000000000011484e+00 8.672066100290010127e-02
1.816887751326096989e+01 1.305000000000018368e+00 8.200641234471817143e-02
1.827359726838063025e+01 1.305000000000025029e+00 8.188613431289937239e-02
1.837831702350029062e+01 1.305000000000017479e+00 8.712742068557588482e-02
1.848303677861995098e+01 1.305000000000006155e+00 9.637147879095664393e-02
1.858775653373960779e+01 1.305000000000015703e+00 1.065323235274178160e-01
1.869247628885926815e+01 1.305000000000025029e+00 1.143776450311726478e-01
1.879719604397892851e+01 1.305000000000028137e+00 1.180186661219586597e-01
