5.235987755982988295e-02 1.329999999999604166e+00 -1.673289400786459069e+01
1.570796326794896558e-01 1.329999999999972315e+00 -5.689366343506132573e+00
2.617993877991494078e-01 1.329999999999999405e+00 -3.545709100886839771e+00
3.665191429188092154e-01 1.330000000000004956e+00 -2.669230094445926404e+00
4.712388980384689674e-01 1.330000000000005178e+00 -2.207881952846598939e+00
5.759586531581286639e-01 1.330000000000002292e+00 -1.925037840617044971e+00
6.806784082777885825e-01 1.330000000000000071e+00 -1.726901507116724854e+00
7.853981633974481680e-01 1.329999999999997629e+00 -1.570653609217202318e+00
8.901179185171080865e-01 1.329999999999996518e+00 -1.438498457278957421e+00
9.948376736367677831e-01 1.329999999999996962e+00 -1.325583829376078659e+00
1.099557428756427591e+00 1.329999999999998517e+00 -1.231316868363807160e+00
1.204277183876087287e+00 1.329999999999999627e+00 -1.154219644589029592e+00
1.308996938995747206e+00 1.330000000000000293e+00 -1.090682163989880937e+00
1.413716694115406902e+00 1.330000000000000293e+00 -1.035845583350815780e+00
1.518436449235066821e+00 1.329999999999999405e+00 -9.847136936113696226e-01
1.623156204354726295e+00 1.329999999999997851e+00 -9.330614860080812534e-01
1.727875959474386214e+00 1.329999999999996296e+00 -8.788113338825584986e-01
1.832595714594045910e+00 1.329999999999994520e+00 -8.234972590266924630e-01
1.937315469713705829e+00 1.329999999999996074e+00 -7.721687344922223417e-01
2.042035224833365525e+00 1.329999999999997407e+00 -7.309559749662133399e-01
2.146754979953025000e+00 1.329999999999998961e+00 -7.036492227338078109e-01
2.251474735072684918e+00 1.329999999999999405e+00 -6.891824044400651772e-01
2.356194490192344837e+00 1.329999999999999849e+00 -6.812207665579563809e-01
2.460914245312004756e+00 1.329999999999998517e+00 -6.703920450560882927e-01
2.565634000431664230e+00 1.329999999999996962e+00 -6.490986755394341223e-01
2.670353755551324149e+00 1.329999999999996074e+00 -6.163050239400433838e-01
2.775073510670984067e+00 1.329999999999995408e+00 -5.782182614569992829e-01
2.879793265790643986e+00 1.329999999999996074e+00 -5.441765385462429272e-01
2.984513020910303460e+00 1.329999999999997407e+00 -5.212719537682617421e-01
3.089232776029963379e+00 1.329999999999998295e+00 -5.110966997052242000e-01
3.193952531149622853e+00 1.329999999999998073e+00 -5.095277309919556963e-01
3.298672286269282772e+00 1.329999999999997629e+00 -5.088382903179873296e-01
3.403392041388942246e+00 1.329999999999996740e+00 -5.015023832760703293e-01
3.508111796508602165e+00 1.329999999999994964e+00 -4.844463476216893660e-01
3.612831551628262083e+00 1.329999999999993188e+00 -4.609543451208488740e-01
3.717551306747922002e+00 1.329999999999992966e+00 -4.383579031816351446e-01
3.822271061867581476e+00 1.329999999999993854e+00 -4.234198713379577761e-01
3.926990816987241395e+00 1.329999999999993632e+00 -4.190421396486589956e-01
4.031710572106900869e+00 1.329999999999995186e+00 -4.235557099232325484e-01
4.136430327226561232e+00 1.329999999999994964e+00 -4.313830951662405155e-01
4.241150082346220707e+00 1.329999999999992744e+00 -4.346000187310927743e-01
4.345869837465881069e+00 1.329999999999992522e+00 -4.261571587316952403e-01
4.450589592585540544e+00 1.329999999999991855e+00 -4.040211277190488559e-01
4.555309347705200018e+00 1.329999999999989191e+00 -3.729673275926232989e-01
4.660029102824860381e+00 1.329999999999989857e+00 -3.420616556240929640e-01
4.764748857944519855e+00 1.329999999999990523e+00 -3.200145085904981812e-01
4.869468613064179330e+00 1.329999999999990523e+00 -3.116951738329518662e-01
4.974188368183839692e+00 1.329999999999990967e+00 -3.167675017284015127e-01
5.078908123303498279e+00 1.329999999999990967e+00 -3.297457916330435168e-01
5.183627878423158641e+00 1.329999999999988525e+00 -3.417146607371863709e-01
5.288347633542818116e+00 1.329999999999987637e+00 -3.441972184384773925e-01
5.393067388662477590e+00 1.329999999999985416e+00 -3.336042200123010559e-01
5.497787143782137953e+00 1.329999999999986526e+00 -3.132264294291546847e-01
5.602506898901797427e+00 1.329999999999988081e+00 -2.913098433265393084e-01
5.707226654021456902e+00 1.329999999999986304e+00 -2.765274129600738817e-01
5.811946409141117265e+00 1.329999999999990967e+00 -2.735486715808077562e-01
5.916666164260776739e+00 1.329999999999992299e+00 -2.806900117481214707e-01
6.021385919380437102e+00 1.329999999999992744e+00 -2.906003289454268668e-01
6.126105674500096576e+00 1.329999999999986970e+00 -2.939782345827230969e-01
6.230825429619756051e+00 1.329999999999986526e+00 -2.848926518998275981e-01
6.335545184739416413e+00 1.329999999999984750e+00 -2.648052486339027567e-01
6.440264939859075888e+00 1.329999999999984750e+00 -2.421736711958821786e-01
6.544984694978735362e+00 1.329999999999987415e+00 -2.273268788269486862e-01
6.649704450098395725e+00 1.329999999999989857e+00 -2.261141792443552845e-01
6.754424205218055199e+00 1.329999999999989191e+00 -2.364690531620867731e-01
6.859143960337715562e+00 1.329999999999989635e+00 -2.498357427386093121e-01
6.963863715457375037e+00 1.329999999999984306e+00 -2.563002711618187490e-01
7.068583470577034511e+00 1.329999999999986748e+00 -2.500089026239047385e-01
7.173303225696694874e+00 1.329999999999988969e+00 -2.316182858955020407e-01
7.278022980816354348e+00 1.329999999999984084e+00 -2.069448180929551739e-01
7.382742735936013823e+00 1.329999999999986526e+00 -1.837244885344233580e-01
7.487462491055674185e+00 1.329999999999987192e+00 -1.686138141307642613e-01
7.592182246175332772e+00 1.329999999999977867e+00 -1.651500356099679934e-01
7.696902001294993134e+00 1.329999999999987415e+00 -1.728436341253019037e-01
7.801621756414652609e+00 1.329999999999987415e+00 -1.875559295672921678e-01
7.906341511534312083e+00 1.329999999999984528e+00 -2.029823228084621789e-01
8.011061266653973334e+00 1.329999999999977867e+00 -2.129034387806587603e-01
8.115781021773631920e+00 1.329999999999976534e+00 -2.135019551816430550e-01
8.220500776893292283e+00 1.329999999999982752e+00 -2.045913811666011384e-01
8.325220532012952646e+00 1.329999999999976312e+00 -1.892877762102962436e-01
8.429940287132611232e+00 1.329999999999977423e+00 -1.725291962382318189e-01
8.534660042252271595e+00 1.329999999999974092e+00 -1.591659741097704028e-01
8.639379797371930181e+00 1.329999999999965876e+00 -1.521243427644680679e-01
8.744099552491592320e+00 1.329999999999973426e+00 -1.511984894591495987e-01
8.848819307611250906e+00 1.329999999999965654e+00 -1.533730357114784226e-01
8.953539062730909492e+00 1.329999999999963434e+00 -1.547824048295787236e-01
9.058258817850569855e+00 1.329999999999963878e+00 -1.529277338711647616e-01
9.162978572970228441e+00 1.329999999999965210e+00 -1.478057209241327996e-01
9.267698328089890580e+00 1.329999999999968763e+00 -1.415101314347566586e-01
9.372418083209549167e+00 1.329999999999972538e+00 -1.367769517165058346e-01
9.477137838329209529e+00 1.329999999999969873e+00 -1.353460022106265370e-01
9.581857593448868116e+00 1.329999999999978533e+00 -1.368252385019310680e-01
9.686577348568528478e+00 1.329999999999976534e+00 -1.385890442194934735e-01
9.791297103688188841e+00 1.329999999999986082e+00 -1.369998394051386015e-01
9.896016858807849204e+00 1.329999999999996074e+00 -1.296180952573102729e-01
1.000073661392750779e+01 1.329999999999997629e+00 -1.169644733701566963e-01
1.010545636904716815e+01 1.329999999999980975e+00 -1.023823341309189061e-01
1.021017612416682674e+01 1.329999999999994298e+00 -9.035327684072314014e-02
1.031489587928648710e+01 1.330000000000000071e+00 -8.458461585123444593e-02
1.041961563440614746e+01 1.330000000000009175e+00 -8.648512438299782445e-02
1.052433538952580783e+01 1.330000000000007176e+00 -9.440233774894224439e-02
1.062905514464546641e+01 1.330000000000020277e+00 -1.042052548794814015e-01
1.073377489976512678e+01 1.330000000000028493e+00 -1.112382268960399045e-01
1.083849465488478536e+01 1.330000000000014948e+00 -1.126833081804736736e-01
1.094321441000444750e+01 1.330000000000020055e+00 -1.087449260940545059e-01
1.104793416512410609e+01 1.330000000000023608e+00 -1.018349930557338467e-01
1.115265392024376645e+01 1.330000000000029381e+00 -9.480298981510593137e-02
1.125737367536342504e+01 1.330000000000026938e+00 -8.947233474446569801e-02
1.136209343048308362e+01 1.330000000000031601e+00 -8.220163015108994387e-02
1.146681318560274576e+01 1.330000000000019389e+00 -7.863777691707340978e-02
1.157153294072240435e+01 1.330000000000012506e+00 -7.299190721739989840e-02
1.167625269584206471e+01 1.330000000000031823e+00 -6.422734841327404354e-02
1.178097245096172330e+01 1.330000000000028937e+00 -5.353062092007121464e-02
1.188569220608138366e+01 1.330000000000022276e+00 -4.395415732745533433e-02
1.199041196120104225e+01 1.330000000000018945e+00 -3.918339860930508678e-02
1.209513171632070438e+01 1.330000000000012506e+00 -4.204256799915029319e-02
1.219985147144036297e+01 1.330000000000014282e+00 -5.277825389458712380e-02
1.230457122656002333e+01 1.330000000000008953e+00 -6.785521539076277975e-02
1.240929098167968192e+01 1.330000000000005178e+00 -8.063272125423459613e-02
1.251401073679934228e+01 1.330000000000012061e+00 -8.441156694087759149e-02
1.261873049191900265e+01 1.329999999999994742e+00 -7.614864821409028650e-02
1.272345024703866301e+01 1.330000000000013616e+00 -5.839188290567420836e-02
1.282817000215832159e+01 1.330000000000005178e+00 -3.808039757075754039e-02
1.293288975727798196e+01 1.330000000000012728e+00 -2.287465612506878188e-02
1.303760951239764054e+01 1.330000000000003846e+00 -1.724204261494044488e-02
1.314232926751730268e+01 1.330000000000003846e+00 -2.070584466594382889e-02
1.324704902263696127e+01 1.330000000000006732e+00 -2.883825028736453078e-02
1.335176877775662163e+01 1.329999999999997184e+00 -3.599851395453335101e-02
1.345648853287628022e+01 1.330000000000008065e+00 -3.843586716141977888e-02
1.356120828799594058e+01 1.329999999999996740e+00 -3.589427555041702078e-02
1.366592804311559917e+01 1.329999999999995630e+00 -3.063785638944338530e-02
1.377064779823526131e+01 1.330000000000001181e+00 -2.530340258896046635e-02
1.387536755335491989e+01 1.329999999999996962e+00 -2.169516645267677291e-02
1.398008730847457848e+01 1.330000000000003402e+00 -2.058504303846930839e-02
1.408480706359423884e+01 1.329999999999992744e+00 -2.152048153084429316e-02
1.418952681871389743e+01 1.329999999999998739e+00 -2.277944473319060137e-02
1.429424657383355957e+01 1.329999999999997851e+00 -2.206407584018776902e-02
1.439896632895321815e+01 1.329999999999995630e+00 -1.763737791574016001e-02
1.450368608407287851e+01 1.329999999999995852e+00 -9.182409694680870871e-03
1.460840583919253710e+01 1.329999999999996296e+00 1.919872267885480710e-03
1.471312559431219746e+01 1.329999999999999183e+00 1.300020698874781999e-02
1.481784534943185783e+01 1.330000000000006288e+00 2.114342935125890222e-02
1.492256510455151819e+01 1.329999999999994964e+00 2.453046683643300696e-02
1.502728485967117678e+01 1.330000000000004734e+00 2.353830439337833980e-02
1.513200461479083714e+01 1.330000000000007176e+00 2.077503216175102807e-02
1.523672436991049572e+01 1.329999999999995852e+00 1.980920440001732175e-02
1.534144412503015609e+01 1.330000000000009397e+00 2.319102900977654258e-02
1.544616388014981645e+01 1.330000000000000071e+00 3.121330620078133222e-02
1.555088363526947681e+01 1.329999999999999183e+00 4.200872121228549361e-02
1.565560339038913540e+01 1.329999999999989635e+00 5.270092159535799681e-02
1.576032314550879576e+01 1.329999999999999405e+00 6.073764779137391656e-02
1.586504290062845435e+01 1.330000000000000515e+00 6.486359940090835607e-02
1.596976265574811649e+01 1.329999999999998961e+00 6.545211883234713923e-02
1.607448241086777685e+01 1.329999999999994076e+00 6.419400852984580297e-02
1.617920216598743366e+01 1.330000000000001625e+00 6.326586260090039104e-02
1.628392192110709402e+01 1.329999999999995852e+00 6.426311429634168348e-02
1.638864167622675438e+01 1.329999999999998961e+00 6.757006976943813470e-02
1.649336143134641475e+01 1.329999999999994076e+00 7.243406002054086912e-02
1.659808118646607511e+01 1.329999999999997629e+00 7.717815032827601840e-02
1.670280094158573192e+01 1.330000000000003624e+00 7.941250104745734006e-02
1.680752069670539228e+01 1.329999999999989191e+00 7.713605527486677715e-02
1.691224045182505265e+01 1.330000000000002958e+00 7.064378081307864932e-02
1.701696020694471301e+01 1.330000000000004512e+00 6.335281848338780719e-02
1.712167996206437337e+01 1.329999999999996074e+00 6.032190259995928727e-02
1.722639971718403373e+01 1.330000000000009841e+00 6.543061418694051667e-02
1.733111947230369054e+01 1.329999999999993410e+00 7.893034657452702163e-02
1.743583922742335091e+01 1.329999999999997184e+00 9.669314079197732781e-02
1.754055898254301127e+01 1.329999999999986970e+00 1.119754108220689659e-01
1.764527873766267163e+01 1.329999999999997851e+00 1.189117600107252315e-01
1.774999849278232844e+01 1.329999999999993632e+00 1.155232585425025604e-01
1.785471824790198880e+01 1.329999999999998961e+00 1.045438068710460300e-01
1.795943800302165272e+01 1.329999999999995630e+00 9.171716052833644994e-02
1.806415775814131308e+01 1.329999999999999405e+00 8.267319880527779219e-02
1.816887751326096989e+01 1.330000000000001847e+00 8.035127875950465182e-02
1.827359726838063025e+01 1.330000000000007843e+00 8.444162645027120107e-02
1.837831702350029062e+01 1.330000000000009397e+00 9.246947169976849068e-02
1.848303677861995098e+01 1.330000000000014504e+00 1.013124110113245990e-01
1.858775653373960779e+01 1.329999999999997629e+00 1.084660814711426724e-01
1.869247628885926815e+01 1.330000000000006732e+00 1.130141416623366979e-01
1.879719604397892851e+01 1.330000000000018945e+00 1.158446112365396630e-01
