5.235987755982988295e-02 1.499999999998846034e+00 -2.927883964261193483e+01
1.570796326794896558e-01 1.499999999999905631e+00 -9.808080040733459626e+00
2.617993877991494078e-01 1.499999999999986455e+00 -5.943511883265425233e+00
3.665191429188092154e-01 1.500000000000007105e+00 -4.308582236354517647e+00
4.712388980384689674e-01 1.500000000000012434e+00 -3.415893959657495760e+00
5.759586531581286639e-01 1.500000000000013989e+00 -2.858096833021739336e+00
6.806784082777885825e-01 1.500000000000012434e+00 -2.476693077984188029e+00
7.853981633974481680e-01 1.500000000000008660e+00 -2.196296999496843760e+00
8.901179185171080865e-01 1.500000000000004663e+00 -1.976614547816879064e+00
9.948376736367677831e-01 1.500000000000000000e+00 -1.795216618463365110e+00
1.099557428756427591e+00 1.499999999999997335e+00 -1.640133383006810552e+00
1.204277183876087287e+00 1.499999999999995337e+00 -1.505868414287158119e+00
1.308996938995747206e+00 1.499999999999995115e+00 -1.390614705152830588e+00
1.413716694115406902e+00 1.499999999999997113e+00 -1.294142282516740128e+00
1.518436449235066821e+00 1.499999999999999334e+00 -1.216149247896479269e+00
1.623156204354726295e+00 1.500000000000001776e+00 -1.155205078972326715e+00
1.727875959474386214e+00 1.500000000000003109e+00 -1.108257830011695644e+00
1.832595714594045910e+00 1.500000000000003553e+00 -1.070755912153436906e+00
1.937315469713705829e+00 1.500000000000003553e+00 -1.037405527791455118e+00
2.042035224833365525e+00 1.500000000000001776e+00 -1.003325530261161447e+00
2.146754979953025000e+00 1.500000000000000666e+00 -9.652986458632755173e-01
2.251474735072684918e+00 1.499999999999998224e+00 -9.226101181848171962e-01
2.356194490192344837e+00 1.499999999999998002e+00 -8.770704383959651018e-01
2.460914245312004756e+00 1.499999999999997335e+00 -8.322068759883407552e-01
2.565634000431664230e+00 1.500000000000000000e+00 -7.919238712508591682e-01
2.670353755551324149e+00 1.500000000000001110e+00 -7.592059050629496042e-01
2.775073510670984067e+00 1.500000000000001998e+00 -7.352134979233935219e-01
2.879793265790643986e+00 1.500000000000003997e+00 -7.189847191327030096e-01
2.984513020910303460e+00 1.500000000000003997e+00 -7.077620562853281783e-01
3.089232776029963379e+00 1.500000000000002442e+00 -6.978135535915952481e-01
3.193952531149622853e+00 1.500000000000003109e+00 -6.855813412763862580e-01
3.298672286269282772e+00 1.500000000000001554e+00 -6.687650968848322108e-01
3.403392041388942246e+00 1.499999999999998002e+00 -6.469857632366422528e-01
3.508111796508602165e+00 1.499999999999998668e+00 -6.217848397752234746e-01
3.612831551628262083e+00 1.499999999999998890e+00 -5.959734941399967845e-01
3.717551306747922002e+00 1.499999999999999778e+00 -5.726386205765314763e-01
3.822271061867581476e+00 1.500000000000001110e+00 -5.541252695405369799e-01
3.926990816987241395e+00 1.500000000000002220e+00 -5.413038066102133783e-01
4.031710572106900869e+00 1.500000000000001776e+00 -5.333352314342931777e-01
4.136430327226561232e+00 1.500000000000001332e+00 -5.279795594143763537e-01
4.241150082346220707e+00 1.500000000000002220e+00 -5.223289916820288425e-01
4.345869837465881069e+00 1.500000000000000666e+00 -5.137386901954101859e-01
4.450589592585540544e+00 1.499999999999999778e+00 -5.006371110354503884e-01
4.555309347705200018e+00 1.499999999999999334e+00 -4.829927509903759741e-01
4.660029102824860381e+00 1.499999999999997113e+00 -4.623024119216392336e-01
4.764748857944519855e+00 1.499999999999994671e+00 -4.411205302768141934e-01
4.869468613064179330e+00 1.499999999999998002e+00 -4.222661708937831548e-01
4.974188368183839692e+00 1.499999999999999334e+00 -4.079957382136552013e-01
5.078908123303498279e+00 1.499999999999999556e+00 -3.993971103322291327e-01
5.183627878423158641e+00 1.499999999999999112e+00 -3.961513500539561861e-01
5.288347633542818116e+00 1.500000000000004663e+00 -3.966863320487616917e-01
5.393067388662477590e+00 1.500000000000003553e+00 -3.986530991946946045e-01
5.497787143782137953e+00 1.500000000000001998e+00 -3.995629612791811169e-01
5.602506898901797427e+00 1.500000000000001332e+00 -3.974472429937190299e-01
5.707226654021456902e+00 1.500000000000001776e+00 -3.913072677596476368e-01
5.811946409141117265e+00 1.500000000000000000e+00 -3.812669417470626598e-01
5.916666164260776739e+00 1.499999999999996891e+00 -3.683762027796095850e-01
6.021385919380437102e+00 1.500000000000003775e+00 -3.541639486381784607e-01
6.126105674500096576e+00 1.500000000000000666e+00 -3.401212812277218944e-01
6.230825429619756051e+00 1.499999999999998890e+00 -3.272723279968587917e-01
6.335545184739416413e+00 1.499999999999998668e+00 -3.160237957699836286e-01
6.440264939859075888e+00 1.500000000000001332e+00 -3.062779998593985198e-01
6.544984694978735362e+00 1.499999999999996669e+00 -2.977418567504281910e-01
6.649704450098395725e+00 1.499999999999999334e+00 -2.902243646142199651e-01
6.754424205218055199e+00 1.500000000000002665e+00 -2.837927708823890782e-01
6.859143960337715562e+00 1.499999999999998224e+00 -2.787466350777147994e-01
6.963863715457375037e+00 1.500000000000004441e+00 -2.754187820906821571e-01
7.068583470577034511e+00 1.500000000000003997e+00 -2.739472700731013788e-01
7.173303225696694874e+00 1.500000000000003553e+00 -2.740856917155669592e-01
7.278022980816354348e+00 1.500000000000000666e+00 -2.751314081525757516e-01
7.382742735936013823e+00 1.500000000000005995e+00 -2.760308435374634328e-01
7.487462491055674185e+00 1.500000000000000000e+00 -2.756020435681119096e-01
7.592182246175332772e+00 1.500000000000001332e+00 -2.728573642976748204e-01
7.696902001294993134e+00 1.499999999999995337e+00 -2.673072553364743698e-01
7.801621756414652609e+00 1.499999999999998002e+00 -2.591231817651777902e-01
7.906341511534312083e+00 1.499999999999998002e+00 -2.491286316761067710e-01
8.011061266653973334e+00 1.500000000000001998e+00 -2.385548149725096323e-01
8.115781021773631920e+00 1.499999999999998890e+00 -2.286884297585434211e-01
8.220500776893292283e+00 1.500000000000001554e+00 -2.204908035923978105e-01
8.325220532012952646e+00 1.500000000000001554e+00 -2.143618588040006046e-01
8.429940287132611232e+00 1.499999999999996447e+00 -2.100827055583707192e-01
8.534660042252271595e+00 1.500000000000001776e+00 -2.068992034311012418e-01
8.639379797371930181e+00 1.500000000000001998e+00 -2.037794347508299353e-01
8.744099552491592320e+00 1.500000000000000666e+00 -1.997235344985774930e-01
8.848819307611250906e+00 1.499999999999997113e+00 -1.941369235723726661e-01
8.953539062730909492e+00 1.499999999999996891e+00 -1.871305017939910442e-01
9.058258817850569855e+00 1.499999999999989342e+00 -1.795707623647651019e-01
9.162978572970228441e+00 1.500000000000001998e+00 -1.728643824391884465e-01
9.267698328089890580e+00 1.500000000000003997e+00 -1.684470644009881113e-01
9.372418083209549167e+00 1.500000000000007327e+00 -1.672588205364213820e-01
9.477137838329209529e+00 1.500000000000011102e+00 -1.693397802978999778e-01
9.581857593448868116e+00 1.500000000000002665e+00 -1.737284484794745509e-01
9.686577348568528478e+00 1.500000000000012434e+00 -1.787086252074079340e-01
9.791297103688188841e+00 1.500000000000017986e+00 -1.822476797185341724e-01
9.896016858807849204e+00 1.500000000000020428e+00 -1.825889120991792680e-01
1.000073661392750779e+01 1.500000000000022649e+00 -1.787617186285590520e-01
1.010545636904716815e+01 1.500000000000023759e+00 -1.709218471395139716e-01
1.021017612416682674e+01 1.500000000000024203e+00 -1.603992719615359164e-01
1.031489587928648710e+01 1.500000000000030420e+00 -1.493789423349394241e-01
1.041961563440614746e+01 1.500000000000041966e+00 -1.403345428458671051e-01
1.052433538952580783e+01 1.500000000000043299e+00 -1.353045801738996801e-01
1.062905514464546641e+01 1.500000000000049516e+00 -1.352418017333647526e-01
1.073377489976512678e+01 1.500000000000060174e+00 -1.396257221651850955e-01
1.083849465488478536e+01 1.500000000000059064e+00 -1.464384567173908636e-01
1.094321441000444750e+01 1.500000000000054401e+00 -1.526327548730304073e-01
1.104793416512410609e+01 1.500000000000067502e+00 -1.549828984497523265e-01
1.115265392024376645e+01 1.500000000000057954e+00 -1.510980224564129060e-01
1.125737367536342504e+01 1.500000000000062395e+00 -1.402390097013874737e-01
1.136209343048308362e+01 1.500000000000055733e+00 -1.199549183428647581e-01
1.146681318560274576e+01 1.500000000000060174e+00 -1.005019681650605179e-01
1.157153294072240435e+01 1.500000000000059730e+00 -8.218946954881012346e-02
1.167625269584206471e+01 1.500000000000061728e+00 -6.882490783289263447e-02
1.178097245096172330e+01 1.500000000000061506e+00 -6.309152978866983119e-02
1.188569220608138366e+01 1.500000000000061950e+00 -6.581612292685434795e-02
1.199041196120104225e+01 1.500000000000062172e+00 -7.573571882235974329e-02
1.209513171632070438e+01 1.500000000000065281e+00 -8.975733194385071556e-02
1.219985147144036297e+01 1.500000000000068834e+00 -1.036866722435689780e-01
1.230457122656002333e+01 1.500000000000057065e+00 -1.133069550656244928e-01
1.240929098167968192e+01 1.500000000000057510e+00 -1.155472000970156898e-01
1.251401073679934228e+01 1.500000000000047073e+00 -1.093734249419835436e-01
1.261873049191900265e+01 1.500000000000047073e+00 -9.604259844343587815e-02
1.272345024703866301e+01 1.500000000000043299e+00 -7.861791255599825945e-02
1.282817000215832159e+01 1.500000000000049294e+00 -6.095785704047607112e-02
1.293288975727798196e+01 1.500000000000048850e+00 -4.657099321828184202e-02
1.303760951239764054e+01 1.500000000000043965e+00 -3.769215622920718545e-02
1.314232926751730268e+01 1.500000000000047962e+00 -3.478634737548524924e-02
1.324704902263696127e+01 1.500000000000055067e+00 -3.658377482643082601e-02
1.335176877775662163e+01 1.500000000000055067e+00 -4.056399841438285137e-02
1.345648853287628022e+01 1.500000000000055289e+00 -4.375080206249215564e-02
1.356120828799594058e+01 1.500000000000053513e+00 -4.358027658634000545e-02
1.366592804311559917e+01 1.500000000000047962e+00 -3.860460134623444617e-02
1.377064779823526131e+01 1.500000000000043965e+00 -2.888450045561974378e-02
1.387536755335491989e+01 1.500000000000042855e+00 -1.594445650324871622e-02
1.398008730847457848e+01 1.500000000000034417e+00 -2.306383079407225978e-03
1.408480706359423884e+01 1.500000000000040412e+00 9.268356090807117198e-03
1.418952681871389743e+01 1.500000000000052180e+00 1.660000951377149647e-02
1.429424657383355957e+01 1.500000000000052403e+00 1.871383100249701670e-02
1.439896632895321815e+01 1.500000000000042188e+00 1.610985695788791361e-02
1.450368608407287851e+01 1.500000000000048406e+00 1.062019915676337689e-02
1.460840583919253710e+01 1.500000000000038414e+00 4.873783699272493664e-03
1.471312559431219746e+01 1.500000000000043299e+00 1.518619653413821879e-03
1.481784534943185783e+01 1.500000000000047518e+00 2.387722537184444604e-03
1.492256510455151819e+01 1.500000000000034195e+00 7.914303747231343777e-03
1.502728485967117678e+01 1.500000000000036859e+00 1.698984373702039363e-02
1.513200461479083714e+01 1.500000000000035083e+00 2.734213565453735839e-02
1.523672436991049572e+01 1.500000000000039302e+00 3.630894696889974682e-02
1.534144412503015609e+01 1.500000000000050182e+00 4.169014942086235465e-02
1.544616388014981645e+01 1.500000000000045519e+00 4.247437604709247694e-02
1.555088363526947681e+01 1.500000000000039302e+00 3.915896133882945662e-02
1.565560339038913540e+01 1.500000000000050626e+00 3.357615528858914900e-02
1.576032314550879576e+01 1.500000000000043299e+00 2.831137318039722572e-02
1.586504290062845435e+01 1.500000000000054179e+00 2.589086519056849056e-02
1.596976265574811649e+01 1.500000000000053957e+00 2.802797376906518423e-02
1.607448241086777685e+01 1.500000000000040190e+00 3.511710059299488762e-02
1.617920216598743366e+01 1.500000000000038192e+00 4.613168141614210072e-02
1.628392192110709402e+01 1.500000000000043965e+00 5.893649160049108104e-02
1.638864167622675438e+01 1.500000000000042855e+00 7.092497144597942338e-02
1.649336143134641475e+01 1.500000000000043965e+00 7.979885459283764249e-02
1.659808118646607511e+01 1.500000000000051292e+00 8.423823427632370908e-02
1.670280094158573192e+01 1.500000000000053735e+00 8.427619684037779280e-02
1.680752069670539228e+01 1.500000000000045741e+00 8.129469970002034529e-02
1.691224045182505265e+01 1.500000000000051292e+00 7.764559970117090870e-02
1.701696020694471301e+01 1.500000000000042855e+00 7.600599479162184480e-02
1.712167996206437337e+01 1.500000000000038858e+00 7.859077170648021138e-02
1.722639971718403373e+01 1.500000000000043965e+00 8.644206343014815275e-02
1.733111947230369054e+01 1.500000000000039302e+00 9.902727364274710453e-02
1.743583922742335091e+01 1.500000000000031752e+00 1.142746408564754290e-01
1.754055898254301127e+01 1.500000000000035083e+00 1.290883783143854657e-01
1.764527873766267163e+01 1.500000000000027089e+00 1.401959695240044823e-01
1.774999849278232844e+01 1.500000000000038192e+00 1.451091431925455311e-01
1.785471824790198880e+01 1.500000000000041522e+00 1.429071637226329017e-01
1.795943800302165272e+01 1.500000000000043521e+00 1.345685076807967562e-01
1.806415775814131308e+01 1.500000000000046185e+00 1.227232847993313669e-01
1.816887751326096989e+01 1.500000000000042855e+00 1.109124498014004701e-01
1.827359726838063025e+01 1.500000000000045075e+00 1.026200258223504136e-01
1.837831702350029062e+01 1.500000000000043521e+00 1.003637472079859094e-01
1.848303677861995098e+01 1.500000000000036193e+00 1.050800718279383261e-01
1.858775653373960779e+01 1.500000000000039080e+00 1.159367379483420279e-01
1.869247628885926815e+01 1.500000000000037970e+00 1.305996555935919901e-01
1.879719604397892851e+01 1.500000000000039524e+00 1.459182761219359747e-01
