5.235987755982988295e-02 1.309999999999779785e+00 -1.564735999740657135e+01
1.570796326794896558e-01 1.309999999999979181e+00 -5.337177101221057818e+00
2.617993877991494078e-01 1.309999999999998055e+00 -3.342718773529943732e+00
3.665191429188092154e-01 1.310000000000001386e+00 -2.530206608720470651e+00
4.712388980384689674e-01 1.310000000000002274e+00 -2.104649006235566056e+00
5.759586531581286639e-01 1.310000000000000941e+00 -1.845698812255386123e+00
6.806784082777885825e-01 1.309999999999999609e+00 -1.665045043400783076e+00
7.853981633974481680e-01 1.309999999999999387e+00 -1.520584562978521515e+00
8.901179185171080865e-01 1.309999999999999387e+00 -1.393594888031498780e+00
9.948376736367677831e-01 1.310000000000000053e+00 -1.279311393534887875e+00
1.099557428756427591e+00 1.310000000000000497e+00 -1.179117138511084573e+00
1.204277183876087287e+00 1.310000000000000941e+00 -1.094839845897959130e+00
1.308996938995747206e+00 1.310000000000000719e+00 -1.026687995799243858e+00
1.413716694115406902e+00 1.310000000000000497e+00 -9.730854147665737308e-01
1.518436449235066821e+00 1.309999999999998943e+00 -9.307860562148579930e-01
1.623156204354726295e+00 1.309999999999997833e+00 -8.950535503474559285e-01
1.727875959474386214e+00 1.309999999999997389e+00 -8.606708378219534161e-01
1.832595714594045910e+00 1.309999999999996501e+00 -8.239583884306160844e-01
1.937315469713705829e+00 1.309999999999998055e+00 -7.845130085584806068e-01
2.042035224833365525e+00 1.309999999999998721e+00 -7.449488595684532477e-01
2.146754979953025000e+00 1.310000000000000497e+00 -7.086297865617638969e-01
2.251474735072684918e+00 1.310000000000000941e+00 -6.773847762629636726e-01
2.356194490192344837e+00 1.310000000000000275e+00 -6.508110844006531615e-01
2.460914245312004756e+00 1.309999999999999165e+00 -6.268904103191883515e-01
2.565634000431664230e+00 1.309999999999998055e+00 -6.036744006340923896e-01
2.670353755551324149e+00 1.309999999999996723e+00 -5.811328952411711768e-01
2.775073510670984067e+00 1.309999999999996723e+00 -5.611557538398019851e-01
2.879793265790643986e+00 1.309999999999995834e+00 -5.456540545467687409e-01
2.984513020910303460e+00 1.309999999999998277e+00 -5.347925886748989832e-01
3.089232776029963379e+00 1.309999999999999165e+00 -5.266257974976866763e-01
3.193952531149622853e+00 1.310000000000000719e+00 -5.179678317136380272e-01
3.298672286269282772e+00 1.310000000000000053e+00 -5.054858953772249919e-01
3.403392041388942246e+00 1.309999999999998943e+00 -4.869818604957250052e-01
3.508111796508602165e+00 1.309999999999998055e+00 -4.630228660454549505e-01
3.612831551628262083e+00 1.309999999999997389e+00 -4.374343135725338172e-01
3.717551306747922002e+00 1.309999999999994724e+00 -4.154976205778107001e-01
3.822271061867581476e+00 1.309999999999997611e+00 -4.012140449678822662e-01
3.926990816987241395e+00 1.309999999999995612e+00 -3.958230145011656376e-01
4.031710572106900869e+00 1.309999999999996056e+00 -3.978947958357528236e-01
4.136430327226561232e+00 1.309999999999996723e+00 -4.036561943962233556e-01
4.241150082346220707e+00 1.309999999999997833e+00 -4.073662081916120670e-01
4.345869837465881069e+00 1.309999999999996723e+00 -4.031513474595360691e-01
4.450589592585540544e+00 1.309999999999997389e+00 -3.883635372843592393e-01
4.555309347705200018e+00 1.309999999999994502e+00 -3.655264664092134907e-01
4.660029102824860381e+00 1.309999999999998277e+00 -3.406471672939037632e-01
4.764748857944519855e+00 1.309999999999994058e+00 -3.198225366082674270e-01
4.869468613064179330e+00 1.309999999999992948e+00 -3.068660048516322902e-01
4.974188368183839692e+00 1.309999999999995390e+00 -3.025202529038120147e-01
5.078908123303498279e+00 1.309999999999996723e+00 -3.044209481625497205e-01
5.183627878423158641e+00 1.309999999999993392e+00 -3.079097236725294451e-01
5.288347633542818116e+00 1.309999999999993836e+00 -3.082723233432096421e-01
5.393067388662477590e+00 1.309999999999996279e+00 -3.033434340492684456e-01
5.497787143782137953e+00 1.309999999999993614e+00 -2.944032008749131180e-01
5.602506898901797427e+00 1.309999999999996723e+00 -2.847550951080437542e-01
5.707226654021456902e+00 1.309999999999996056e+00 -2.774786603030170440e-01
5.811946409141117265e+00 1.309999999999993392e+00 -2.739421416295186873e-01
5.916666164260776739e+00 1.309999999999999609e+00 -2.733808321847899236e-01
6.021385919380437102e+00 1.309999999999990949e+00 -2.732729767382098274e-01
6.126105674500096576e+00 1.309999999999992282e+00 -2.705093491209140666e-01
6.230825429619756051e+00 1.309999999999990949e+00 -2.633039262830187965e-01
6.335545184739416413e+00 1.309999999999992282e+00 -2.529930817508603269e-01
6.440264939859075888e+00 1.309999999999992948e+00 -2.437312619178904072e-01
6.544984694978735362e+00 1.309999999999994280e+00 -2.397395128634061123e-01
6.649704450098395725e+00 1.309999999999996279e+00 -2.422422063271989501e-01
6.754424205218055199e+00 1.309999999999998499e+00 -2.482439962795295330e-01
6.859143960337715562e+00 1.310000000000000719e+00 -2.519818439654066822e-01
6.963863715457375037e+00 1.309999999999997833e+00 -2.482149064930263549e-01
7.068583470577034511e+00 1.309999999999996279e+00 -2.352725499497996253e-01
7.173303225696694874e+00 1.309999999999996279e+00 -2.159158605883941817e-01
7.278022980816354348e+00 1.309999999999994502e+00 -1.956444641712860033e-01
7.382742735936013823e+00 1.309999999999999165e+00 -1.800115300239317762e-01
7.487462491055674185e+00 1.309999999999995390e+00 -1.727024676602528785e-01
7.592182246175332772e+00 1.309999999999992060e+00 -1.747242105701047876e-01
7.696902001294993134e+00 1.309999999999993836e+00 -1.843002160356137509e-01
7.801621756414652609e+00 1.309999999999992060e+00 -1.974821644501529860e-01
7.906341511534312083e+00 1.309999999999983622e+00 -2.094911929284650753e-01
8.011061266653973334e+00 1.309999999999986509e+00 -2.162726756317514543e-01
8.115781021773631920e+00 1.309999999999993392e+00 -2.156095958885657637e-01
8.220500776893292283e+00 1.309999999999988951e+00 -2.073746995894492073e-01
8.325220532012952646e+00 1.310000000000001608e+00 -1.932038840571230764e-01
8.429940287132611232e+00 1.309999999999993392e+00 -1.760782086158627635e-01
8.534660042252271595e+00 1.309999999999991394e+00 -1.596417305283406307e-01
8.639379797371930181e+00 1.309999999999984732e+00 -1.470592401054329201e-01
8.744099552491592320e+00 1.309999999999979625e+00 -1.397591401416189427e-01
8.848819307611250906e+00 1.309999999999988729e+00 -1.369434299020344525e-01
8.953539062730909492e+00 1.309999999999984732e+00 -1.364175749043656793e-01
9.058258817850569855e+00 1.309999999999982956e+00 -1.362194251433272996e-01
9.162978572970228441e+00 1.309999999999992948e+00 -1.357448274455741455e-01
9.267698328089890580e+00 1.309999999999992948e+00 -1.355479170928806099e-01
9.372418083209549167e+00 1.310000000000000275e+00 -1.365248514457171325e-01
9.477137838329209529e+00 1.309999999999996723e+00 -1.391388773432282733e-01
9.581857593448868116e+00 1.309999999999997389e+00 -1.427636837973977890e-01
9.686577348568528478e+00 1.310000000000001830e+00 -1.454119489381202612e-01
9.791297103688188841e+00 1.310000000000001386e+00 -1.443226328777384992e-01
9.896016858807849204e+00 1.310000000000008047e+00 -1.375098343617011665e-01
1.000073661392750779e+01 1.310000000000021370e+00 -1.251881496066342692e-01
1.010545636904716815e+01 1.310000000000000497e+00 -1.097490562244818335e-01
1.021017612416682674e+01 1.310000000000006271e+00 -9.467596121159971290e-02
1.031489587928648710e+01 1.310000000000023590e+00 -8.332862815056607531e-02
1.041961563440614746e+01 1.310000000000028697e+00 -7.771888055982323351e-02
1.052433538952580783e+01 1.310000000000026699e+00 -7.760671064133362052e-02
1.062905514464546641e+01 1.310000000000037135e+00 -8.048749877309013812e-02
1.073377489976512678e+01 1.310000000000034026e+00 -8.286614862625540923e-02
1.083849465488478536e+01 1.310000000000034470e+00 -8.234052367384769866e-02
1.094321441000444750e+01 1.310000000000033582e+00 -7.896091084895573431e-02
1.104793416512410609e+01 1.310000000000036247e+00 -7.482268531893510044e-02
1.115265392024376645e+01 1.310000000000038023e+00 -7.248677330508890293e-02
1.125737367536342504e+01 1.310000000000028697e+00 -7.342435595390739422e-02
1.136209343048308362e+01 1.310000000000046017e+00 -7.349263269862760239e-02
1.146681318560274576e+01 1.310000000000045794e+00 -7.747636225940901511e-02
1.157153294072240435e+01 1.310000000000037579e+00 -7.823435849480731008e-02
1.167625269584206471e+01 1.310000000000037801e+00 -7.329764260710192048e-02
1.178097245096172330e+01 1.310000000000040687e+00 -6.305568453358034731e-02
1.188569220608138366e+01 1.310000000000042908e+00 -5.068381717897985084e-02
1.199041196120104225e+01 1.310000000000034914e+00 -4.065885159156756856e-02
1.209513171632070438e+01 1.310000000000043130e+00 -3.713322887070269473e-02
1.219985147144036297e+01 1.310000000000031362e+00 -4.239159553334026498e-02
1.230457122656002333e+01 1.310000000000028031e+00 -5.549518726808777558e-02
1.240929098167968192e+01 1.310000000000032028e+00 -7.197454791073631952e-02
1.251401073679934228e+01 1.310000000000027809e+00 -8.554932710429952181e-02
1.261873049191900265e+01 1.310000000000017817e+00 -9.113432845351709943e-02
1.272345024703866301e+01 1.310000000000030695e+00 -8.703022931930881612e-02
1.282817000215832159e+01 1.310000000000029363e+00 -7.510493290448216896e-02
1.293288975727798196e+01 1.310000000000033138e+00 -5.950762418114052821e-02
1.303760951239764054e+01 1.310000000000029363e+00 -4.478631253387277411e-02
1.314232926751730268e+01 1.310000000000035358e+00 -3.425537864094430063e-02
1.324704902263696127e+01 1.310000000000041798e+00 -2.894676217364100523e-02
1.335176877775662163e+01 1.310000000000024256e+00 -2.731108710961471786e-02
1.345648853287628022e+01 1.310000000000039577e+00 -2.665856648804165729e-02
1.356120828799594058e+01 1.310000000000027809e+00 -2.541190861723841010e-02
1.366592804311559917e+01 1.310000000000022702e+00 -2.323091191112247600e-02
1.377064779823526131e+01 1.310000000000023368e+00 -1.967569429317883589e-02
1.387536755335491989e+01 1.310000000000035358e+00 -1.450123274701020648e-02
1.398008730847457848e+01 1.310000000000025366e+00 -8.682927933756801053e-03
1.408480706359423884e+01 1.310000000000028919e+00 -4.039417899329933448e-03
1.418952681871389743e+01 1.310000000000023590e+00 -1.990891499458413705e-03
1.429424657383355957e+01 1.310000000000019815e+00 -2.838371843335352196e-03
1.439896632895321815e+01 1.310000000000020037e+00 -6.120233588360335375e-03
1.450368608407287851e+01 1.310000000000012710e+00 -1.088369972261382657e-02
1.460840583919253710e+01 1.310000000000014042e+00 -1.503818331632622574e-02
1.471312559431219746e+01 1.310000000000020703e+00 -1.549745684586589789e-02
1.481784534943185783e+01 1.310000000000027365e+00 -1.019947061679538081e-02
1.492256510455151819e+01 1.310000000000040021e+00 4.836215603507554306e-04
1.502728485967117678e+01 1.310000000000009379e+00 1.456549201444445885e-02
1.513200461479083714e+01 1.310000000000016707e+00 2.969702334705992541e-02
1.523672436991049572e+01 1.310000000000045572e+00 4.359751497955777211e-02
1.534144412503015609e+01 1.310000000000022924e+00 5.399482435784719314e-02
1.544616388014981645e+01 1.310000000000019593e+00 5.903382415752211898e-02
1.555088363526947681e+01 1.310000000000019815e+00 5.845456119112490967e-02
1.565560339038913540e+01 1.310000000000014930e+00 5.433018602453643098e-02
1.576032314550879576e+01 1.310000000000026033e+00 4.967348711433672293e-02
1.586504290062845435e+01 1.310000000000014708e+00 4.649690959450403227e-02
1.596976265574811649e+01 1.310000000000025588e+00 4.569328285971607784e-02
1.607448241086777685e+01 1.310000000000027365e+00 4.766543442332604741e-02
1.617920216598743366e+01 1.310000000000023812e+00 5.207879422112426937e-02
1.628392192110709402e+01 1.310000000000029585e+00 5.755235736677732916e-02
1.638864167622675438e+01 1.310000000000018705e+00 6.236931956187419246e-02
1.649336143134641475e+01 1.310000000000022480e+00 6.563833756997894398e-02
1.659808118646607511e+01 1.310000000000021148e+00 6.761285253954341101e-02
1.670280094158573192e+01 1.310000000000025810e+00 6.872033919554709769e-02
1.680752069670539228e+01 1.310000000000022036e+00 6.928907460415345554e-02
1.691224045182505265e+01 1.310000000000030029e+00 7.075584913060595227e-02
1.701696020694471301e+01 1.310000000000026699e+00 7.551897191248713170e-02
1.712167996206437337e+01 1.310000000000018483e+00 8.488841193850049649e-02
1.722639971718403373e+01 1.310000000000024478e+00 9.783934017605133704e-02
1.733111947230369054e+01 1.310000000000020037e+00 1.113769821180277120e-01
1.743583922742335091e+01 1.310000000000014042e+00 1.215470093677701868e-01
1.754055898254301127e+01 1.310000000000003828e+00 1.248672822052938614e-01
1.764527873766267163e+01 1.310000000000015596e+00 1.198740532121433944e-01
1.774999849278232844e+01 1.310000000000019815e+00 1.081255783764802914e-01
1.785471824790198880e+01 1.310000000000008713e+00 9.400838550017454054e-02
1.795943800302165272e+01 1.310000000000013376e+00 8.288107324979776536e-02
1.806415775814131308e+01 1.310000000000011600e+00 7.850855031908920978e-02
1.816887751326096989e+01 1.310000000000020481e+00 8.158881903303338845e-02
1.827359726838063025e+01 1.310000000000027365e+00 9.006442197574315855e-02
1.837831702350029062e+01 1.310000000000025810e+00 1.003659804998804361e-01
1.848303677861995098e+01 1.310000000000021370e+00 1.087750331049548436e-01
1.858775653373960779e+01 1.310000000000021370e+00 1.127586017145070230e-01
1.869247628885926815e+01 1.310000000000028253e+00 1.121009247060200664e-01
1.879719604397892851e+01 1.310000000000034248e+00 1.088718360879816771e-01
