5.235987755982988295e-02 1.749999999999683364e+00 -4.601588727053247396e+01
1.570796326794896558e-01 1.749999999999960476e+00 -1.535591354458168922e+01
2.617993877991494078e-01 1.749999999999981570e+00 -9.234373463899752110e+00
3.665191429188092154e-01 1.749999999999991118e+00 -6.618151871750814763e+00
4.712388980384689674e-01 1.749999999999994893e+00 -5.170148826742424042e+00
5.759586531581286639e-01 1.749999999999993561e+00 -4.252937026046378577e+00
6.806784082777885825e-01 1.749999999999993783e+00 -3.621213306727749437e+00
7.853981633974481680e-01 1.749999999999994671e+00 -3.160436503758954352e+00
8.901179185171080865e-01 1.749999999999994893e+00 -2.809883459708462095e+00
9.948376736367677831e-01 1.749999999999995559e+00 -2.534324962480988042e+00
1.099557428756427591e+00 1.749999999999996891e+00 -2.311930299249229659e+00
1.204277183876087287e+00 1.749999999999996225e+00 -2.128488584384305327e+00
1.308996938995747206e+00 1.749999999999996447e+00 -1.974408365143173416e+00
1.413716694115406902e+00 1.749999999999996669e+00 -1.843082228323063898e+00
1.518436449235066821e+00 1.749999999999997113e+00 -1.729861631722553916e+00
1.623156204354726295e+00 1.749999999999997113e+00 -1.631412970728644662e+00
1.727875959474386214e+00 1.749999999999997113e+00 -1.545262461368627216e+00
1.832595714594045910e+00 1.749999999999996447e+00 -1.469466643054021526e+00
1.937315469713705829e+00 1.749999999999997113e+00 -1.402398812756339819e+00
2.042035224833365525e+00 1.749999999999997113e+00 -1.342629387930828422e+00
2.146754979953025000e+00 1.749999999999997558e+00 -1.288869171019279225e+00
2.251474735072684918e+00 1.749999999999996891e+00 -1.239969744124991724e+00
2.356194490192344837e+00 1.749999999999998224e+00 -1.194939290785841379e+00
2.460914245312004756e+00 1.749999999999998002e+00 -1.152971061368564865e+00
2.565634000431664230e+00 1.749999999999997335e+00 -1.113442875940832799e+00
2.670353755551324149e+00 1.749999999999998002e+00 -1.075914229849688208e+00
2.775073510670984067e+00 1.749999999999998890e+00 -1.040111813431254362e+00
2.879793265790643986e+00 1.749999999999997558e+00 -1.005893696301548346e+00
2.984513020910303460e+00 1.749999999999997558e+00 -9.732219845073406539e-01
3.089232776029963379e+00 1.749999999999996225e+00 -9.421273200417719096e-01
3.193952531149622853e+00 1.749999999999997113e+00 -9.126715349575031944e-01
3.298672286269282772e+00 1.749999999999997335e+00 -8.849159070223335810e-01
3.403392041388942246e+00 1.749999999999994893e+00 -8.588909885305326952e-01
3.508111796508602165e+00 1.749999999999996669e+00 -8.345857683691413342e-01
3.612831551628262083e+00 1.749999999999995559e+00 -8.119446620796777481e-01
3.717551306747922002e+00 1.749999999999996891e+00 -7.908611529403306584e-01
3.822271061867581476e+00 1.749999999999993561e+00 -7.711919926772616840e-01
3.926990816987241395e+00 1.749999999999994671e+00 -7.527557282522465698e-01
4.031710572106900869e+00 1.749999999999994005e+00 -7.353312272200298594e-01
4.136430327226561232e+00 1.749999999999993561e+00 -7.186840488267884908e-01
4.241150082346220707e+00 1.749999999999995115e+00 -7.025821336901074687e-01
4.345869837465881069e+00 1.749999999999994005e+00 -6.868358739025000048e-01
4.450589592585540544e+00 1.749999999999992450e+00 -6.713295501869573911e-01
4.555309347705200018e+00 1.749999999999991784e+00 -6.560346381693538120e-01
4.660029102824860381e+00 1.749999999999991784e+00 -6.409926392869786937e-01
4.764748857944519855e+00 1.749999999999993339e+00 -6.262840735700070383e-01
4.869468613064179330e+00 1.749999999999991118e+00 -6.119786991915443508e-01
4.974188368183839692e+00 1.749999999999989786e+00 -5.980958237932307853e-01
5.078908123303498279e+00 1.749999999999991340e+00 -5.845923133513215575e-01
5.183627878423158641e+00 1.749999999999992228e+00 -5.713698347511382281e-01
5.288347633542818116e+00 1.749999999999990674e+00 -5.583082673517409944e-01
5.393067388662477590e+00 1.749999999999993561e+00 -5.453096632563783075e-01
5.497787143782137953e+00 1.749999999999990674e+00 -5.323252530261122217e-01
5.602506898901797427e+00 1.749999999999995115e+00 -5.193794419812309826e-01
5.707226654021456902e+00 1.749999999999992895e+00 -5.065630413113622055e-01
5.811946409141117265e+00 1.749999999999992450e+00 -4.940170523516069778e-01
5.916666164260776739e+00 1.749999999999990896e+00 -4.819011246929871817e-01
6.021385919380437102e+00 1.749999999999991784e+00 -4.703691180025817431e-01
6.126105674500096576e+00 1.749999999999989564e+00 -4.595422848996237875e-01
6.230825429619756051e+00 1.749999999999992895e+00 -4.494964108239178913e-01
6.335545184739416413e+00 1.749999999999989564e+00 -4.402475497648667968e-01
6.440264939859075888e+00 1.749999999999993339e+00 -4.317515843846591039e-01
6.544984694978735362e+00 1.749999999999988232e+00 -4.239111049873542925e-01
6.649704450098395725e+00 1.749999999999992673e+00 -4.165865579728773582e-01
6.754424205218055199e+00 1.749999999999994005e+00 -4.096159153403169384e-01
6.859143960337715562e+00 1.749999999999991340e+00 -4.028383922664255934e-01
6.963863715457375037e+00 1.749999999999991340e+00 -3.961181433089153714e-01
7.068583470577034511e+00 1.749999999999994449e+00 -3.893680746218333155e-01
7.173303225696694874e+00 1.749999999999994227e+00 -3.825491720391358541e-01
7.278022980816354348e+00 1.749999999999991340e+00 -3.756712118520084687e-01
7.382742735936013823e+00 1.749999999999998002e+00 -3.687706711547846794e-01
7.487462491055674185e+00 1.749999999999991562e+00 -3.618877762919305852e-01
7.592182246175332772e+00 1.749999999999992673e+00 -3.550459040366922281e-01
7.696902001294993134e+00 1.749999999999993339e+00 -3.482457082832421946e-01
7.801621756414652609e+00 1.749999999999987343e+00 -3.414693038033131955e-01
7.906341511534312083e+00 1.749999999999989342e+00 -3.346927962324039996e-01
8.011061266653973334e+00 1.749999999999992228e+00 -3.279083889058060919e-01
8.115781021773631920e+00 1.749999999999991784e+00 -3.211350944340374269e-01
8.220500776893292283e+00 1.749999999999985123e+00 -3.144215497415299154e-01
8.325220532012952646e+00 1.749999999999990008e+00 -3.078403011019421598e-01
8.429940287132611232e+00 1.749999999999987121e+00 -3.014716616641806013e-01
8.534660042252271595e+00 1.749999999999988454e+00 -2.953928476455303098e-01
8.639379797371930181e+00 1.749999999999980682e+00 -2.896500607840675201e-01
8.744099552491592320e+00 1.749999999999987788e+00 -2.842504488473593938e-01
8.848819307611250906e+00 1.749999999999986011e+00 -2.791549827721926391e-01
8.953539062730909492e+00 1.749999999999990230e+00 -2.742642888999888839e-01
9.058258817850569855e+00 1.749999999999985789e+00 -2.694322578341044050e-01
9.162978572970228441e+00 1.749999999999989564e+00 -2.644880445686759174e-01
9.267698328089890580e+00 1.749999999999990008e+00 -2.592572918346771615e-01
9.372418083209549167e+00 1.749999999999994671e+00 -2.536184058177308742e-01
9.477137838329209529e+00 1.749999999999992228e+00 -2.475443906651459969e-01
9.581857593448868116e+00 1.749999999999992450e+00 -2.411321641769763602e-01
9.686577348568528478e+00 1.749999999999999556e+00 -2.346174481524005984e-01
9.791297103688188841e+00 1.750000000000001554e+00 -2.283357632018319094e-01
9.896016858807849204e+00 1.750000000000005107e+00 -2.226619615342233516e-01
1.000073661392750779e+01 1.750000000000013989e+00 -2.179311261407193001e-01
1.010545636904716815e+01 1.750000000000006661e+00 -2.143416710628525124e-01
1.021017612416682674e+01 1.750000000000011546e+00 -2.119026893934830014e-01
1.031489587928648710e+01 1.750000000000016209e+00 -2.104083228569226804e-01
1.041961563440614746e+01 1.750000000000022871e+00 -2.094508907720964430e-01
1.052433538952580783e+01 1.750000000000030198e+00 -2.084807673492683477e-01
1.062905514464546641e+01 1.750000000000030420e+00 -2.069151666341859652e-01
1.073377489976512678e+01 1.750000000000037303e+00 -2.042411635674508119e-01
1.083849465488478536e+01 1.750000000000042633e+00 -2.001323364762424006e-01
1.094321441000444750e+01 1.750000000000047962e+00 -1.945222924324205849e-01
1.104793416512410609e+01 1.750000000000047296e+00 -1.876170636781449019e-01
1.115265392024376645e+01 1.750000000000049960e+00 -1.798353947896540461e-01
1.125737367536342504e+01 1.750000000000052403e+00 -1.717076427952779483e-01
1.136209343048308362e+01 1.750000000000046629e+00 -1.600632747564532110e-01
1.146681318560274576e+01 1.750000000000051958e+00 -1.525491242985328455e-01
1.157153294072240435e+01 1.750000000000048850e+00 -1.457788478845216673e-01
1.167625269584206471e+01 1.750000000000056843e+00 -1.397522447303529702e-01
1.178097245096172330e+01 1.750000000000047518e+00 -1.343031960239002842e-01
1.188569220608138366e+01 1.750000000000046185e+00 -1.291431758656464979e-01
1.199041196120104225e+01 1.750000000000043965e+00 -1.239162098375601317e-01
1.209513171632070438e+01 1.750000000000051514e+00 -1.182692527122473081e-01
1.219985147144036297e+01 1.750000000000039302e+00 -1.119080928418210163e-01
1.230457122656002333e+01 1.750000000000044853e+00 -1.046786589747537022e-01
1.240929098167968192e+01 1.750000000000043299e+00 -9.662265871852326882e-02
1.251401073679934228e+01 1.750000000000034861e+00 -8.799638512148533209e-02
1.261873049191900265e+01 1.750000000000029088e+00 -7.924745473601291224e-02
1.272345024703866301e+01 1.750000000000039968e+00 -7.091633634864003000e-02
1.282817000215832159e+01 1.750000000000038414e+00 -6.351772923743048693e-02
1.293288975727798196e+01 1.750000000000038636e+00 -5.742036021963237147e-02
1.303760951239764054e+01 1.750000000000032863e+00 -5.276955843539177238e-02
1.314232926751730268e+01 1.750000000000035971e+00 -4.947089420021733019e-02
1.324704902263696127e+01 1.750000000000032641e+00 -4.722925696687063635e-02
1.335176877775662163e+01 1.750000000000026645e+00 -4.562878424208705042e-02
1.345648853287628022e+01 1.750000000000029088e+00 -4.421253470051667023e-02
1.356120828799594058e+01 1.750000000000020206e+00 -4.254072320910751159e-02
1.366592804311559917e+01 1.750000000000033307e+00 -4.023252467523086295e-02
1.377064779823526131e+01 1.750000000000031086e+00 -3.698627091977613190e-02
1.387536755335491989e+01 1.750000000000027978e+00 -3.261900093527536626e-02
1.398008730847457848e+01 1.750000000000021982e+00 -2.710286997172239865e-02
1.408480706359423884e+01 1.750000000000032863e+00 -2.058232501300416573e-02
1.418952681871389743e+01 1.750000000000020206e+00 -1.339226394907377937e-02
1.429424657383355957e+01 1.750000000000016209e+00 -6.007671522656465868e-03
1.439896632895321815e+01 1.750000000000017764e+00 1.044672573652150049e-03
1.450368608407287851e+01 1.750000000000026645e+00 7.284986611946209223e-03
1.460840583919253710e+01 1.750000000000026201e+00 1.238423671791899494e-02
1.471312559431219746e+01 1.750000000000023759e+00 1.622357351372016865e-02
1.481784534943185783e+01 1.750000000000020428e+00 1.887925228814424372e-02
1.492256510455151819e+01 1.750000000000020206e+00 2.059990804048617008e-02
1.502728485967117678e+01 1.750000000000015099e+00 2.172942875649930272e-02
1.513200461479083714e+01 1.750000000000022871e+00 2.265107173165148424e-02
1.523672436991049572e+01 1.750000000000024425e+00 2.378417300823620906e-02
1.534144412503015609e+01 1.750000000000021538e+00 2.550361325704919579e-02
1.544616388014981645e+01 1.750000000000023759e+00 2.813700427906873358e-02
1.555088363526947681e+01 1.750000000000024647e+00 3.191091229980358435e-02
1.565560339038913540e+01 1.750000000000025535e+00 3.687827730233728118e-02
1.576032314550879576e+01 1.750000000000020650e+00 4.290146326852450898e-02
1.586504290062845435e+01 1.750000000000011768e+00 4.964418640358836399e-02
1.596976265574811649e+01 1.750000000000019762e+00 5.663529784475507256e-02
1.607448241086777685e+01 1.750000000000032196e+00 6.337200601496917329e-02
1.617920216598743366e+01 1.750000000000019762e+00 6.941385523549570280e-02
1.628392192110709402e+01 1.750000000000023315e+00 7.446256616133339890e-02
1.638864167622675438e+01 1.750000000000024425e+00 7.840345717905350398e-02
1.649336143134641475e+01 1.750000000000026201e+00 8.128256416046752975e-02
1.659808118646607511e+01 1.750000000000018208e+00 8.328598571205603207e-02
1.670280094158573192e+01 1.750000000000015321e+00 8.470288979658846529e-02
1.680752069670539228e+01 1.750000000000019540e+00 8.588713315563367701e-02
1.691224045182505265e+01 1.750000000000023093e+00 8.723742272799839270e-02
1.701696020694471301e+01 1.750000000000031530e+00 8.915849070538328647e-02
1.712167996206437337e+01 1.750000000000018874e+00 9.200855809455532608e-02
1.722639971718403373e+01 1.750000000000027756e+00 9.602943056624013707e-02
1.733111947230369054e+01 1.750000000000027311e+00 1.012791752651125421e-01
1.743583922742335091e+01 1.750000000000025313e+00 1.076038548626634395e-01
1.754055898254301127e+01 1.750000000000012434e+00 1.146595412800124336e-01
1.764527873766267163e+01 1.750000000000018874e+00 1.219867023069660661e-01
1.774999849278232844e+01 1.750000000000026201e+00 1.291178211190739944e-01
1.785471824790198880e+01 1.750000000000028644e+00 1.356783155347081049e-01
1.795943800302165272e+01 1.750000000000017542e+00 1.414653933275182851e-01
1.806415775814131308e+01 1.750000000000028422e+00 1.464606080832488999e-01
1.816887751326096989e+01 1.750000000000031308e+00 1.508072762678089873e-01
1.827359726838063025e+01 1.750000000000029310e+00 1.547589637544675156e-01
1.837831702350029062e+01 1.750000000000030198e+00 1.586093882916124187e-01
1.848303677861995098e+01 1.750000000000035971e+00 1.626456693717237556e-01
1.858775653373960779e+01 1.750000000000027756e+00 1.670919211865111720e-01
1.869247628885926815e+01 1.750000000000031086e+00 1.720675786589254130e-01
1.879719604397892851e+01 1.750000000000031086e+00 1.775569901553133434e-01
