5.235987755982988295e-02 1.849999999998342748e+00 -5.453897129550217926e+01
1.570796326794896558e-01 1.849999999999828004e+00 -1.818339974227924571e+01
2.617993877991494078e-01 1.849999999999935918e+00 -1.091492791026516862e+01
3.665191429188092154e-01 1.849999999999968114e+00 -7.801858533526589312e+00
4.712388980384689674e-01 1.849999999999979661e+00 -6.074031797477872807e+00
5.759586531581286639e-01 1.849999999999986766e+00 -4.976109094574719727e+00
6.806784082777885825e-01 1.849999999999988765e+00 -4.217560630974032776e+00
7.853981633974481680e-01 1.849999999999992317e+00 -3.662842755690314256e+00
8.901179185171080865e-01 1.849999999999992983e+00 -3.240207449552845898e+00
9.948376736367677831e-01 1.849999999999992317e+00 -2.908083165952437987e+00
1.099557428756427591e+00 1.849999999999995204e+00 -2.640711884480089200e+00
1.204277183876087287e+00 1.849999999999994316e+00 -2.421255160668241757e+00
1.308996938995747206e+00 1.849999999999994982e+00 -2.238205425296924567e+00
1.413716694115406902e+00 1.849999999999994760e+00 -2.083432224024517332e+00
1.518436449235066821e+00 1.849999999999995648e+00 -1.951011585576198692e+00
1.623156204354726295e+00 1.849999999999995426e+00 -1.836517060426502423e+00
1.727875959474386214e+00 1.849999999999994760e+00 -1.736588810381826331e+00
1.832595714594045910e+00 1.849999999999993872e+00 -1.648619400788168265e+00
1.937315469713705829e+00 1.849999999999993872e+00 -1.570550545009795851e+00
2.042035224833365525e+00 1.849999999999993205e+00 -1.500743190286804918e+00
2.146754979953025000e+00 1.849999999999993872e+00 -1.437863894990809577e+00
2.251474735072684918e+00 1.849999999999993427e+00 -1.380817779255329558e+00
2.356194490192344837e+00 1.849999999999992983e+00 -1.328691571720666431e+00
2.460914245312004756e+00 1.849999999999992317e+00 -1.280727170653823688e+00
2.565634000431664230e+00 1.849999999999992761e+00 -1.236284352253673280e+00
2.670353755551324149e+00 1.849999999999992317e+00 -1.194826993896445977e+00
2.775073510670984067e+00 1.849999999999992539e+00 -1.155914032918382794e+00
2.879793265790643986e+00 1.849999999999993872e+00 -1.119183459117529367e+00
2.984513020910303460e+00 1.849999999999992317e+00 -1.084343643150135428e+00
3.089232776029963379e+00 1.849999999999990097e+00 -1.051166429604349251e+00
3.193952531149622853e+00 1.849999999999991429e+00 -1.019478508060170707e+00
3.298672286269282772e+00 1.849999999999991207e+00 -9.891589043006918658e-01
3.403392041388942246e+00 1.849999999999990541e+00 -9.601264377905787128e-01
3.508111796508602165e+00 1.849999999999990763e+00 -9.323328838463620372e-01
3.612831551628262083e+00 1.849999999999991207e+00 -9.057648749511573172e-01
3.717551306747922002e+00 1.849999999999991429e+00 -8.804192677232607345e-01
3.822271061867581476e+00 1.849999999999989431e+00 -8.563003466985743550e-01
3.926990816987241395e+00 1.849999999999990985e+00 -8.334084442813010085e-01
4.031710572106900869e+00 1.849999999999988987e+00 -8.117216382746317294e-01
4.136430327226561232e+00 1.849999999999988765e+00 -7.911985058803425730e-01
4.241150082346220707e+00 1.849999999999988098e+00 -7.717791731939831479e-01
4.345869837465881069e+00 1.849999999999987876e+00 -7.533803655234603269e-01
4.450589592585540544e+00 1.849999999999985878e+00 -7.359163847305723039e-01
4.555309347705200018e+00 1.849999999999987876e+00 -7.193012757019747738e-01
4.660029102824860381e+00 1.849999999999985656e+00 -7.034515767662865571e-01
4.764748857944519855e+00 1.849999999999986766e+00 -6.882965033130394872e-01
4.869468613064179330e+00 1.849999999999985212e+00 -6.737708657914875943e-01
4.974188368183839692e+00 1.849999999999984324e+00 -6.598169486443286047e-01
5.078908123303498279e+00 1.849999999999984990e+00 -6.463878984253925708e-01
5.183627878423158641e+00 1.849999999999983213e+00 -6.334402205269364927e-01
5.288347633542818116e+00 1.849999999999982991e+00 -6.209408957496149739e-01
5.393067388662477590e+00 1.849999999999983213e+00 -6.088718419185719100e-01
5.497787143782137953e+00 1.849999999999982325e+00 -5.972203910004889593e-01
5.602506898901797427e+00 1.849999999999980993e+00 -5.859914703164745831e-01
5.707226654021456902e+00 1.849999999999981215e+00 -5.751887693152770709e-01
5.811946409141117265e+00 1.849999999999980549e+00 -5.648061715730623433e-01
5.916666164260776739e+00 1.849999999999976996e+00 -5.548240534801056612e-01
6.021385919380437102e+00 1.849999999999977884e+00 -5.452006432423628368e-01
6.126105674500096576e+00 1.849999999999980327e+00 -5.358718846336163466e-01
6.230825429619756051e+00 1.849999999999976552e+00 -5.267566883050252002e-01
6.335545184739416413e+00 1.849999999999976774e+00 -5.177657767877255068e-01
6.440264939859075888e+00 1.849999999999977884e+00 -5.088074685874470759e-01
6.544984694978735362e+00 1.849999999999976996e+00 -4.997999684213638716e-01
6.649704450098395725e+00 1.849999999999980549e+00 -4.906811538681559171e-01
6.754424205218055199e+00 1.849999999999974998e+00 -4.814077566019800969e-01
6.859143960337715562e+00 1.849999999999976330e+00 -4.719648910972420452e-01
6.963863715457375037e+00 1.849999999999982769e+00 -4.623602479815627220e-01
7.068583470577034511e+00 1.849999999999982769e+00 -4.526250031096870075e-01
7.173303225696694874e+00 1.849999999999975886e+00 -4.428019244776022489e-01
7.278022980816354348e+00 1.849999999999976330e+00 -4.329405867957163423e-01
7.382742735936013823e+00 1.849999999999979883e+00 -4.230895981187590138e-01
7.487462491055674185e+00 1.849999999999978328e+00 -4.132886321857860423e-01
7.592182246175332772e+00 1.849999999999974110e+00 -4.035668163680048437e-01
7.696902001294993134e+00 1.849999999999976774e+00 -3.939473050772548390e-01
7.801621756414652609e+00 1.849999999999974776e+00 -3.844482180530448545e-01
7.906341511534312083e+00 1.849999999999973888e+00 -3.750881437331106127e-01
8.011061266653973334e+00 1.849999999999972333e+00 -3.658936985867988767e-01
8.115781021773631920e+00 1.849999999999972333e+00 -3.569025907407734621e-01
8.220500776893292283e+00 1.849999999999970113e+00 -3.481637647522539680e-01
8.325220532012952646e+00 1.849999999999973221e+00 -3.397323164308296839e-01
8.429940287132611232e+00 1.849999999999976330e+00 -3.316658321039636093e-01
8.534660042252271595e+00 1.849999999999971667e+00 -3.240126565740837350e-01
8.639379797371930181e+00 1.849999999999968781e+00 -3.167999631249980297e-01
8.744099552491592320e+00 1.849999999999971445e+00 -3.100329887567951914e-01
8.848819307611250906e+00 1.849999999999972111e+00 -3.037015337889439337e-01
8.953539062730909492e+00 1.849999999999971889e+00 -2.977671473053788986e-01
9.058258817850569855e+00 1.849999999999967670e+00 -2.921770891866337649e-01
9.162978572970228441e+00 1.849999999999971445e+00 -2.868750581298691316e-01
9.267698328089890580e+00 1.849999999999974332e+00 -2.817965922521192823e-01
9.372418083209549167e+00 1.849999999999976552e+00 -2.768892653028043327e-01
9.477137838329209529e+00 1.849999999999976552e+00 -2.721106214077853025e-01
9.581857593448868116e+00 1.849999999999976108e+00 -2.674301127215574780e-01
9.686577348568528478e+00 1.849999999999983880e+00 -2.628325935789579404e-01
9.791297103688188841e+00 1.849999999999985878e+00 -2.583104695398219519e-01
9.896016858807849204e+00 1.849999999999985434e+00 -2.538589319451816095e-01
1.000073661392750779e+01 1.849999999999994982e+00 -2.494738075050300097e-01
1.010545636904716815e+01 1.849999999999991873e+00 -2.451356825582724497e-01
1.021017612416682674e+01 1.849999999999998535e+00 -2.408134315626089261e-01
1.031489587928648710e+01 1.850000000000003197e+00 -2.364669388800599847e-01
1.041961563440614746e+01 1.850000000000004974e+00 -2.320390911966203618e-01
1.052433538952580783e+01 1.850000000000009415e+00 -2.274657442888958769e-01
1.062905514464546641e+01 1.850000000000008082e+00 -2.226915935330193719e-01
1.073377489976512678e+01 1.850000000000018296e+00 -2.176608755075868373e-01
1.083849465488478536e+01 1.850000000000020073e+00 -2.123365908824492720e-01
1.094321441000444750e+01 1.850000000000021849e+00 -2.066984717142048567e-01
1.104793416512410609e+01 1.850000000000024292e+00 -2.007337187480775498e-01
1.115265392024376645e+01 1.850000000000022737e+00 -1.944404210696877300e-01
1.125737367536342504e+01 1.850000000000020073e+00 -1.878176959130826162e-01
1.136209343048308362e+01 1.850000000000026956e+00 -1.771865968285606385e-01
1.146681318560274576e+01 1.850000000000027178e+00 -1.697840288904490791e-01
1.157153294072240435e+01 1.850000000000021849e+00 -1.620235632621813693e-01
1.167625269584206471e+01 1.850000000000027844e+00 -1.539021640879134623e-01
1.178097245096172330e+01 1.850000000000029399e+00 -1.454318237245679768e-01
1.188569220608138366e+01 1.850000000000025624e+00 -1.366345869249308009e-01
1.199041196120104225e+01 1.850000000000024736e+00 -1.275547688828986281e-01
1.209513171632070438e+01 1.850000000000024958e+00 -1.182561341214185546e-01
1.219985147144036297e+01 1.850000000000019185e+00 -1.088180332970178910e-01
1.230457122656002333e+01 1.850000000000029621e+00 -9.934241198791049499e-02
1.240929098167968192e+01 1.850000000000024736e+00 -8.994633203688451317e-02
1.251401073679934228e+01 1.850000000000017408e+00 -8.076137041931907845e-02
1.261873049191900265e+01 1.850000000000021183e+00 -7.192894491775270183e-02
1.272345024703866301e+01 1.850000000000022071e+00 -6.358856652585131997e-02
1.282817000215832159e+01 1.850000000000019185e+00 -5.586870655215392389e-02
1.293288975727798196e+01 1.850000000000018296e+00 -4.887484501437278084e-02
1.303760951239764054e+01 1.850000000000009859e+00 -4.268329678209781264e-02
1.314232926751730268e+01 1.850000000000021183e+00 -3.733461191384712663e-02
1.324704902263696127e+01 1.850000000000023404e+00 -3.282983550369245052e-02
1.335176877775662163e+01 1.850000000000015410e+00 -2.913023779565371285e-02
1.345648853287628022e+01 1.850000000000015188e+00 -2.616332336721960417e-02
1.356120828799594058e+01 1.850000000000017630e+00 -2.381911605557363032e-02
1.366592804311559917e+01 1.850000000000016076e+00 -2.195958491863514439e-02
1.377064779823526131e+01 1.850000000000010969e+00 -2.041870035202286715e-02
1.387536755335491989e+01 1.850000000000012079e+00 -1.901941086468816877e-02
1.398008730847457848e+01 1.850000000000011413e+00 -1.758577474913103345e-02
1.408480706359423884e+01 1.850000000000014300e+00 -1.594398840759936320e-02
1.418952681871389743e+01 1.850000000000014300e+00 -1.395448096218387946e-02
1.429424657383355957e+01 1.850000000000010303e+00 -1.151083823935117323e-02
1.439896632895321815e+01 1.850000000000014966e+00 -8.540207922642650828e-03
1.450368608407287851e+01 1.850000000000008971e+00 -5.015967478975369431e-03
1.460840583919253710e+01 1.850000000000011191e+00 -9.475561505851715083e-04
1.471312559431219746e+01 1.850000000000016076e+00 3.623474498397172283e-03
1.481784534943185783e+01 1.850000000000007860e+00 8.614677592657216110e-03
1.492256510455151819e+01 1.850000000000005862e+00 1.392423850590063239e-02
1.502728485967117678e+01 1.850000000000010081e+00 1.942395230894611302e-02
1.513200461479083714e+01 1.850000000000011857e+00 2.496209150848294200e-02
1.523672436991049572e+01 1.850000000000013411e+00 3.041282865402550328e-02
1.534144412503015609e+01 1.850000000000010525e+00 3.562816573970017942e-02
1.544616388014981645e+01 1.850000000000018963e+00 4.048668733633320471e-02
1.555088363526947681e+01 1.850000000000015854e+00 4.489564331834827726e-02
1.565560339038913540e+01 1.850000000000012745e+00 4.878323506371984308e-02
1.576032314550879576e+01 1.850000000000018741e+00 5.211860780919685965e-02
1.586504290062845435e+01 1.850000000000012301e+00 5.490222365297725560e-02
1.596976265574811649e+01 1.850000000000013634e+00 5.716869628105136769e-02
1.607448241086777685e+01 1.850000000000012967e+00 5.899544448951132836e-02
1.617920216598743366e+01 1.850000000000011413e+00 6.048966054931881331e-02
1.628392192110709402e+01 1.850000000000014300e+00 6.178716018543184418e-02
1.638864167622675438e+01 1.850000000000008749e+00 6.305261690663854779e-02
1.649336143134641475e+01 1.850000000000009637e+00 6.444909781759733391e-02
1.659808118646607511e+01 1.850000000000011857e+00 6.613703156208217138e-02
1.670280094158573192e+01 1.850000000000012301e+00 6.826299063091667563e-02
1.680752069670539228e+01 1.850000000000010081e+00 7.094441689845254473e-02
1.691224045182505265e+01 1.850000000000016076e+00 7.427012692554058049e-02
1.701696020694471301e+01 1.850000000000016076e+00 7.829246183904814416e-02
1.712167996206437337e+01 1.850000000000005862e+00 8.303152698423943434e-02
1.722639971718403373e+01 1.850000000000010969e+00 8.847080273593732613e-02
1.733111947230369054e+01 1.850000000000012523e+00 9.455858619271850785e-02
1.743583922742335091e+01 1.850000000000007860e+00 1.012125672140697930e-01
1.754055898254301127e+01 1.850000000000015854e+00 1.083268033787447848e-01
1.764527873766267163e+01 1.850000000000008527e+00 1.157781491538578678e-01
1.774999849278232844e+01 1.850000000000016742e+00 1.234373496972978046e-01
1.785471824790198880e+01 1.850000000000019407e+00 1.311772423418879896e-01
1.795943800302165272e+01 1.850000000000004308e+00 1.388827650880415376e-01
1.806415775814131308e+01 1.850000000000014522e+00 1.464545289711551845e-01
1.816887751326096989e+01 1.850000000000010525e+00 1.538088134853552447e-01
1.827359726838063025e+01 1.850000000000010303e+00 1.608831418116274392e-01
1.837831702350029062e+01 1.850000000000017852e+00 1.676297947950047273e-01
1.848303677861995098e+01 1.850000000000016076e+00 1.740183435696600611e-01
1.858775653373960779e+01 1.850000000000007194e+00 1.800372180513996057e-01
1.869247628885926815e+01 1.850000000000021183e+00 1.856832924925164718e-01
1.879719604397892851e+01 1.850000000000014300e+00 1.909654443316100014e-01
