5.235987755982988295e-02 1.239999999999946478e+00 -1.201628601157868204e+01
1.570796326794896558e-01 1.239999999999990665e+00 -4.131056019723984285e+00
2.617993877991494078e-01 1.239999999999996882e+00 -2.619494964736415632e+00
3.665191429188092154e-01 1.239999999999996882e+00 -2.012797323116933157e+00
4.712388980384689674e-01 1.239999999999997771e+00 -1.705309073680964627e+00
5.759586531581286639e-01 1.239999999999998437e+00 -1.529391635180314069e+00
6.806784082777885825e-01 1.239999999999998881e+00 -1.413653267033323724e+00
7.853981633974481680e-01 1.239999999999999325e+00 -1.319144350448570258e+00
8.901179185171080865e-01 1.239999999999999769e+00 -1.228201010504634150e+00
9.948376736367677831e-01 1.239999999999999769e+00 -1.139090906298334094e+00
1.099557428756427591e+00 1.239999999999999991e+00 -1.055579347057740369e+00
1.204277183876087287e+00 1.239999999999999103e+00 -9.802207998764427277e-01
1.308996938995747206e+00 1.239999999999999325e+00 -9.139690929885326831e-01
1.413716694115406902e+00 1.239999999999998881e+00 -8.572421990493137578e-01
1.518436449235066821e+00 1.239999999999999103e+00 -8.103605455795366286e-01
1.623156204354726295e+00 1.240000000000000213e+00 -7.728358571438380675e-01
1.727875959474386214e+00 1.239999999999999991e+00 -7.435113353617150977e-01
1.832595714594045910e+00 1.239999999999999325e+00 -7.209636493646915945e-01
1.937315469713705829e+00 1.239999999999999991e+00 -7.028972575408412027e-01
2.042035224833365525e+00 1.239999999999999325e+00 -6.853370154938969172e-01
2.146754979953025000e+00 1.239999999999999991e+00 -6.632735981863362440e-01
2.251474735072684918e+00 1.239999999999999547e+00 -6.338904132575375883e-01
2.356194490192344837e+00 1.239999999999998437e+00 -5.984171718399582396e-01
2.460914245312004756e+00 1.239999999999999325e+00 -5.603896390675213723e-01
2.565634000431664230e+00 1.239999999999999103e+00 -5.240309828909515133e-01
2.670353755551324149e+00 1.239999999999999769e+00 -4.940643612132693541e-01
2.775073510670984067e+00 1.239999999999999991e+00 -4.745027362659528514e-01
2.879793265790643986e+00 1.239999999999998437e+00 -4.658127163241951862e-01
2.984513020910303460e+00 1.240000000000000213e+00 -4.636107362595622838e-01
3.089232776029963379e+00 1.239999999999999769e+00 -4.614217564238032310e-01
3.193952531149622853e+00 1.240000000000001101e+00 -4.546865165563471756e-01
3.298672286269282772e+00 1.239999999999999991e+00 -4.419205507245749232e-01
3.403392041388942246e+00 1.240000000000000213e+00 -4.244057925194368863e-01
3.508111796508602165e+00 1.239999999999999547e+00 -4.054797145205930597e-01
3.612831551628262083e+00 1.239999999999997993e+00 -3.889745892054059517e-01
3.717551306747922002e+00 1.240000000000000435e+00 -3.768964487992629842e-01
3.822271061867581476e+00 1.239999999999999325e+00 -3.682303518472234138e-01
3.926990816987241395e+00 1.239999999999998881e+00 -3.606613483770040318e-01
4.031710572106900869e+00 1.240000000000000435e+00 -3.532309468724266210e-01
4.136430327226561232e+00 1.239999999999996660e+00 -3.464597744898023635e-01
4.241150082346220707e+00 1.239999999999997771e+00 -3.405748888256558971e-01
4.345869837465881069e+00 1.239999999999998659e+00 -3.348450161227969346e-01
4.450589592585540544e+00 1.239999999999995772e+00 -3.287657892762902989e-01
4.555309347705200018e+00 1.239999999999999769e+00 -3.229720717095387883e-01
4.660029102824860381e+00 1.240000000000003322e+00 -3.179722381554537236e-01
4.764748857944519855e+00 1.239999999999996882e+00 -3.130151382057162479e-01
4.869468613064179330e+00 1.239999999999999325e+00 -3.070320981476433175e-01
4.974188368183839692e+00 1.239999999999996216e+00 -2.999646984741772826e-01
5.078908123303498279e+00 1.239999999999998215e+00 -2.925295999950288106e-01
5.183627878423158641e+00 1.239999999999997105e+00 -2.848663162313194164e-01
5.288347633542818116e+00 1.239999999999999325e+00 -2.763218064654582307e-01
5.393067388662477590e+00 1.239999999999996882e+00 -2.668228654403144162e-01
5.497787143782137953e+00 1.239999999999996660e+00 -2.571220866859711407e-01
5.602506898901797427e+00 1.239999999999999325e+00 -2.480234484071424106e-01
5.707226654021456902e+00 1.240000000000001767e+00 -2.401776146864964545e-01
5.811946409141117265e+00 1.239999999999996216e+00 -2.341609776235680229e-01
5.916666164260776739e+00 1.239999999999995550e+00 -2.303489646146728020e-01
6.021385919380437102e+00 1.239999999999999103e+00 -2.286371758938363641e-01
6.126105674500096576e+00 1.239999999999999103e+00 -2.282349313486324860e-01
6.230825429619756051e+00 1.239999999999995550e+00 -2.279961299180444101e-01
6.335545184739416413e+00 1.240000000000001323e+00 -2.271539936221493861e-01
6.440264939859075888e+00 1.239999999999997327e+00 -2.262808073962236932e-01
6.544984694978735362e+00 1.239999999999992886e+00 -2.265102657660769125e-01
6.649704450098395725e+00 1.239999999999999547e+00 -2.273501701976554656e-01
6.754424205218055199e+00 1.240000000000001101e+00 -2.266250447245727884e-01
6.859143960337715562e+00 1.240000000000002878e+00 -2.222211954371946518e-01
6.963863715457375037e+00 1.240000000000005320e+00 -2.132762534639933705e-01
7.068583470577034511e+00 1.240000000000003544e+00 -2.004568023676132071e-01
7.173303225696694874e+00 1.240000000000001323e+00 -1.858702345030476266e-01
7.278022980816354348e+00 1.239999999999996882e+00 -1.725366224170246099e-01
7.382742735936013823e+00 1.240000000000001323e+00 -1.634721352398544880e-01
7.487462491055674185e+00 1.239999999999997327e+00 -1.603660875204910852e-01
7.592182246175332772e+00 1.239999999999991553e+00 -1.628319299154048494e-01
7.696902001294993134e+00 1.240000000000005542e+00 -1.686168515304400373e-01
7.801621756414652609e+00 1.239999999999999547e+00 -1.745673137326111402e-01
7.906341511534312083e+00 1.239999999999997549e+00 -1.783224498614028874e-01
8.011061266653973334e+00 1.239999999999995994e+00 -1.794321222935977289e-01
8.115781021773631920e+00 1.239999999999992886e+00 -1.786903468054923394e-01
8.220500776893292283e+00 1.240000000000001323e+00 -1.767946358987888544e-01
8.325220532012952646e+00 1.239999999999995994e+00 -1.732048286738852028e-01
8.429940287132611232e+00 1.239999999999995106e+00 -1.664091713058777344e-01
8.534660042252271595e+00 1.239999999999994662e+00 -1.559320042128700123e-01
8.639379797371930181e+00 1.239999999999978009e+00 -1.433895481329034993e-01
8.744099552491592320e+00 1.239999999999999991e+00 -1.318688460265278195e-01
8.848819307611250906e+00 1.239999999999993330e+00 -1.244855778236129140e-01
8.953539062730909492e+00 1.239999999999995994e+00 -1.230059490465027494e-01
9.058258817850569855e+00 1.239999999999976898e+00 -1.268918190067882534e-01
9.162978572970228441e+00 1.239999999999994218e+00 -1.329529762043293317e-01
9.267698328089890580e+00 1.239999999999994218e+00 -1.367026403226052622e-01
9.372418083209549167e+00 1.240000000000003544e+00 -1.349448801258468222e-01
9.477137838329209529e+00 1.239999999999997105e+00 -1.274918062076153547e-01
9.581857593448868116e+00 1.240000000000002878e+00 -1.168486894778606455e-01
9.686577348568528478e+00 1.240000000000000213e+00 -1.060565593492288627e-01
9.791297103688188841e+00 1.240000000000013980e+00 -9.722123215733979862e-02
9.896016858807849204e+00 1.240000000000029301e+00 -9.134888303684718380e-02
1.000073661392750779e+01 1.240000000000028857e+00 -8.822341229047481193e-02
1.010545636904716815e+01 1.240000000000010427e+00 -8.636010663822979438e-02
1.021017612416682674e+01 1.240000000000013314e+00 -8.360604923160686042e-02
1.031489587928648710e+01 1.240000000000017755e+00 -7.913234980062355817e-02
1.041961563440614746e+01 1.240000000000036184e+00 -7.427859481275866926e-02
1.052433538952580783e+01 1.240000000000023972e+00 -7.097658872551626530e-02
1.062905514464546641e+01 1.240000000000035074e+00 -7.030541878788021393e-02
1.073377489976512678e+01 1.240000000000037073e+00 -7.191550601520013686e-02
1.083849465488478536e+01 1.240000000000045954e+00 -7.415561296515527090e-02
1.094321441000444750e+01 1.240000000000045732e+00 -7.557381654947192828e-02
1.104793416512410609e+01 1.240000000000045954e+00 -7.560882034606741797e-02
1.115265392024376645e+01 1.240000000000062830e+00 -7.418927014372300732e-02
1.125737367536342504e+01 1.240000000000049285e+00 -7.140501942001442615e-02
1.136209343048308362e+01 1.240000000000051505e+00 -6.388459471620500096e-02
1.146681318560274576e+01 1.240000000000052838e+00 -5.954707659899405314e-02
1.157153294072240435e+01 1.240000000000055058e+00 -5.560399482690492334e-02
1.167625269584206471e+01 1.240000000000050617e+00 -5.322010435779134241e-02
1.178097245096172330e+01 1.240000000000053060e+00 -5.337288481693391873e-02
1.188569220608138366e+01 1.240000000000047509e+00 -5.563691913913260123e-02
1.199041196120104225e+01 1.240000000000042402e+00 -5.831151575809379040e-02
1.209513171632070438e+01 1.240000000000048175e+00 -5.953000303981070829e-02
1.219985147144036297e+01 1.240000000000048175e+00 -5.809448503306491318e-02
1.230457122656002333e+01 1.240000000000040181e+00 -5.397898390947020175e-02
1.240929098167968192e+01 1.240000000000026859e+00 -4.872515710367686381e-02
1.251401073679934228e+01 1.240000000000045510e+00 -4.480271843094207895e-02
1.261873049191900265e+01 1.240000000000021529e+00 -4.364780249662381095e-02
1.272345024703866301e+01 1.240000000000033742e+00 -4.476137624327058973e-02
1.282817000215832159e+01 1.240000000000039071e+00 -4.636174705797024842e-02
1.293288975727798196e+01 1.240000000000033298e+00 -4.616802541085718303e-02
1.303760951239764054e+01 1.240000000000019975e+00 -4.224319226318584697e-02
1.314232926751730268e+01 1.240000000000035740e+00 -3.417981788784274499e-02
1.324704902263696127e+01 1.240000000000046398e+00 -2.359769002453404596e-02
1.335176877775662163e+01 1.240000000000032854e+00 -1.328517270436258002e-02
1.345648853287628022e+01 1.240000000000049729e+00 -6.181717785446849689e-03
1.356120828799594058e+01 1.240000000000034186e+00 -4.753577098908223775e-03
1.366592804311559917e+01 1.240000000000028635e+00 -9.662769176529195647e-03
1.377064779823526131e+01 1.240000000000030189e+00 -1.872101511407997521e-02
1.387536755335491989e+01 1.240000000000041069e+00 -2.794988740315318410e-02
1.398008730847457848e+01 1.240000000000026192e+00 -3.375829351063153183e-02
1.408480706359423884e+01 1.240000000000055724e+00 -3.435877753490856890e-02
1.418952681871389743e+01 1.240000000000029745e+00 -2.925467476716647752e-02
1.429424657383355957e+01 1.240000000000030189e+00 -1.885453743236098489e-02
1.439896632895321815e+01 1.240000000000034186e+00 -5.311895738387306665e-03
1.450368608407287851e+01 1.240000000000043290e+00 7.737621157705376618e-03
1.460840583919253710e+01 1.240000000000023750e+00 1.729186207213118109e-02
1.471312559431219746e+01 1.240000000000037295e+00 2.285915971390473089e-02
1.481784534943185783e+01 1.240000000000026192e+00 2.539284796533536337e-02
1.492256510455151819e+01 1.240000000000030189e+00 2.549056638887314818e-02
1.502728485967117678e+01 1.240000000000021085e+00 2.355429027007716059e-02
1.513200461479083714e+01 1.240000000000029745e+00 2.073195289029250432e-02
1.523672436991049572e+01 1.240000000000031743e+00 1.882773288592609617e-02
1.534144412503015609e+01 1.240000000000026414e+00 1.896565288577889419e-02
1.544616388014981645e+01 1.240000000000045732e+00 2.151223324283257909e-02
1.555088363526947681e+01 1.240000000000030189e+00 2.701206137579070798e-02
1.565560339038913540e+01 1.240000000000042402e+00 3.633237810398881606e-02
1.576032314550879576e+01 1.240000000000037073e+00 4.891367001136615045e-02
1.586504290062845435e+01 1.240000000000029745e+00 6.181175488047507827e-02
1.596976265574811649e+01 1.240000000000029745e+00 7.157885717649214996e-02
1.607448241086777685e+01 1.240000000000054836e+00 7.626130180178947171e-02
1.617920216598743366e+01 1.240000000000025304e+00 7.557274170438788019e-02
1.628392192110709402e+01 1.240000000000043734e+00 7.005593252440789342e-02
1.638864167622675438e+01 1.240000000000026636e+00 6.142572950991720404e-02
1.649336143134641475e+01 1.240000000000024860e+00 5.303689009928547193e-02
1.659808118646607511e+01 1.240000000000030411e+00 4.855979962924195092e-02
1.670280094158573192e+01 1.240000000000041736e+00 4.995586214190694818e-02
1.680752069670539228e+01 1.240000000000036851e+00 5.652255129417937951e-02
1.691224045182505265e+01 1.240000000000045066e+00 6.592079931158423278e-02
1.701696020694471301e+01 1.240000000000038405e+00 7.544785011002375086e-02
1.712167996206437337e+01 1.240000000000026192e+00 8.261944498125828318e-02
1.722639971718403373e+01 1.240000000000030411e+00 8.605680134908055834e-02
1.733111947230369054e+01 1.240000000000034408e+00 8.619197273689493954e-02
1.743583922742335091e+01 1.240000000000023084e+00 8.477550640843745100e-02
1.754055898254301127e+01 1.240000000000012870e+00 8.381473015835183560e-02
1.764527873766267163e+01 1.240000000000039293e+00 8.484018972335505282e-02
1.774999849278232844e+01 1.240000000000021974e+00 8.824180814119841898e-02
1.785471824790198880e+01 1.240000000000030411e+00 9.274456767258598688e-02
1.795943800302165272e+01 1.240000000000034852e+00 9.623158024569633540e-02
1.806415775814131308e+01 1.240000000000029745e+00 9.742542177558632943e-02
1.816887751326096989e+01 1.240000000000031966e+00 9.639253868951769277e-02
1.827359726838063025e+01 1.240000000000025748e+00 9.417190021519417087e-02
1.837831702350029062e+01 1.240000000000033964e+00 9.233211745512193147e-02
1.848303677861995098e+01 1.240000000000039293e+00 9.226803741099942613e-02
1.858775653373960779e+01 1.240000000000036628e+00 9.429437757316350144e-02
1.869247628885926815e+01 1.240000000000040181e+00 9.757464595845277699e-02
1.879719604397892851e+01 1.240000000000038183e+00 1.011422920605191678e-01
