5.235987755982988295e-02 1.150000000000000133e+00 -3.573578579444355308e-01
1.570796326794896558e-01 1.149999999999999911e+00 -7.125117138355815394e-01
2.617993877991494078e-01 1.149999999999999911e+00 -9.026953150905188128e-01
3.665191429188092154e-01 1.149999999999999911e+00 -1.008026160068833388e+00
4.712388980384689674e-01 1.150000000000000133e+00 -1.020854976595070962e+00
5.759586531581286639e-01 1.150000000000000133e+00 -9.627830456123577241e-01
6.806784082777885825e-01 1.149999999999999689e+00 -9.404084252106956754e-01
7.853981633974481680e-01 1.149999999999999689e+00 -8.724790977557010940e-01
8.901179185171080865e-01 1.149999999999999689e+00 -8.426701542260544020e-01
9.948376736367677831e-01 1.149999999999999689e+00 -8.262708380076253523e-01
1.099557428756427591e+00 1.149999999999999467e+00 -7.970633887200933021e-01
1.204277183876087287e+00 1.149999999999999911e+00 -7.333732547005695768e-01
1.308996938995747206e+00 1.149999999999999467e+00 -7.295069139815339998e-01
1.413716694115406902e+00 1.149999999999999689e+00 -6.901174792656608048e-01
1.518436449235066821e+00 1.150000000000000133e+00 -6.575176320609112945e-01
1.623156204354726295e+00 1.149999999999999911e+00 -6.130756912963835070e-01
1.727875959474386214e+00 1.149999999999999467e+00 -6.258492170216165551e-01
1.832595714594045910e+00 1.149999999999999467e+00 -5.490262053012862076e-01
1.937315469713705829e+00 1.149999999999999467e+00 -5.309830322168274108e-01
2.042035224833365525e+00 1.150000000000000133e+00 -5.707533740524803889e-01
2.146754979953025000e+00 1.150000000000000133e+00 -5.232112953368597275e-01
2.251474735072684918e+00 1.149999999999999467e+00 -5.037547574580756304e-01
2.356194490192344837e+00 1.149999999999999245e+00 -4.812779959857600431e-01
2.460914245312004756e+00 1.150000000000000133e+00 -5.035180570160036062e-01
2.565634000431664230e+00 1.149999999999999467e+00 -4.423989300944022318e-01
2.670353755551324149e+00 1.150000000000000355e+00 -4.640642975586302121e-01
2.775073510670984067e+00 1.149999999999999023e+00 -4.534358279882746423e-01
2.879793265790643986e+00 1.149999999999998801e+00 -4.152097891512531724e-01
2.984513020910303460e+00 1.150000000000000133e+00 -4.054011383104820787e-01
3.089232776029963379e+00 1.150000000000000355e+00 -3.955396358480922636e-01
3.193952531149622853e+00 1.149999999999999245e+00 -3.865094934019275286e-01
3.298672286269282772e+00 1.150000000000001465e+00 -3.694281555095395575e-01
3.403392041388942246e+00 1.150000000000000133e+00 -3.641767546051033477e-01
3.508111796508602165e+00 1.150000000000001021e+00 -3.284627914990125852e-01
3.612831551628262083e+00 1.149999999999999467e+00 -3.689430873533807720e-01
3.717551306747922002e+00 1.149999999999998579e+00 -3.221903327295625452e-01
3.822271061867581476e+00 1.149999999999999689e+00 -3.404921536641776214e-01
3.926990816987241395e+00 1.150000000000000133e+00 -3.133000679807280697e-01
4.031710572106900869e+00 1.149999999999997247e+00 -3.076997517142272542e-01
4.136430327226561232e+00 1.149999999999995026e+00 -3.073702348804809859e-01
4.241150082346220707e+00 1.149999999999995692e+00 -3.182334883273485460e-01
4.345869837465881069e+00 1.149999999999998135e+00 -3.163639303440461958e-01
4.450589592585540544e+00 1.149999999999994804e+00 -2.486748868948573943e-01
4.555309347705200018e+00 1.149999999999994582e+00 -2.838979905197733800e-01
4.660029102824860381e+00 1.150000000000000355e+00 -2.756447448436478709e-01
4.764748857944519855e+00 1.149999999999995914e+00 -2.795830424870553443e-01
4.869468613064179330e+00 1.149999999999992362e+00 -2.415782504465324720e-01
4.974188368183839692e+00 1.149999999999989475e+00 -2.345797110162672894e-01
5.078908123303498279e+00 1.149999999999996358e+00 -2.494287030146953299e-01
5.183627878423158641e+00 1.149999999999987699e+00 -2.553681449753337773e-01
5.288347633542818116e+00 1.149999999999995026e+00 -2.733096549823876842e-01
5.393067388662477590e+00 1.149999999999998357e+00 -2.663298224968064787e-01
5.497787143782137953e+00 1.149999999999994582e+00 -2.502388455031478998e-01
5.602506898901797427e+00 1.149999999999999689e+00 -1.909451810423741236e-01
5.707226654021456902e+00 1.149999999999997025e+00 -2.312615606097168097e-01
5.811946409141117265e+00 1.149999999999997247e+00 -2.174063793643483677e-01
5.916666164260776739e+00 1.149999999999993028e+00 -2.277764740257497422e-01
6.021385919380437102e+00 1.150000000000001688e+00 -2.015610627116846132e-01
6.126105674500096576e+00 1.149999999999995470e+00 -1.943971622277329558e-01
6.230825429619756051e+00 1.149999999999989919e+00 -1.890625985588316738e-01
6.335545184739416413e+00 1.149999999999998579e+00 -1.861100603879810578e-01
6.440264939859075888e+00 1.149999999999999689e+00 -1.667237757431481171e-01
6.544984694978735362e+00 1.150000000000000133e+00 -1.622753499658138310e-01
6.649704450098395725e+00 1.150000000000000355e+00 -2.120201062685964644e-01
6.754424205218055199e+00 1.150000000000004796e+00 -1.459652275778688946e-01
6.859143960337715562e+00 1.149999999999996803e+00 -1.729826228228921181e-01
6.963863715457375037e+00 1.149999999999999023e+00 -1.509035522920711969e-01
7.068583470577034511e+00 1.149999999999999023e+00 -1.912073568247825150e-01
7.173303225696694874e+00 1.149999999999994582e+00 -1.666529331528696645e-01
7.278022980816354348e+00 1.149999999999998801e+00 -1.966484927117306825e-01
7.382742735936013823e+00 1.149999999999996358e+00 -1.726435915393249587e-01
7.487462491055674185e+00 1.149999999999984368e+00 -1.381024778102686312e-01
7.592182246175332772e+00 1.149999999999983702e+00 -1.546406151660528749e-01
7.696902001294993134e+00 1.149999999999999911e+00 -1.370504600112907312e-01
7.801621756414652609e+00 1.149999999999995248e+00 -1.496607650943975187e-01
7.906341511534312083e+00 1.149999999999999467e+00 -1.632245354174077789e-01
8.011061266653973334e+00 1.149999999999987699e+00 -1.569365458600593399e-01
8.115781021773631920e+00 1.149999999999999911e+00 -1.611899326711920821e-01
8.220500776893292283e+00 1.149999999999985922e+00 -1.653014864487811764e-01
8.325220532012952646e+00 1.150000000000001688e+00 -1.111579839058016717e-01
8.429940287132611232e+00 1.150000000000000355e+00 -1.246900958441052865e-01
8.534660042252271595e+00 1.149999999999993028e+00 -1.162147401635760247e-01
8.639379797371930181e+00 1.149999999999962830e+00 -9.948138915568804919e-02
8.744099552491592320e+00 1.149999999999965716e+00 -1.411268640920138040e-01
8.848819307611250906e+00 1.149999999999969935e+00 -1.094246914231558065e-01
8.953539062730909492e+00 1.149999999999970601e+00 -1.212860755836988602e-01
9.058258817850569855e+00 1.149999999999969269e+00 -9.724238467545731623e-02
9.162978572970228441e+00 1.149999999999987699e+00 -1.003815252928763613e-01
9.267698328089890580e+00 1.149999999999983480e+00 -5.596144276932513151e-02
9.372418083209549167e+00 1.150000000000002132e+00 -8.807270473931794186e-02
9.477137838329209529e+00 1.149999999999977041e+00 -9.896770353302031253e-02
9.581857593448868116e+00 1.149999999999987699e+00 -7.945254833863302224e-02
9.686577348568528478e+00 1.149999999999995026e+00 -8.542692030476040088e-02
9.791297103688188841e+00 1.149999999999989697e+00 -8.797331077482084538e-02
9.896016858807849204e+00 1.150000000000015232e+00 -7.462122811068816475e-02
1.000073661392750779e+01 1.150000000000053424e+00 -7.805317931580901814e-02
1.010545636904716815e+01 1.149999999999973488e+00 -5.058377180638906623e-02
1.021017612416682674e+01 1.149999999999983702e+00 -9.066014062294591724e-02
1.031489587928648710e+01 1.150000000000008349e+00 -5.567475354745887728e-02
1.041961563440614746e+01 1.149999999999989253e+00 -7.347587122086984834e-02
1.052433538952580783e+01 1.150000000000014788e+00 -1.100981885006433458e-01
1.062905514464546641e+01 1.150000000000018341e+00 -8.032129973407009516e-02
1.073377489976512678e+01 1.150000000000018785e+00 -2.941388483670159815e-02
1.083849465488478536e+01 1.150000000000018341e+00 -7.936601825654854281e-02
1.094321441000444750e+01 1.150000000000027001e+00 -7.043189810161010200e-02
1.104793416512410609e+01 1.150000000000051203e+00 -6.635166473150455602e-02
1.115265392024376645e+01 1.150000000000034328e+00 -8.000960366784859445e-02
1.125737367536342504e+01 1.150000000000029443e+00 -7.443920652118762860e-02
1.136209343048308362e+01 1.150000000000040767e+00 -1.616292459439172546e-02
1.146681318560274576e+01 1.150000000000022560e+00 -1.481302942150719559e-02
1.157153294072240435e+01 1.150000000000027445e+00 -3.582687692458641493e-02
1.167625269584206471e+01 1.150000000000026779e+00 -5.621115276473531708e-02
1.178097245096172330e+01 1.150000000000023448e+00 -6.040707693211722074e-02
1.188569220608138366e+01 1.150000000000023448e+00 -5.695052511546982998e-02
1.199041196120104225e+01 1.150000000000023004e+00 -5.881532526430888197e-02
1.209513171632070438e+01 1.150000000000041434e+00 -4.669748560226238965e-02
1.219985147144036297e+01 1.150000000000007905e+00 -5.549391755648613866e-02
1.230457122656002333e+01 1.150000000000007017e+00 -4.295681443031718061e-02
1.240929098167968192e+01 1.150000000000016342e+00 -2.249603140230682641e-02
1.251401073679934228e+01 1.149999999999967937e+00 -4.687798425258193902e-02
1.261873049191900265e+01 1.149999999999977485e+00 -1.413958990426600337e-02
1.272345024703866301e+01 1.149999999999990807e+00 -5.884966273337433051e-02
1.282817000215832159e+01 1.150000000000036104e+00 -5.566519341968501067e-02
1.293288975727798196e+01 1.150000000000032552e+00 -4.944478481456116015e-02
1.303760951239764054e+01 1.150000000000008793e+00 -5.121615151936786958e-02
1.314232926751730268e+01 1.150000000000030997e+00 -1.752854874519371720e-02
1.324704902263696127e+01 1.150000000000057199e+00 -1.517088679452527344e-02
1.335176877775662163e+01 1.150000000000016787e+00 -7.397766002577910172e-03
1.345648853287628022e+01 1.150000000000040323e+00 -4.125180084296786731e-02
1.356120828799594058e+01 1.150000000000035216e+00 -2.079942096558085041e-02
1.366592804311559917e+01 1.150000000000015232e+00 -1.350813203453427036e-03
1.377064779823526131e+01 1.150000000000013678e+00 -2.222406261392961824e-02
1.387536755335491989e+01 1.150000000000038769e+00 -4.490102907363180407e-03
1.398008730847457848e+01 1.150000000000033440e+00 1.159826559874055363e-02
1.408480706359423884e+01 1.150000000000034550e+00 2.504028416044334904e-02
1.418952681871389743e+01 1.150000000000017231e+00 7.245157334333285348e-03
1.429424657383355957e+01 1.150000000000021894e+00 3.767048139344808533e-02
1.439896632895321815e+01 1.150000000000001910e+00 6.184493201672580653e-03
1.450368608407287851e+01 1.150000000000026557e+00 -1.309664542845290214e-02
1.460840583919253710e+01 1.150000000000009903e+00 9.299810264979058161e-03
1.471312559431219746e+01 1.150000000000013456e+00 -6.616713371467852767e-03
1.481784534943185783e+01 1.150000000000026779e+00 5.564352768592684129e-03
1.492256510455151819e+01 1.150000000000040101e+00 -1.631344822865088418e-03
1.502728485967117678e+01 1.150000000000015232e+00 -1.387823407415211818e-02
1.513200461479083714e+01 1.150000000000018785e+00 5.787026812419782118e-02
1.523672436991049572e+01 1.150000000000039435e+00 4.564730075381540075e-02
1.534144412503015609e+01 1.150000000000028333e+00 3.849216955147660713e-02
1.544616388014981645e+01 1.150000000000015010e+00 5.037472842898615966e-02
1.555088363526947681e+01 1.150000000000019007e+00 3.482253965263737427e-02
1.565560339038913540e+01 1.150000000000026112e+00 5.645347520641941230e-02
1.576032314550879576e+01 1.150000000000006573e+00 3.785989512512522026e-02
1.586504290062845435e+01 1.150000000000032108e+00 7.580902742999384714e-03
1.596976265574811649e+01 1.150000000000012790e+00 3.690954016151160033e-02
1.607448241086777685e+01 1.150000000000034994e+00 2.001221913958417531e-02
1.617920216598743366e+01 1.150000000000037881e+00 3.291088929097085725e-02
1.628392192110709402e+01 1.150000000000042544e+00 4.811928979641777460e-02
1.638864167622675438e+01 1.150000000000008793e+00 6.465061017108197916e-02
1.649336143134641475e+01 1.150000000000007017e+00 4.533615675375912701e-02
1.659808118646607511e+01 1.150000000000035216e+00 6.334774491519468143e-02
1.670280094158573192e+01 1.150000000000033440e+00 8.199231687159169724e-02
1.680752069670539228e+01 1.149999999999999245e+00 5.117440842169074244e-02
1.691224045182505265e+01 1.150000000000049205e+00 5.828518960737838484e-02
1.701696020694471301e+01 1.150000000000035438e+00 6.047498735556899874e-02
1.712167996206437337e+01 1.149999999999995470e+00 9.057883717025916326e-02
1.722639971718403373e+01 1.150000000000026112e+00 8.898550863114706999e-02
1.733111947230369054e+01 1.150000000000017453e+00 9.437333189664087740e-02
1.743583922742335091e+01 1.149999999999994582e+00 9.707073458466553006e-02
1.754055898254301127e+01 1.149999999999974154e+00 5.804779615521127312e-02
1.764527873766267163e+01 1.149999999999956612e+00 8.662112881895467353e-02
1.774999849278232844e+01 1.149999999999992140e+00 6.558093816148513611e-02
1.785471824790198880e+01 1.149999999999990807e+00 8.327744978790718733e-02
1.795943800302165272e+01 1.149999999999987921e+00 9.399002727608873897e-02
1.806415775814131308e+01 1.150000000000014122e+00 8.653591699035345641e-02
1.816887751326096989e+01 1.150000000000010125e+00 9.679254850765062201e-02
1.827359726838063025e+01 1.150000000000016787e+00 9.529636581894607161e-02
1.837831702350029062e+01 1.150000000000014788e+00 9.815355842475881332e-02
1.848303677861995098e+01 1.150000000000000133e+00 9.475153015723591921e-02
1.858775653373960779e+01 1.150000000000007683e+00 7.811641581778516752e-02
1.869247628885926815e+01 1.150000000000011680e+00 6.110953304753508064e-02
1.879719604397892851e+01 1.150000000000006350e+00 6.252797829531786533e-02
