5.235987755982988295e-02 1.209999999999999742e+00 -4.522515661369305717e-01
1.570796326794896558e-01 1.209999999999999742e+00 -1.024644075938819121e+00
2.617993877991494078e-01 1.209999999999999520e+00 -1.134404139145994694e+00
3.665191429188092154e-01 1.209999999999999742e+00 -1.177284903122255866e+00
4.712388980384689674e-01 1.209999999999999520e+00 -1.212861612998789695e+00
5.759586531581286639e-01 1.209999999999999298e+00 -1.198208486590516486e+00
6.806784082777885825e-01 1.209999999999999964e+00 -1.160111960819687926e+00
7.853981633974481680e-01 1.209999999999999520e+00 -1.088277672050845135e+00
8.901179185171080865e-01 1.209999999999998854e+00 -1.025470064077646404e+00
9.948376736367677831e-01 1.209999999999998854e+00 -9.434167104168662554e-01
1.099557428756427591e+00 1.209999999999999520e+00 -9.259467893134749605e-01
1.204277183876087287e+00 1.209999999999999298e+00 -8.130636955261325571e-01
1.308996938995747206e+00 1.209999999999999298e+00 -8.187164076529203083e-01
1.413716694115406902e+00 1.209999999999998854e+00 -7.812234812708349629e-01
1.518436449235066821e+00 1.209999999999999076e+00 -7.084515359818555069e-01
1.623156204354726295e+00 1.209999999999999298e+00 -7.289606240617705346e-01
1.727875959474386214e+00 1.209999999999998410e+00 -7.205840261968299298e-01
1.832595714594045910e+00 1.209999999999998410e+00 -6.163382356726121447e-01
1.937315469713705829e+00 1.209999999999998632e+00 -6.314501449938285660e-01
2.042035224833365525e+00 1.209999999999998410e+00 -5.742975445337989981e-01
2.146754979953025000e+00 1.209999999999999076e+00 -5.372757340440941221e-01
2.251474735072684918e+00 1.209999999999997744e+00 -5.650069328206073216e-01
2.356194490192344837e+00 1.209999999999997744e+00 -5.222483315200499021e-01
2.460914245312004756e+00 1.209999999999997078e+00 -5.240515989030800625e-01
2.565634000431664230e+00 1.210000000000001519e+00 -5.352813697167442264e-01
2.670353755551324149e+00 1.209999999999999742e+00 -4.797740419323219818e-01
2.775073510670984067e+00 1.209999999999998410e+00 -4.940526146884174352e-01
2.879793265790643986e+00 1.209999999999997078e+00 -4.279159247748896000e-01
2.984513020910303460e+00 1.209999999999998632e+00 -4.683981134670696100e-01
3.089232776029963379e+00 1.209999999999998188e+00 -4.709054158108938459e-01
3.193952531149622853e+00 1.209999999999999742e+00 -4.228040388057938692e-01
3.298672286269282772e+00 1.209999999999998410e+00 -4.289490955534849270e-01
3.403392041388942246e+00 1.209999999999997522e+00 -4.079695325049552679e-01
3.508111796508602165e+00 1.209999999999998188e+00 -3.781255432897236979e-01
3.612831551628262083e+00 1.209999999999996412e+00 -3.891271484211080711e-01
3.717551306747922002e+00 1.209999999999997300e+00 -4.062177659244166072e-01
3.822271061867581476e+00 1.209999999999996856e+00 -3.318320150743527819e-01
3.926990816987241395e+00 1.209999999999997078e+00 -3.667624163616300947e-01
4.031710572106900869e+00 1.209999999999993081e+00 -3.590325533843543582e-01
4.136430327226561232e+00 1.209999999999989306e+00 -3.625117562302735408e-01
4.241150082346220707e+00 1.209999999999995524e+00 -3.155456597218888604e-01
4.345869837465881069e+00 1.209999999999991749e+00 -3.096096297673724962e-01
4.450589592585540544e+00 1.209999999999991527e+00 -3.103094273209370257e-01
4.555309347705200018e+00 1.209999999999997078e+00 -3.298606345806804896e-01
4.660029102824860381e+00 1.209999999999991749e+00 -2.694371723141237851e-01
4.764748857944519855e+00 1.209999999999991749e+00 -2.943516226782216805e-01
4.869468613064179330e+00 1.209999999999988862e+00 -2.498240259759505477e-01
4.974188368183839692e+00 1.209999999999989972e+00 -2.640837277035430475e-01
5.078908123303498279e+00 1.209999999999989972e+00 -2.471274073968281471e-01
5.183627878423158641e+00 1.209999999999984865e+00 -2.923860989112636588e-01
5.288347633542818116e+00 1.209999999999991305e+00 -2.638489594250188475e-01
5.393067388662477590e+00 1.209999999999993081e+00 -2.445772915906854195e-01
5.497787143782137953e+00 1.209999999999994413e+00 -2.624304507909736017e-01
5.602506898901797427e+00 1.209999999999993303e+00 -2.557038027563587335e-01
5.707226654021456902e+00 1.209999999999997300e+00 -2.471953390686039143e-01
5.811946409141117265e+00 1.209999999999989972e+00 -2.070426407160299576e-01
5.916666164260776739e+00 1.209999999999991083e+00 -2.573763456726982923e-01
6.021385919380437102e+00 1.209999999999985310e+00 -2.354171106094229415e-01
6.126105674500096576e+00 1.209999999999993303e+00 -2.372918864089603730e-01
6.230825429619756051e+00 1.210000000000002629e+00 -1.862894900704459289e-01
6.335545184739416413e+00 1.209999999999974873e+00 -2.214867379615448328e-01
6.440264939859075888e+00 1.209999999999993081e+00 -1.924477224573859502e-01
6.544984694978735362e+00 1.209999999999994635e+00 -2.025480322321095983e-01
6.649704450098395725e+00 1.209999999999994857e+00 -2.115655601412500531e-01
6.754424205218055199e+00 1.209999999999996412e+00 -1.818606363263794989e-01
6.859143960337715562e+00 1.209999999999987974e+00 -1.625845606299716195e-01
6.963863715457375037e+00 1.209999999999987086e+00 -1.962457668736536931e-01
7.068583470577034511e+00 1.209999999999991749e+00 -1.839264590575115932e-01
7.173303225696694874e+00 1.209999999999996412e+00 -2.113047962275675928e-01
7.278022980816354348e+00 1.209999999999999520e+00 -2.031560486137076182e-01
7.382742735936013823e+00 1.209999999999997744e+00 -1.891382355407413840e-01
7.487462491055674185e+00 1.209999999999996856e+00 -1.669464912068505669e-01
7.592182246175332772e+00 1.209999999999974207e+00 -1.843702500854176307e-01
7.696902001294993134e+00 1.209999999999997522e+00 -2.005465240560129203e-01
7.801621756414652609e+00 1.209999999999980203e+00 -1.401293350180603525e-01
7.906341511534312083e+00 1.209999999999988862e+00 -1.719154693218456487e-01
8.011061266653973334e+00 1.209999999999995079e+00 -1.367721099377501304e-01
8.115781021773631920e+00 1.209999999999989972e+00 -1.504944882748215917e-01
8.220500776893292283e+00 1.209999999999989750e+00 -1.290099583749313439e-01
8.325220532012952646e+00 1.210000000000004405e+00 -1.053418636938587838e-01
8.429940287132611232e+00 1.210000000000004183e+00 -1.306242067187266542e-01
8.534660042252271595e+00 1.209999999999987530e+00 -1.250845537711988698e-01
8.639379797371930181e+00 1.209999999999954001e+00 -1.106059003096824256e-01
8.744099552491592320e+00 1.209999999999976872e+00 -1.455665785067363771e-01
8.848819307611250906e+00 1.209999999999962661e+00 -1.506595949147264690e-01
8.953539062730909492e+00 1.209999999999961995e+00 -1.323840650691785470e-01
9.058258817850569855e+00 1.209999999999953779e+00 -1.393634115694126763e-01
9.162978572970228441e+00 1.209999999999975540e+00 -1.142341690834314250e-01
9.267698328089890580e+00 1.209999999999973985e+00 -1.003630868654212804e-01
9.372418083209549167e+00 1.209999999999987530e+00 -1.335730694044414690e-01
9.477137838329209529e+00 1.209999999999975540e+00 -1.238766493757328391e-01
9.581857593448868116e+00 1.209999999999968212e+00 -1.172421754777275282e-01
9.686577348568528478e+00 1.210000000000005071e+00 -1.353837747557538052e-01
9.791297103688188841e+00 1.209999999999991527e+00 -7.057101936367082828e-02
9.896016858807849204e+00 1.210000000000022613e+00 -1.104575231615765318e-01
1.000073661392750779e+01 1.210000000000039488e+00 -8.019271710199582515e-02
1.010545636904716815e+01 1.209999999999952003e+00 -1.043665512186535693e-01
1.021017612416682674e+01 1.209999999999981535e+00 -9.943601304764015936e-02
1.031489587928648710e+01 1.209999999999996190e+00 -8.679848110600119071e-02
1.041961563440614746e+01 1.210000000000005294e+00 -8.677185796171649201e-02
1.052433538952580783e+01 1.210000000000002851e+00 -1.119181654513710100e-01
1.062905514464546641e+01 1.209999999999999298e+00 -8.192416705284699674e-02
1.073377489976512678e+01 1.210000000000010845e+00 -8.353001203439269773e-02
1.083849465488478536e+01 1.210000000000013731e+00 -1.061494918172467550e-01
1.094321441000444750e+01 1.210000000000019948e+00 -7.625383935695850823e-02
1.104793416512410609e+01 1.210000000000037268e+00 -5.405027735500844699e-02
1.115265392024376645e+01 1.210000000000029496e+00 -4.684124946890300123e-02
1.125737367536342504e+01 1.210000000000001741e+00 -6.124853190387469226e-02
1.136209343048308362e+01 1.210000000000037490e+00 -6.512422666498451918e-02
1.146681318560274576e+01 1.210000000000009734e+00 -5.328675747284350450e-03
1.157153294072240435e+01 1.210000000000008180e+00 -8.462938603056002762e-02
1.167625269584206471e+01 1.210000000000049258e+00 -8.607615017637648691e-02
1.178097245096172330e+01 1.210000000000026610e+00 -4.971299473705315108e-02
1.188569220608138366e+01 1.210000000000026832e+00 -8.878456784238331068e-02
1.199041196120104225e+01 1.210000000000004849e+00 -4.797966752721194439e-02
1.209513171632070438e+01 1.210000000000001741e+00 -8.910779872207186258e-02
1.219985147144036297e+01 1.209999999999996190e+00 -5.076211045532375010e-02
1.230457122656002333e+01 1.210000000000013509e+00 -5.947322967428547713e-02
1.240929098167968192e+01 1.210000000000013953e+00 -3.648021949997470870e-03
1.251401073679934228e+01 1.209999999999976206e+00 -4.324424169998764000e-02
1.261873049191900265e+01 1.209999999999966880e+00 -6.656194628003575531e-02
1.272345024703866301e+01 1.210000000000003295e+00 -4.643283049336588419e-03
1.282817000215832159e+01 1.210000000000034825e+00 -6.730789069743892128e-03
1.293288975727798196e+01 1.210000000000016396e+00 3.662163553683228656e-02
1.303760951239764054e+01 1.209999999999995524e+00 -3.254255837038044774e-02
1.314232926751730268e+01 1.210000000000013065e+00 -2.252978386990456272e-02
1.324704902263696127e+01 1.210000000000026832e+00 1.600202275261963791e-02
1.335176877775662163e+01 1.210000000000021503e+00 -2.703591231192348232e-02
1.345648853287628022e+01 1.210000000000018394e+00 -3.504264364862663683e-02
1.356120828799594058e+01 1.210000000000020393e+00 -3.446101606359164293e-03
1.366592804311559917e+01 1.210000000000005960e+00 -2.437879105396945079e-02
1.377064779823526131e+01 1.209999999999997966e+00 -2.264493908194609162e-02
1.387536755335491989e+01 1.210000000000029496e+00 -3.462449408996981504e-02
1.398008730847457848e+01 1.209999999999993525e+00 -2.309641962098396561e-02
1.408480706359423884e+01 1.210000000000029496e+00 -1.597445863161617297e-02
1.418952681871389743e+01 1.210000000000011289e+00 -2.680582678960696796e-02
1.429424657383355957e+01 1.210000000000005960e+00 4.879022226325524514e-02
1.439896632895321815e+01 1.210000000000021059e+00 -7.825378021326656608e-03
1.450368608407287851e+01 1.209999999999993303e+00 1.525485519447755678e-03
1.460840583919253710e+01 1.210000000000002629e+00 -1.120516198004395392e-02
1.471312559431219746e+01 1.210000000000009290e+00 -6.135543712824542695e-03
1.481784534943185783e+01 1.209999999999999964e+00 3.874508694748435289e-02
1.492256510455151819e+01 1.210000000000022391e+00 -1.062266839389636175e-02
1.502728485967117678e+01 1.210000000000006848e+00 2.669892300104059757e-02
1.513200461479083714e+01 1.210000000000006848e+00 1.758171292259369523e-02
1.523672436991049572e+01 1.210000000000026166e+00 5.446193520628916929e-02
1.534144412503015609e+01 1.210000000000005516e+00 5.754676235982358889e-03
1.544616388014981645e+01 1.210000000000014619e+00 4.992831405991893234e-02
1.555088363526947681e+01 1.210000000000007070e+00 5.476428661004995035e-02
1.565560339038913540e+01 1.209999999999996856e+00 4.239097614624753874e-02
1.576032314550879576e+01 1.210000000000029052e+00 5.134107868699189225e-02
1.586504290062845435e+01 1.210000000000014175e+00 -3.149883559995458882e-03
1.596976265574811649e+01 1.210000000000002185e+00 6.927133838394716747e-02
1.607448241086777685e+01 1.210000000000022391e+00 5.896484345653618675e-02
1.617920216598743366e+01 1.209999999999993525e+00 6.556627496649625186e-02
1.628392192110709402e+01 1.210000000000031717e+00 7.627179790425486772e-02
1.638864167622675438e+01 1.209999999999988862e+00 6.508047668321026435e-02
1.649336143134641475e+01 1.210000000000002407e+00 6.661052281717871892e-02
1.659808118646607511e+01 1.210000000000022835e+00 4.730147918931493223e-02
1.670280094158573192e+01 1.210000000000020837e+00 7.627379053538163589e-02
1.680752069670539228e+01 1.210000000000007736e+00 6.902827642179332202e-02
1.691224045182505265e+01 1.210000000000024389e+00 2.993887386595517341e-02
1.701696020694471301e+01 1.210000000000005960e+00 6.495169137542688986e-02
1.712167996206437337e+01 1.209999999999992859e+00 7.398100969018628348e-02
1.722639971718403373e+01 1.210000000000006626e+00 1.209776374700766155e-02
1.733111947230369054e+01 1.210000000000017506e+00 5.118334268525970288e-02
1.743583922742335091e+01 1.209999999999997078e+00 4.951704569772985565e-02
1.754055898254301127e+01 1.209999999999969322e+00 1.036975661997310283e-01
1.764527873766267163e+01 1.209999999999971099e+00 8.349175336902803224e-02
1.774999849278232844e+01 1.210000000000003961e+00 4.927376051474396945e-02
1.785471824790198880e+01 1.209999999999996412e+00 9.740288051962053828e-02
1.795943800302165272e+01 1.209999999999987752e+00 9.000334121632036499e-02
1.806415775814131308e+01 1.209999999999995524e+00 1.221463538448439579e-01
1.816887751326096989e+01 1.209999999999993969e+00 8.772952317555393620e-02
1.827359726838063025e+01 1.210000000000020615e+00 1.216438040864140646e-01
1.837831702350029062e+01 1.210000000000022391e+00 8.931346627262470861e-02
1.848303677861995098e+01 1.210000000000025056e+00 1.192076308373124505e-01
1.858775653373960779e+01 1.209999999999992637e+00 1.179186761208406153e-01
1.869247628885926815e+01 1.210000000000003295e+00 5.333725489309415480e-02
1.879719604397892851e+01 1.210000000000010845e+00 1.021341157562716262e-01
