5.235987755982988295e-02 1.949999999999965761e+00 -5.983891257604633296e+01
1.570796326794896558e-01 1.949999999999978861e+00 -1.995545619120230540e+01
2.617993877991494078e-01 1.950000000000007061e+00 -1.198420995108469711e+01
3.665191429188092154e-01 1.949999999999996181e+00 -8.572124172091507788e+00
4.712388980384689674e-01 1.949999999999990630e+00 -6.679912225407470316e+00
5.759586531581286639e-01 1.949999999999990852e+00 -5.478791528626004492e+00
6.806784082777885825e-01 1.949999999999993960e+00 -4.649986461772274815e+00
7.853981633974481680e-01 1.949999999999994404e+00 -4.044757277475266477e+00
8.901179185171080865e-01 1.949999999999994404e+00 -3.584327312051760472e+00
9.948376736367677831e-01 1.949999999999995071e+00 -3.223044712312588267e+00
1.099557428756427591e+00 1.949999999999995071e+00 -2.932599813547804857e+00
1.204277183876087287e+00 1.949999999999994404e+00 -2.694468929442777494e+00
1.308996938995747206e+00 1.949999999999994182e+00 -2.495993605797596882e+00
1.413716694115406902e+00 1.949999999999994182e+00 -2.328215308565897423e+00
1.518436449235066821e+00 1.949999999999994849e+00 -2.184602778343111229e+00
1.623156204354726295e+00 1.949999999999994404e+00 -2.060284979187006815e+00
1.727875959474386214e+00 1.949999999999994849e+00 -1.951548300675802317e+00
1.832595714594045910e+00 1.949999999999994627e+00 -1.855521141242864491e+00
1.937315469713705829e+00 1.949999999999994849e+00 -1.769940939628441345e+00
2.042035224833365525e+00 1.949999999999995071e+00 -1.692999924077369212e+00
2.146754979953025000e+00 1.949999999999995737e+00 -1.623237075762624215e+00
2.251474735072684918e+00 1.949999999999995515e+00 -1.559455339495292581e+00
2.356194490192344837e+00 1.949999999999996181e+00 -1.500667261584018863e+00
2.460914245312004756e+00 1.949999999999996403e+00 -1.446059458100558803e+00
2.565634000431664230e+00 1.949999999999997513e+00 -1.394971094121787214e+00
2.670353755551324149e+00 1.949999999999997513e+00 -1.346876181417958840e+00
2.775073510670984067e+00 1.949999999999997291e+00 -1.301370521651906920e+00
2.879793265790643986e+00 1.949999999999996625e+00 -1.258162204477798696e+00
2.984513020910303460e+00 1.949999999999997291e+00 -1.217046963669899728e+00
3.089232776029963379e+00 1.949999999999996847e+00 -1.177894261276427823e+00
3.193952531149622853e+00 1.949999999999996403e+00 -1.140623314315432957e+00
3.298672286269282772e+00 1.949999999999997291e+00 -1.105188517398156378e+00
3.403392041388942246e+00 1.949999999999994627e+00 -1.071554016672291443e+00
3.508111796508602165e+00 1.949999999999995737e+00 -1.039687767881087410e+00
3.612831551628262083e+00 1.949999999999996847e+00 -1.009550651292103307e+00
3.717551306747922002e+00 1.949999999999995515e+00 -9.810852733812982507e-01
3.822271061867581476e+00 1.949999999999995293e+00 -9.542204101335598487e-01
3.926990816987241395e+00 1.949999999999994182e+00 -9.288662669655867177e-01
4.031710572106900869e+00 1.949999999999994182e+00 -9.049196353481443467e-01
4.136430327226561232e+00 1.949999999999993294e+00 -8.822739115485846995e-01
4.241150082346220707e+00 1.949999999999993072e+00 -8.608165330451260644e-01
4.345869837465881069e+00 1.949999999999992850e+00 -8.404468608546693531e-01
4.450589592585540544e+00 1.949999999999992628e+00 -8.210740396830669141e-01
4.555309347705200018e+00 1.949999999999991296e+00 -8.026189461639798850e-01
4.660029102824860381e+00 1.949999999999991518e+00 -7.850128263144098284e-01
4.764748857944519855e+00 1.949999999999990852e+00 -7.681921007078695851e-01
4.869468613064179330e+00 1.949999999999991962e+00 -7.520908602517586417e-01
4.974188368183839692e+00 1.949999999999994182e+00 -7.366384781808639204e-01
5.078908123303498279e+00 1.949999999999990186e+00 -7.217613169951819785e-01
5.183627878423158641e+00 1.949999999999988853e+00 -7.073802588234139321e-01
5.288347633542818116e+00 1.949999999999991740e+00 -6.934248409869523400e-01
5.393067388662477590e+00 1.949999999999990186e+00 -6.798312918192035426e-01
5.497787143782137953e+00 1.949999999999991296e+00 -6.665467368622373101e-01
5.602506898901797427e+00 1.949999999999992184e+00 -6.535366395672292938e-01
5.707226654021456902e+00 1.949999999999987743e+00 -6.407731488542225406e-01
5.811946409141117265e+00 1.949999999999993516e+00 -6.282418020877065246e-01
5.916666164260776739e+00 1.949999999999991296e+00 -6.159293260766229849e-01
6.021385919380437102e+00 1.949999999999993072e+00 -6.038272775897608469e-01
6.126105674500096576e+00 1.949999999999988187e+00 -5.919267237249794533e-01
6.230825429619756051e+00 1.949999999999993738e+00 -5.802134455984599981e-01
6.335545184739416413e+00 1.949999999999987077e+00 -5.686728055652672253e-01
6.440264939859075888e+00 1.949999999999988409e+00 -5.572857875113053083e-01
6.544984694978735362e+00 1.949999999999986855e+00 -5.460339864435015400e-01
6.649704450098395725e+00 1.949999999999991962e+00 -5.349030088236377267e-01
6.754424205218055199e+00 1.949999999999991518e+00 -5.238806106354045866e-01
6.859143960337715562e+00 1.949999999999990630e+00 -5.129616711802951201e-01
6.963863715457375037e+00 1.949999999999993516e+00 -5.021514702106841810e-01
7.068583470577034511e+00 1.949999999999993516e+00 -4.914672196801834758e-01
7.173303225696694874e+00 1.949999999999993294e+00 -4.809367829842958741e-01
7.278022980816354348e+00 1.949999999999995293e+00 -4.706044405905798200e-01
7.382742735936013823e+00 1.949999999999995293e+00 -4.605198617543448947e-01
7.487462491055674185e+00 1.949999999999991296e+00 -4.507353311080111169e-01
7.592182246175332772e+00 1.949999999999989519e+00 -4.413001343883218297e-01
7.696902001294993134e+00 1.949999999999990852e+00 -4.322536365489604293e-01
7.801621756414652609e+00 1.949999999999991296e+00 -4.236192422442197625e-01
7.906341511534312083e+00 1.949999999999986855e+00 -4.154014015762577117e-01
8.011061266653973334e+00 1.949999999999991074e+00 -4.075853931998860702e-01
8.115781021773631920e+00 1.949999999999986189e+00 -4.001323928725213364e-01
8.220500776893292283e+00 1.949999999999990630e+00 -3.929856731713279316e-01
8.325220532012952646e+00 1.949999999999986189e+00 -3.860725723273699117e-01
8.429940287132611232e+00 1.949999999999989964e+00 -3.793111233061274845e-01
8.534660042252271595e+00 1.949999999999990630e+00 -3.726136152838694926e-01
8.639379797371930181e+00 1.949999999999986855e+00 -3.658921270804249559e-01
8.744099552491592320e+00 1.949999999999986411e+00 -3.590671761304271570e-01
8.848819307611250906e+00 1.949999999999984190e+00 -3.520748941956437505e-01
8.953539062730909492e+00 1.949999999999989297e+00 -3.448755566827532704e-01
9.058258817850569855e+00 1.949999999999989519e+00 -3.374532953855560180e-01
9.162978572970228441e+00 1.949999999999992628e+00 -3.298254690928477117e-01
9.267698328089890580e+00 1.949999999999995293e+00 -3.220383323237019368e-01
9.372418083209549167e+00 1.949999999999995515e+00 -3.141699797628838553e-01
9.477137838329209529e+00 1.949999999999998623e+00 -3.063208887876296416e-01
9.581857593448868116e+00 1.949999999999999512e+00 -2.986005082745482042e-01
9.686577348568528478e+00 1.950000000000006395e+00 -2.911240009705178267e-01
9.791297103688188841e+00 1.950000000000006839e+00 -2.839962821135539883e-01
9.896016858807849204e+00 1.950000000000011502e+00 -2.773077944744564149e-01
1.000073661392750779e+01 1.950000000000011280e+00 -2.711218081996253915e-01
1.010545636904716815e+01 1.950000000000015499e+00 -2.654692373672169481e-01
1.021017612416682674e+01 1.950000000000014611e+00 -2.603472410566816109e-01
1.031489587928648710e+01 1.950000000000023714e+00 -2.557195443569870719e-01
1.041961563440614746e+01 1.950000000000022604e+00 -2.515200819172669355e-01
1.052433538952580783e+01 1.950000000000031486e+00 -2.476535166851245862e-01
1.062905514464546641e+01 1.950000000000034373e+00 -2.440104424348401579e-01
1.073377489976512678e+01 1.950000000000040146e+00 -2.404730462393018797e-01
1.083849465488478536e+01 1.950000000000038147e+00 -2.369225586667713657e-01
1.094321441000444750e+01 1.950000000000043254e+00 -2.332472181083726781e-01
1.104793416512410609e+01 1.950000000000042144e+00 -2.293454297240185014e-01
1.115265392024376645e+01 1.950000000000047029e+00 -2.251310016790508683e-01
1.125737367536342504e+01 1.950000000000047251e+00 -2.205272832870690536e-01
1.136209343048308362e+01 1.950000000000050360e+00 -2.118041613996162198e-01
1.146681318560274576e+01 1.950000000000050804e+00 -2.061356757576024989e-01
1.157153294072240435e+01 1.950000000000049027e+00 -1.999034655189735332e-01
1.167625269584206471e+01 1.950000000000047029e+00 -1.930669429677376314e-01
1.178097245096172330e+01 1.950000000000046807e+00 -1.855954525554519563e-01
1.188569220608138366e+01 1.950000000000051026e+00 -1.774733402760002576e-01
1.199041196120104225e+01 1.950000000000047029e+00 -1.687005800211753836e-01
1.209513171632070438e+01 1.950000000000049694e+00 -1.593066312682065444e-01
1.219985147144036297e+01 1.950000000000044365e+00 -1.493541101728812492e-01
1.230457122656002333e+01 1.950000000000042366e+00 -1.389477788688289195e-01
1.240929098167968192e+01 1.950000000000043476e+00 -1.282336556382315251e-01
1.251401073679934228e+01 1.950000000000042366e+00 -1.173979945786971513e-01
1.261873049191900265e+01 1.950000000000036371e+00 -1.066621989518097280e-01
1.272345024703866301e+01 1.950000000000041478e+00 -9.626274269464651923e-02
1.282817000215832159e+01 1.950000000000035705e+00 -8.643142067477249668e-02
1.293288975727798196e+01 1.950000000000040368e+00 -7.737397257761990943e-02
1.303760951239764054e+01 1.950000000000037037e+00 -6.925148386977753034e-02
1.314232926751730268e+01 1.950000000000033484e+00 -6.216141249135809232e-02
1.324704902263696127e+01 1.950000000000033928e+00 -5.612498692607204021e-02
1.335176877775662163e+01 1.950000000000033928e+00 -5.108631352358550259e-02
1.345648853287628022e+01 1.950000000000029043e+00 -4.691879183905989237e-02
1.356120828799594058e+01 1.950000000000031930e+00 -4.343967439332807601e-02
1.366592804311559917e+01 1.950000000000034373e+00 -4.042652618774056350e-02
1.377064779823526131e+01 1.950000000000023936e+00 -3.764760930565991259e-02
1.387536755335491989e+01 1.950000000000022604e+00 -3.487992005137741103e-02
1.398008730847457848e+01 1.950000000000025269e+00 -3.192859799011493749e-02
1.408480706359423884e+01 1.950000000000025047e+00 -2.864539145187627867e-02
1.418952681871389743e+01 1.950000000000027267e+00 -2.492931924538588362e-02
1.429424657383355957e+01 1.950000000000027711e+00 -2.073146465518682646e-02
1.439896632895321815e+01 1.950000000000022604e+00 -1.605247730289782737e-02
1.450368608407287851e+01 1.950000000000027711e+00 -1.092297078984394432e-02
1.460840583919253710e+01 1.950000000000022160e+00 -5.403805282428564283e-03
1.471312559431219746e+01 1.950000000000024603e+00 4.327237682257845108e-04
1.481784534943185783e+01 1.950000000000025047e+00 6.507784175898478907e-03
1.492256510455151819e+01 1.950000000000022826e+00 1.274029264864928734e-02
1.502728485967117678e+01 1.950000000000027711e+00 1.905532541159438153e-02
1.513200461479083714e+01 1.950000000000028377e+00 2.537082853174510433e-02
1.523672436991049572e+01 1.950000000000024380e+00 3.162621402079324184e-02
1.534144412503015609e+01 1.950000000000025935e+00 3.774148317208059211e-02
1.544616388014981645e+01 1.950000000000028155e+00 4.364553766887802055e-02
1.555088363526947681e+01 1.950000000000023714e+00 4.926314135928855364e-02
1.565560339038913540e+01 1.950000000000024603e+00 5.452317316569832428e-02
1.576032314550879576e+01 1.950000000000028155e+00 5.936258519733250694e-02
1.586504290062845435e+01 1.950000000000024603e+00 6.373080256331320470e-02
1.596976265574811649e+01 1.950000000000021938e+00 6.760711709153355287e-02
1.607448241086777685e+01 1.950000000000023270e+00 7.099950156684187164e-02
1.617920216598743366e+01 1.950000000000026601e+00 7.396208756873434709e-02
1.628392192110709402e+01 1.950000000000016165e+00 7.659614616197885084e-02
1.638864167622675438e+01 1.950000000000018163e+00 7.904431360914898619e-02
1.649336143134641475e+01 1.950000000000025713e+00 8.148877087343464609e-02
1.659808118646607511e+01 1.950000000000025491e+00 8.413313499463015432e-02
1.670280094158573192e+01 1.950000000000019496e+00 8.718398582988839962e-02
1.680752069670539228e+01 1.950000000000022604e+00 9.083414809070688989e-02
1.691224045182505265e+01 1.950000000000023270e+00 9.523540856922707576e-02
1.701696020694471301e+01 1.950000000000023048e+00 1.004846789245696925e-01
1.712167996206437337e+01 1.950000000000020384e+00 1.066125494012943875e-01
1.722639971718403373e+01 1.950000000000028377e+00 1.135797343623465849e-01
1.733111947230369054e+01 1.950000000000021494e+00 1.212803963474513580e-01
1.743583922742335091e+01 1.950000000000029710e+00 1.295557775190196992e-01
1.754055898254301127e+01 1.950000000000017275e+00 1.382129327367991323e-01
1.764527873766267163e+01 1.950000000000018607e+00 1.470423749578451122e-01
1.774999849278232844e+01 1.950000000000023936e+00 1.558372100281033568e-01
1.785471824790198880e+01 1.950000000000021938e+00 1.644098913604281620e-01
1.795943800302165272e+01 1.950000000000025047e+00 1.726082744097361399e-01
1.806415775814131308e+01 1.950000000000027489e+00 1.803184546730811633e-01
1.816887751326096989e+01 1.950000000000023270e+00 1.874640615590585924e-01
1.827359726838063025e+01 1.950000000000028599e+00 1.940054260590535762e-01
1.837831702350029062e+01 1.950000000000027045e+00 1.999308847219580798e-01
1.848303677861995098e+01 1.950000000000025491e+00 2.052527127498784409e-01
1.858775653373960779e+01 1.950000000000023714e+00 2.099952529930533274e-01
1.869247628885926815e+01 1.950000000000033262e+00 2.141939507215759875e-01
1.879719604397892851e+01 1.950000000000033484e+00 2.178909903052606012e-01
