5.235987755982988295e-02 8.000000000000002665e-01 -7.934737063304070359e-02
1.570796326794896558e-01 8.000000000000000444e-01 -1.623925881176809805e-01
2.617993877991494078e-01 8.000000000000001554e-01 -2.286066199092917639e-01
3.665191429188092154e-01 8.000000000000001554e-01 -2.642813892095090544e-01
4.712388980384689674e-01 8.000000000000001554e-01 -2.960611328511584261e-01
5.759586531581286639e-01 8.000000000000000444e-01 -3.171770691046924551e-01
6.806784082777885825e-01 8.000000000000000444e-01 -3.250502183852925775e-01
7.853981633974481680e-01 8.000000000000000444e-01 -3.270219933641633769e-01
8.901179185171080865e-01 8.000000000000001554e-01 -3.202331834287948098e-01
9.948376736367677831e-01 7.999999999999998224e-01 -3.122993394036093218e-01
1.099557428756427591e+00 7.999999999999999334e-01 -3.115352714522519051e-01
1.204277183876087287e+00 8.000000000000001554e-01 -3.069647227266651957e-01
1.308996938995747206e+00 8.000000000000001554e-01 -2.954257048096293747e-01
1.413716694115406902e+00 7.999999999999999334e-01 -2.943581440681772854e-01
1.518436449235066821e+00 8.000000000000002665e-01 -2.716370273032877591e-01
1.623156204354726295e+00 8.000000000000003775e-01 -2.670676419284061520e-01
1.727875959474386214e+00 7.999999999999998224e-01 -2.592965828522668659e-01
1.832595714594045910e+00 8.000000000000000444e-01 -2.629590044283167671e-01
1.937315469713705829e+00 8.000000000000001554e-01 -2.494968270293669299e-01
2.042035224833365525e+00 8.000000000000007105e-01 -2.388147781157154981e-01
2.146754979953025000e+00 8.000000000000002665e-01 -2.510841354866983899e-01
2.251474735072684918e+00 7.999999999999999334e-01 -2.364142492028222797e-01
2.356194490192344837e+00 7.999999999999996003e-01 -2.197548978620349480e-01
2.460914245312004756e+00 7.999999999999996003e-01 -2.132961784399367566e-01
2.565634000431664230e+00 8.000000000000027089e-01 -1.949468519988517556e-01
2.670353755551324149e+00 8.000000000000010436e-01 -2.018364000935877201e-01
2.775073510670984067e+00 7.999999999999998224e-01 -1.992440213760784395e-01
2.879793265790643986e+00 7.999999999999984901e-01 -1.979627836589306078e-01
2.984513020910303460e+00 7.999999999999983791e-01 -1.995360339426408558e-01
3.089232776029963379e+00 8.000000000000007105e-01 -1.928984565497522397e-01
3.193952531149622853e+00 8.000000000000021538e-01 -1.792362930606015148e-01
3.298672286269282772e+00 8.000000000000017097e-01 -1.718405309851673834e-01
3.403392041388942246e+00 8.000000000000002665e-01 -1.683958867814823179e-01
3.508111796508602165e+00 8.000000000000005995e-01 -1.629102634478183376e-01
3.612831551628262083e+00 7.999999999999988232e-01 -1.731926824997995773e-01
3.717551306747922002e+00 8.000000000000030420e-01 -1.585994315155110357e-01
3.822271061867581476e+00 7.999999999999970468e-01 -1.470624252299304047e-01
3.926990816987241395e+00 8.000000000000005995e-01 -1.510290972481795890e-01
4.031710572106900869e+00 7.999999999999932720e-01 -1.544535154593216220e-01
4.136430327226561232e+00 7.999999999999926059e-01 -1.487521759403298560e-01
4.241150082346220707e+00 7.999999999999966027e-01 -1.348452878642580899e-01
4.345869837465881069e+00 7.999999999999942712e-01 -1.326295460152033812e-01
4.450589592585540544e+00 7.999999999999954925e-01 -1.307673917291936050e-01
4.555309347705200018e+00 7.999999999999966027e-01 -1.307184070394935560e-01
4.660029102824860381e+00 7.999999999999958256e-01 -1.277852739884046684e-01
4.764748857944519855e+00 7.999999999999931610e-01 -1.216137414511946346e-01
4.869468613064179330e+00 7.999999999999949374e-01 -1.201373658473663397e-01
4.974188368183839692e+00 7.999999999999920508e-01 -1.101701950038727063e-01
5.078908123303498279e+00 7.999999999999940492e-01 -1.102509193913343566e-01
5.183627878423158641e+00 7.999999999999862776e-01 -1.145396671665253052e-01
5.288347633542818116e+00 7.999999999999944933e-01 -1.118042956103320051e-01
5.393067388662477590e+00 7.999999999999982681e-01 -1.007530884729650467e-01
5.497787143782137953e+00 7.999999999999959366e-01 -9.686659742162007092e-02
5.602506898901797427e+00 7.999999999999960476e-01 -9.769114941174805722e-02
5.707226654021456902e+00 7.999999999999968248e-01 -1.081595242287116676e-01
5.811946409141117265e+00 7.999999999999973799e-01 -9.750974376532983712e-02
5.916666164260776739e+00 7.999999999999913847e-01 -9.920653868864093283e-02
6.021385919380437102e+00 7.999999999999988232e-01 -9.648375152941301991e-02
6.126105674500096576e+00 7.999999999999972689e-01 -9.199632846896221849e-02
6.230825429619756051e+00 7.999999999999966027e-01 -9.454128978399101157e-02
6.335545184739416413e+00 7.999999999999830580e-01 -8.743177353248388073e-02
6.440264939859075888e+00 7.999999999999962697e-01 -8.329570138691178016e-02
6.544984694978735362e+00 7.999999999999889422e-01 -8.732446169529062274e-02
6.649704450098395725e+00 8.000000000000087041e-01 -7.990041493193089650e-02
6.754424205218055199e+00 7.999999999999962697e-01 -8.049267551827110623e-02
6.859143960337715562e+00 7.999999999999884981e-01 -7.540425771485015360e-02
6.963863715457375037e+00 8.000000000000034861e-01 -7.519153255858768148e-02
7.068583470577034511e+00 7.999999999999984901e-01 -6.734241461284806718e-02
7.173303225696694874e+00 8.000000000000080380e-01 -7.044733828557525612e-02
7.278022980816354348e+00 8.000000000000052625e-01 -6.776988762316094039e-02
7.382742735936013823e+00 8.000000000000067057e-01 -6.789956416851161691e-02
7.487462491055674185e+00 7.999999999999712896e-01 -6.711961832298829478e-02
7.592182246175332772e+00 8.000000000000071498e-01 -6.014180916014577605e-02
7.696902001294993134e+00 8.000000000000027089e-01 -5.618765653954138628e-02
7.801621756414652609e+00 7.999999999999894973e-01 -4.889998011647733733e-02
7.906341511534312083e+00 7.999999999999917177e-01 -5.348153528646992783e-02
8.011061266653973334e+00 7.999999999999948264e-01 -5.312544721464362851e-02
8.115781021773631920e+00 7.999999999999914957e-01 -5.155881029293851725e-02
8.220500776893292283e+00 7.999999999999976019e-01 -4.771947994311176444e-02
8.325220532012952646e+00 8.000000000000057065e-01 -5.683944807432617097e-02
8.429940287132611232e+00 8.000000000000180300e-01 -5.158646868670935248e-02
8.534660042252271595e+00 7.999999999999967137e-01 -4.897357570511218228e-02
8.639379797371930181e+00 7.999999999999553024e-01 -4.229217098790272189e-02
8.744099552491592320e+00 7.999999999999696243e-01 -4.508533222098698445e-02
8.848819307611250906e+00 7.999999999999832800e-01 -4.577341183968108851e-02
8.953539062730909492e+00 7.999999999999526379e-01 -4.409325615455017555e-02
9.058258817850569855e+00 7.999999999999605205e-01 -4.946560463537252872e-02
9.162978572970228441e+00 7.999999999999735101e-01 -4.964112613874327451e-02
9.267698328089890580e+00 7.999999999999880540e-01 -5.211455286933919240e-02
9.372418083209549167e+00 8.000000000000013767e-01 -4.673373030057526023e-02
9.477137838329209529e+00 7.999999999999747313e-01 -3.658651431534032383e-02
9.581857593448868116e+00 7.999999999999847233e-01 -3.982280442842878188e-02
9.686577348568528478e+00 7.999999999999931610e-01 -4.141783050231140351e-02
9.791297103688188841e+00 8.000000000000009326e-01 -3.764153304929251931e-02
9.896016858807849204e+00 8.000000000000228040e-01 -3.606392065966979033e-02
1.000073661392750779e+01 8.000000000000294653e-01 -4.048152669040838703e-02
1.010545636904716815e+01 7.999999999999756195e-01 -3.207906701640084179e-02
1.021017612416682674e+01 7.999999999999868328e-01 -3.078339402518537327e-02
1.031489587928648710e+01 7.999999999999872768e-01 -3.157527768927259615e-02
1.041961563440614746e+01 7.999999999999786171e-01 -2.623538247829060310e-02
1.052433538952580783e+01 8.000000000000021538e-01 -1.999190438939635328e-02
1.062905514464546641e+01 8.000000000000216938e-01 -2.666719473611323110e-02
1.073377489976512678e+01 8.000000000000107025e-01 -1.738911410150123515e-02
1.083849465488478536e+01 8.000000000000193623e-01 -1.564728936042136809e-02
1.094321441000444750e+01 8.000000000000185851e-01 -2.363083218780737127e-02
1.104793416512410609e+01 8.000000000000202505e-01 -2.182491258450625082e-02
1.115265392024376645e+01 8.000000000000334621e-01 -2.109598996550410277e-02
1.125737367536342504e+01 8.000000000000468958e-01 -1.917202025005160237e-02
1.136209343048308362e+01 8.000000000000088152e-01 -1.563788723437298245e-02
1.146681318560274576e+01 8.000000000000075939e-01 -1.189162584784497767e-02
1.157153294072240435e+01 8.000000000000270228e-01 -2.415835249239783877e-02
1.167625269584206471e+01 8.000000000000206946e-01 -2.064538961280604212e-02
1.178097245096172330e+01 8.000000000000179190e-01 4.541352779158458475e-03
1.188569220608138366e+01 8.000000000000185851e-01 1.831588017306984284e-04
1.199041196120104225e+01 8.000000000000055955e-01 -1.769544105356146702e-02
1.209513171632070438e+01 8.000000000000195843e-01 -5.865173741998574997e-03
1.219985147144036297e+01 8.000000000000020428e-01 -3.343309982698272620e-03
1.230457122656002333e+01 7.999999999999999334e-01 -4.310230149915383890e-03
1.240929098167968192e+01 7.999999999999938272e-01 -1.434828957443201602e-02
1.251401073679934228e+01 7.999999999999632960e-01 -1.209358088982703805e-02
1.261873049191900265e+01 7.999999999999544142e-01 -4.602608827459775398e-03
1.272345024703866301e+01 7.999999999999994893e-01 -1.632688401915061149e-02
1.282817000215832159e+01 8.000000000000013767e-01 9.500742151402619129e-05
1.293288975727798196e+01 7.999999999999862776e-01 2.310076201984756494e-03
1.303760951239764054e+01 7.999999999999917177e-01 7.322469367776918148e-03
1.314232926751730268e+01 8.000000000000072609e-01 8.135120288539354760e-04
1.324704902263696127e+01 8.000000000000473399e-01 3.421744565397233373e-04
1.335176877775662163e+01 8.000000000000153655e-01 -2.204006180566153716e-04
1.345648853287628022e+01 8.000000000000279110e-01 -7.167480692515937335e-05
1.356120828799594058e+01 8.000000000000120348e-01 6.475722362122127151e-03
1.366592804311559917e+01 8.000000000000034861e-01 -3.783836617486713294e-03
1.377064779823526131e+01 7.999999999999897193e-01 9.202930536416076279e-03
1.387536755335491989e+01 8.000000000000240252e-01 -2.229592265933888484e-03
1.398008730847457848e+01 8.000000000000060396e-01 2.619611005671984572e-03
1.408480706359423884e+01 8.000000000000064837e-01 -3.291247110462691694e-03
1.418952681871389743e+01 8.000000000000158096e-01 3.560124931128783032e-03
1.429424657383355957e+01 7.999999999999736211e-01 3.350427508559405965e-03
1.439896632895321815e+01 7.999999999999966027e-01 1.159641107041409214e-02
1.450368608407287851e+01 8.000000000000232481e-01 1.006812409898572014e-02
1.460840583919253710e+01 8.000000000000082601e-01 -1.668642464672132064e-03
1.471312559431219746e+01 8.000000000000040412e-01 6.864872929185139583e-03
1.481784534943185783e+01 8.000000000000078160e-01 1.418505323905883131e-02
1.492256510455151819e+01 8.000000000000280220e-01 1.321898781396768641e-02
1.502728485967117678e+01 8.000000000000315747e-01 1.660550123205517536e-02
1.513200461479083714e+01 8.000000000000255795e-01 2.760817871350518260e-02
1.523672436991049572e+01 8.000000000000430100e-01 3.094966817238642420e-02
1.534144412503015609e+01 8.000000000000168088e-01 2.999509545678513689e-02
1.544616388014981645e+01 8.000000000000173639e-01 3.716923167472607759e-02
1.555088363526947681e+01 8.000000000000125899e-01 4.542827674796434678e-02
1.565560339038913540e+01 8.000000000000263567e-01 3.402479427609428342e-02
1.576032314550879576e+01 8.000000000000045963e-01 3.260103719278184542e-02
1.586504290062845435e+01 7.999999999999835021e-01 4.054678278802903435e-02
1.596976265574811649e+01 8.000000000000073719e-01 4.037466454198934684e-02
1.607448241086777685e+01 8.000000000000084821e-01 4.691409144928471164e-02
1.617920216598743366e+01 8.000000000000024869e-01 4.137254980605220567e-02
1.628392192110709402e+01 8.000000000000200284e-01 4.598495724857798450e-02
1.638864167622675438e+01 7.999999999999796163e-01 3.535551577214945951e-02
1.649336143134641475e+01 8.000000000000071498e-01 4.755821571278673332e-02
1.659808118646607511e+01 8.000000000000241362e-01 3.813673738824974180e-02
1.670280094158573192e+01 8.000000000000446754e-01 4.429708783672481331e-02
1.680752069670539228e+01 8.000000000000161426e-01 4.454860232108615037e-02
1.691224045182505265e+01 8.000000000000532241e-01 4.417906895798751066e-02
1.701696020694471301e+01 8.000000000000210276e-01 4.391115698258118982e-02
1.712167996206437337e+01 7.999999999999954925e-01 3.821877579308363693e-02
1.722639971718403373e+01 7.999999999999902744e-01 4.292061727457152642e-02
1.733111947230369054e+01 8.000000000000099254e-01 4.509011327964529414e-02
1.743583922742335091e+01 7.999999999999840572e-01 5.980418581783197851e-02
1.754055898254301127e+01 7.999999999999533040e-01 4.964205132394283737e-02
1.764527873766267163e+01 7.999999999999675149e-01 5.640500134052928161e-02
1.774999849278232844e+01 7.999999999999951594e-01 5.854234318519857538e-02
1.785471824790198880e+01 7.999999999999918288e-01 5.007767553101061253e-02
1.795943800302165272e+01 7.999999999999863887e-01 4.949633759238025732e-02
1.806415775814131308e+01 7.999999999999969358e-01 5.192380521069850374e-02
1.816887751326096989e+01 7.999999999999963807e-01 6.220642702593792706e-02
1.827359726838063025e+01 8.000000000000034861e-01 4.737514369776008039e-02
1.837831702350029062e+01 7.999999999999948264e-01 4.405804973985993911e-02
1.848303677861995098e+01 8.000000000000023759e-01 6.538067556912707801e-02
1.858775653373960779e+01 7.999999999999911626e-01 6.852226867039235003e-02
1.869247628885926815e+01 7.999999999999888312e-01 5.871399025494739021e-02
1.879719604397892851e+01 8.000000000000005995e-01 6.209009102958518156e-02
