5.235987755982988295e-02 1.274999999999804956e+00 -1.381483006503711586e+01
1.570796326794896558e-01 1.274999999999986589e+00 -4.725018054615504504e+00
2.617993877991494078e-01 1.275000000000001910e+00 -2.969651679299145197e+00
3.665191429188092154e-01 1.275000000000003464e+00 -2.254574392528392313e+00
4.712388980384689674e-01 1.275000000000002576e+00 -1.882380254992078505e+00
5.759586531581286639e-01 1.275000000000001243e+00 -1.663963772303168831e+00
6.806784082777885825e-01 1.275000000000000133e+00 -1.523607626038524732e+00
7.853981633974481680e-01 1.274999999999998579e+00 -1.419226531163549021e+00
8.901179185171080865e-01 1.274999999999997469e+00 -1.325060577022528108e+00
9.948376736367677831e-01 1.274999999999996803e+00 -1.230525736967531758e+00
1.099557428756427591e+00 1.274999999999998135e+00 -1.137258916164414879e+00
1.204277183876087287e+00 1.274999999999999689e+00 -1.051691008365503111e+00
1.308996938995747206e+00 1.275000000000001243e+00 -9.782163375224013357e-01
1.413716694115406902e+00 1.275000000000001910e+00 -9.175329503216833604e-01
1.518436449235066821e+00 1.275000000000001243e+00 -8.680233644901154122e-01
1.623156204354726295e+00 1.274999999999999911e+00 -8.269605115925020566e-01
1.727875959474386214e+00 1.274999999999997913e+00 -7.915520340294612822e-01
1.832595714594045910e+00 1.274999999999996803e+00 -7.596743010545763397e-01
1.937315469713705829e+00 1.274999999999997025e+00 -7.301342798109367038e-01
2.042035224833365525e+00 1.274999999999997691e+00 -7.018583711714869722e-01
2.146754979953025000e+00 1.274999999999998801e+00 -6.733775334694689363e-01
2.251474735072684918e+00 1.274999999999999911e+00 -6.441908904500723843e-01
2.356194490192344837e+00 1.274999999999999911e+00 -6.158533106118979639e-01
2.460914245312004756e+00 1.275000000000001910e+00 -5.906831055394552443e-01
2.565634000431664230e+00 1.275000000000002132e+00 -5.698749918256944547e-01
2.670353755551324149e+00 1.275000000000001021e+00 -5.533874937212170941e-01
2.775073510670984067e+00 1.274999999999998801e+00 -5.403258461399569335e-01
2.879793265790643986e+00 1.274999999999997025e+00 -5.287558983840923155e-01
2.984513020910303460e+00 1.274999999999997469e+00 -5.166944694238444491e-01
3.089232776029963379e+00 1.274999999999996358e+00 -5.033686103211052476e-01
3.193952531149622853e+00 1.274999999999999467e+00 -4.889055809832498767e-01
3.298672286269282772e+00 1.274999999999998801e+00 -4.728951320509255929e-01
3.403392041388942246e+00 1.274999999999999467e+00 -4.545933630534446657e-01
3.508111796508602165e+00 1.274999999999999245e+00 -4.351865891089170546e-01
3.612831551628262083e+00 1.275000000000000133e+00 -4.181645111577285689e-01
3.717551306747922002e+00 1.274999999999997469e+00 -4.060939708619777377e-01
3.822271061867581476e+00 1.274999999999999467e+00 -3.978305031087336907e-01
3.926990816987241395e+00 1.274999999999997025e+00 -3.904914882637973150e-01
4.031710572106900869e+00 1.274999999999996358e+00 -3.834790492080024649e-01
4.136430327226561232e+00 1.274999999999997025e+00 -3.784135747691506069e-01
4.241150082346220707e+00 1.274999999999997469e+00 -3.755665504006220345e-01
4.345869837465881069e+00 1.274999999999999467e+00 -3.719477358070584216e-01
4.450589592585540544e+00 1.274999999999997247e+00 -3.642639923384596301e-01
4.555309347705200018e+00 1.274999999999996803e+00 -3.528981753109912134e-01
4.660029102824860381e+00 1.274999999999996581e+00 -3.408045306031173283e-01
4.764748857944519855e+00 1.274999999999995470e+00 -3.298914200254587925e-01
4.869468613064179330e+00 1.274999999999993472e+00 -3.198384004776100298e-01
4.974188368183839692e+00 1.274999999999989919e+00 -3.102348111713109091e-01
5.078908123303498279e+00 1.274999999999991918e+00 -3.018631780708771473e-01
5.183627878423158641e+00 1.274999999999991029e+00 -2.949739619952795877e-01
5.288347633542818116e+00 1.274999999999991696e+00 -2.884745430660773380e-01
5.393067388662477590e+00 1.274999999999993250e+00 -2.813503554263556694e-01
5.497787143782137953e+00 1.274999999999993694e+00 -2.737718280071419485e-01
5.602506898901797427e+00 1.274999999999992584e+00 -2.661983875198821181e-01
5.707226654021456902e+00 1.274999999999994360e+00 -2.581909672401607736e-01
5.811946409141117265e+00 1.274999999999991918e+00 -2.492145947617441237e-01
5.916666164260776739e+00 1.274999999999987921e+00 -2.399741622504842908e-01
6.021385919380437102e+00 1.274999999999995248e+00 -2.322614054713350029e-01
6.126105674500096576e+00 1.274999999999993472e+00 -2.276807744695688029e-01
6.230825429619756051e+00 1.274999999999985478e+00 -2.267771801678195587e-01
6.335545184739416413e+00 1.274999999999996803e+00 -2.288930708431706762e-01
6.440264939859075888e+00 1.274999999999993250e+00 -2.325041232791766888e-01
6.544984694978735362e+00 1.274999999999991473e+00 -2.358553891859251905e-01
6.649704450098395725e+00 1.274999999999995692e+00 -2.373784570731904964e-01
6.754424205218055199e+00 1.274999999999992140e+00 -2.359409026027057266e-01
6.859143960337715562e+00 1.274999999999992140e+00 -2.307083728654637511e-01
6.963863715457375037e+00 1.274999999999989253e+00 -2.213099313473350094e-01
7.068583470577034511e+00 1.274999999999993472e+00 -2.085729396326927443e-01
7.173303225696694874e+00 1.274999999999987699e+00 -1.945921181163114966e-01
7.278022980816354348e+00 1.274999999999997691e+00 -1.817546520137902633e-01
7.382742735936013823e+00 1.274999999999991473e+00 -1.718895919490259772e-01
7.487462491055674185e+00 1.274999999999987033e+00 -1.661418893715689293e-01
7.592182246175332772e+00 1.274999999999985256e+00 -1.652158123000591061e-01
7.696902001294993134e+00 1.274999999999990807e+00 -1.693968733240023283e-01
7.801621756414652609e+00 1.274999999999987033e+00 -1.778090573641923910e-01
7.906341511534312083e+00 1.274999999999989475e+00 -1.877568471985791021e-01
8.011061266653973334e+00 1.274999999999991029e+00 -1.958278285972099297e-01
8.115781021773631920e+00 1.274999999999988809e+00 -1.996278818085457374e-01
8.220500776893292283e+00 1.274999999999985922e+00 -1.980146224328844795e-01
8.325220532012952646e+00 1.274999999999991251e+00 -1.903893111267969118e-01
8.429940287132611232e+00 1.274999999999985700e+00 -1.766777973441602256e-01
8.534660042252271595e+00 1.274999999999980149e+00 -1.581044597216969549e-01
8.639379797371930181e+00 1.274999999999979261e+00 -1.376935330850290740e-01
8.744099552491592320e+00 1.274999999999976596e+00 -1.197741157241125620e-01
8.848819307611250906e+00 1.274999999999985256e+00 -1.086517287456416625e-01
8.953539062730909492e+00 1.274999999999975486e+00 -1.071596446601681407e-01
9.058258817850569855e+00 1.274999999999975930e+00 -1.154209493814857268e-01
9.162978572970228441e+00 1.274999999999981704e+00 -1.299232699484438314e-01
9.267698328089890580e+00 1.274999999999978817e+00 -1.442763083356570775e-01
9.372418083209549167e+00 1.274999999999993694e+00 -1.524594834062256155e-01
9.477137838329209529e+00 1.274999999999993250e+00 -1.521147113247049987e-01
9.581857593448868116e+00 1.274999999999982592e+00 -1.453509565856947461e-01
9.686577348568528478e+00 1.274999999999984368e+00 -1.359834059513786997e-01
9.791297103688188841e+00 1.275000000000009903e+00 -1.264712607658573518e-01
9.896016858807849204e+00 1.275000000000003686e+00 -1.178974758618416274e-01
1.000073661392750779e+01 1.275000000000018341e+00 -1.111648955480326606e-01
1.010545636904716815e+01 1.275000000000009459e+00 -1.069683131643230922e-01
1.021017612416682674e+01 1.275000000000001021e+00 -1.039256138081796621e-01
1.031489587928648710e+01 1.275000000000020117e+00 -9.832058287379652484e-02
1.041961563440614746e+01 1.275000000000032552e+00 -8.726118068677557460e-02
1.052433538952580783e+01 1.275000000000021672e+00 -7.205510899280476167e-02
1.062905514464546641e+01 1.275000000000023892e+00 -5.900772799992459738e-02
1.073377489976512678e+01 1.275000000000030109e+00 -5.477943259648654362e-02
1.083849465488478536e+01 1.275000000000033440e+00 -6.040645149680656800e-02
1.094321441000444750e+01 1.275000000000040323e+00 -7.155056880218424453e-02
1.104793416512410609e+01 1.275000000000041656e+00 -8.268322434425279255e-02
1.115265392024376645e+01 1.275000000000037659e+00 -9.043971820186946786e-02
1.125737367536342504e+01 1.275000000000043210e+00 -9.358897839805813135e-02
1.136209343048308362e+01 1.275000000000039879e+00 -8.780787401900980171e-02
1.146681318560274576e+01 1.275000000000039657e+00 -8.052529213464687530e-02
1.157153294072240435e+01 1.275000000000036549e+00 -6.993849549714781233e-02
1.167625269584206471e+01 1.275000000000036771e+00 -6.011630759943820124e-02
1.178097245096172330e+01 1.275000000000050093e+00 -5.569545628791416902e-02
1.188569220608138366e+01 1.275000000000034550e+00 -5.857889910062752392e-02
1.199041196120104225e+01 1.275000000000024780e+00 -6.675352639660658838e-02
1.209513171632070438e+01 1.275000000000022560e+00 -7.564030131316812344e-02
1.219985147144036297e+01 1.275000000000027889e+00 -8.089852396373231613e-02
1.230457122656002333e+01 1.275000000000020783e+00 -8.032734496629068133e-02
1.240929098167968192e+01 1.275000000000025446e+00 -7.416700577500456859e-02
1.251401073679934228e+01 1.275000000000019007e+00 -6.498086432726779549e-02
1.261873049191900265e+01 1.275000000000005018e+00 -5.631763318471882940e-02
1.272345024703866301e+01 1.275000000000021005e+00 -5.063293451321904115e-02
1.282817000215832159e+01 1.275000000000015676e+00 -4.784744860152301271e-02
1.293288975727798196e+01 1.275000000000025446e+00 -4.594081244068881631e-02
1.303760951239764054e+01 1.275000000000012568e+00 -4.332805591898214459e-02
1.314232926751730268e+01 1.275000000000007017e+00 -3.982432220386833421e-02
1.324704902263696127e+01 1.275000000000027445e+00 -3.530093351318797090e-02
1.335176877775662163e+01 1.275000000000026112e+00 -2.856822119820634498e-02
1.345648853287628022e+01 1.275000000000026112e+00 -1.914753958301851355e-02
1.356120828799594058e+01 1.275000000000012346e+00 -1.000505999488865427e-02
1.366592804311559917e+01 1.275000000000008571e+00 -5.803049304637042383e-03
1.377064779823526131e+01 1.275000000000015898e+00 -7.846568408664822414e-03
1.387536755335491989e+01 1.275000000000023226e+00 -1.285447822567142850e-02
1.398008730847457848e+01 1.275000000000020117e+00 -1.681677138374304548e-02
1.408480706359423884e+01 1.275000000000018341e+00 -1.882317965786306502e-02
1.418952681871389743e+01 1.275000000000024558e+00 -2.039055148380164439e-02
1.429424657383355957e+01 1.275000000000023448e+00 -2.175941386082591578e-02
1.439896632895321815e+01 1.275000000000014122e+00 -2.058314088058565972e-02
1.450368608407287851e+01 1.275000000000013012e+00 -1.514671124150268611e-02
1.460840583919253710e+01 1.275000000000004574e+00 -7.156644575085024940e-03
1.471312559431219746e+01 1.275000000000016787e+00 3.545150971895338898e-05
1.481784534943185783e+01 1.275000000000006350e+00 5.093959857200403007e-03
1.492256510455151819e+01 1.275000000000019229e+00 1.014049425942431526e-02
1.502728485967117678e+01 1.275000000000030109e+00 1.764812194040921156e-02
1.513200461479083714e+01 1.275000000000030331e+00 2.665556249486833451e-02
1.523672436991049572e+01 1.275000000000029443e+00 3.407382418777515909e-02
1.534144412503015609e+01 1.275000000000012346e+00 3.899212585489841842e-02
1.544616388014981645e+01 1.275000000000017897e+00 4.387872988885987979e-02
1.555088363526947681e+01 1.275000000000008793e+00 5.080019482632636141e-02
1.565560339038913540e+01 1.275000000000011680e+00 5.843373023357045781e-02
1.576032314550879576e+01 1.275000000000015454e+00 6.355760780473929117e-02
1.586504290062845435e+01 1.275000000000019673e+00 6.458975513288756076e-02
1.596976265574811649e+01 1.275000000000026112e+00 6.321277228816413185e-02
1.607448241086777685e+01 1.275000000000018119e+00 6.166900995749813319e-02
1.617920216598743366e+01 1.275000000000020561e+00 5.973411057390620726e-02
1.628392192110709402e+01 1.275000000000021227e+00 5.599831264401089470e-02
1.638864167622675438e+01 1.275000000000009681e+00 5.133610863033410965e-02
1.649336143134641475e+01 1.275000000000010569e+00 4.948090182207209864e-02
1.659808118646607511e+01 1.275000000000013678e+00 5.341803790091148585e-02
1.670280094158573192e+01 1.275000000000021005e+00 6.184374752209009785e-02
1.680752069670539228e+01 1.275000000000020339e+00 7.042657873519075906e-02
1.691224045182505265e+01 1.275000000000016565e+00 7.649003934880482802e-02
1.701696020694471301e+01 1.275000000000003242e+00 8.051377536400039503e-02
1.712167996206437337e+01 1.275000000000002576e+00 8.359323404225449394e-02
1.722639971718403373e+01 1.275000000000016565e+00 8.585896389188363287e-02
1.733111947230369054e+01 1.275000000000009237e+00 8.749166084247761432e-02
1.743583922742335091e+01 1.275000000000003020e+00 8.989209790210850315e-02
1.754055898254301127e+01 1.274999999999989697e+00 9.479890805280177801e-02
1.764527873766267163e+01 1.275000000000008793e+00 1.022222234251159989e-01
1.774999849278232844e+01 1.275000000000009015e+00 1.100013171341913676e-01
1.785471824790198880e+01 1.275000000000001910e+00 1.151196556401288262e-01
1.795943800302165272e+01 1.275000000000004130e+00 1.154782672879406391e-01
1.806415775814131308e+01 1.275000000000004574e+00 1.109609469695627126e-01
1.816887751326096989e+01 1.275000000000005684e+00 1.034699065442659105e-01
1.827359726838063025e+01 1.275000000000013012e+00 9.664855777820946514e-02
1.837831702350029062e+01 1.275000000000025668e+00 9.428228504629387885e-02
1.848303677861995098e+01 1.275000000000012346e+00 9.795863150187855695e-02
1.858775653373960779e+01 1.275000000000023004e+00 1.059990450504884052e-01
1.869247628885926815e+01 1.275000000000013900e+00 1.145475053203917071e-01
1.879719604397892851e+01 1.275000000000018341e+00 1.203319649609433384e-01
