5.235987755982988295e-02 1.229999999999979776e+00 -1.020378714634592043e+01
1.570796326794896558e-01 1.229999999999997318e+00 -3.637804709811272907e+00
2.617993877991494078e-01 1.229999999999997318e+00 -2.422810479497088387e+00
3.665191429188092154e-01 1.229999999999997762e+00 -1.912610110985982104e+00
4.712388980384689674e-01 1.229999999999996207e+00 -1.610075820104307942e+00
5.759586531581286639e-01 1.229999999999997540e+00 -1.424380534746688687e+00
6.806784082777885825e-01 1.229999999999999094e+00 -1.324995044830841184e+00
7.853981633974481680e-01 1.229999999999999982e+00 -1.259798404623781787e+00
8.901179185171080865e-01 1.229999999999998872e+00 -1.179535525634329396e+00
9.948376736367677831e-01 1.229999999999997540e+00 -1.084661557603871618e+00
1.099557428756427591e+00 1.229999999999995985e+00 -1.005870134480169487e+00
1.204277183876087287e+00 1.229999999999996430e+00 -9.535379188015893348e-01
1.308996938995747206e+00 1.229999999999996430e+00 -9.107723617214480427e-01
1.413716694115406902e+00 1.229999999999998428e+00 -8.609007821173608743e-01
1.518436449235066821e+00 1.229999999999998206e+00 -8.064573773905059362e-01
1.623156204354726295e+00 1.229999999999998650e+00 -7.613920919236896179e-01
1.727875959474386214e+00 1.229999999999997540e+00 -7.335249681690485524e-01
1.832595714594045910e+00 1.229999999999995763e+00 -7.179013390927861948e-01
1.937315469713705829e+00 1.229999999999994875e+00 -7.044320825673069386e-01
2.042035224833365525e+00 1.229999999999994209e+00 -6.862000326347525991e-01
2.146754979953025000e+00 1.229999999999994653e+00 -6.596453950870695415e-01
2.251474735072684918e+00 1.229999999999995763e+00 -6.232522357841334681e-01
2.356194490192344837e+00 1.229999999999997540e+00 -5.805242398954013616e-01
2.460914245312004756e+00 1.229999999999999316e+00 -5.394484984167307040e-01
2.565634000431664230e+00 1.229999999999995985e+00 -5.069173085652565192e-01
2.670353755551324149e+00 1.229999999999994875e+00 -4.878200104465699738e-01
2.775073510670984067e+00 1.229999999999993765e+00 -4.844192743873483309e-01
2.879793265790643986e+00 1.229999999999995985e+00 -4.905985654548716823e-01
2.984513020910303460e+00 1.229999999999996430e+00 -4.904342132339718496e-01
3.089232776029963379e+00 1.229999999999995541e+00 -4.716506665830362266e-01
3.193952531149622853e+00 1.229999999999997096e+00 -4.410106758889575929e-01
3.298672286269282772e+00 1.229999999999996652e+00 -4.178510475991452644e-01
3.403392041388942246e+00 1.229999999999992211e+00 -4.083061959761327131e-01
3.508111796508602165e+00 1.229999999999993765e+00 -3.999686749521185192e-01
3.612831551628262083e+00 1.229999999999991989e+00 -3.869533610824991143e-01
3.717551306747922002e+00 1.229999999999992877e+00 -3.786676589464614828e-01
3.822271061867581476e+00 1.229999999999993765e+00 -3.777686885504949466e-01
3.926990816987241395e+00 1.229999999999994653e+00 -3.690386325583236982e-01
4.031710572106900869e+00 1.229999999999991767e+00 -3.434242553006345844e-01
4.136430327226561232e+00 1.229999999999989324e+00 -3.174849992769583906e-01
4.241150082346220707e+00 1.229999999999988658e+00 -3.110875992601762619e-01
4.345869837465881069e+00 1.229999999999987104e+00 -3.192907988655928619e-01
4.450589592585540544e+00 1.229999999999984217e+00 -3.223154677346560248e-01
4.555309347705200018e+00 1.229999999999986882e+00 -3.134848189857892820e-01
4.660029102824860381e+00 1.229999999999986660e+00 -3.025315594694797383e-01
4.764748857944519855e+00 1.229999999999989102e+00 -2.970863158681247285e-01
4.869468613064179330e+00 1.229999999999985993e+00 -2.931750082539510416e-01
4.974188368183839692e+00 1.229999999999984883e+00 -2.857723092398742892e-01
5.078908123303498279e+00 1.229999999999984661e+00 -2.788759898408885718e-01
5.183627878423158641e+00 1.229999999999983995e+00 -2.777437648874485632e-01
5.288347633542818116e+00 1.229999999999983995e+00 -2.794796015107046117e-01
5.393067388662477590e+00 1.229999999999986882e+00 -2.766546785736565539e-01
5.497787143782137953e+00 1.229999999999985549e+00 -2.638261074561656372e-01
5.602506898901797427e+00 1.229999999999984883e+00 -2.451204083342277684e-01
5.707226654021456902e+00 1.229999999999987104e+00 -2.324422638936338714e-01
5.811946409141117265e+00 1.229999999999983107e+00 -2.318692651890383871e-01
5.916666164260776739e+00 1.229999999999983329e+00 -2.373791225927881499e-01
6.021385919380437102e+00 1.229999999999979332e+00 -2.406255057052630875e-01
6.126105674500096576e+00 1.229999999999986215e+00 -2.387476229806662076e-01
6.230825429619756051e+00 1.229999999999982219e+00 -2.332031583195046665e-01
6.335545184739416413e+00 1.229999999999984439e+00 -2.255122384723513562e-01
6.440264939859075888e+00 1.229999999999988214e+00 -2.171099403274849848e-01
6.544984694978735362e+00 1.229999999999983551e+00 -2.109066314593750491e-01
6.649704450098395725e+00 1.229999999999987548e+00 -2.099373309573486779e-01
6.754424205218055199e+00 1.229999999999980886e+00 -2.143853499400618645e-01
6.859143960337715562e+00 1.229999999999982885e+00 -2.211276771816281794e-01
6.963863715457375037e+00 1.229999999999979776e+00 -2.260219865955912510e-01
7.068583470577034511e+00 1.229999999999982885e+00 -2.239017256882283036e-01
7.173303225696694874e+00 1.229999999999984439e+00 -2.107280852053854403e-01
7.278022980816354348e+00 1.229999999999979110e+00 -1.892841909811302514e-01
7.382742735936013823e+00 1.229999999999979998e+00 -1.698317275678862259e-01
7.487462491055674185e+00 1.229999999999970672e+00 -1.621077103886374715e-01
7.592182246175332772e+00 1.229999999999978666e+00 -1.665022966655715919e-01
7.696902001294993134e+00 1.229999999999985771e+00 -1.739596404183991751e-01
7.801621756414652609e+00 1.229999999999974669e+00 -1.745856811229931083e-01
7.906341511534312083e+00 1.229999999999974669e+00 -1.663829134190164538e-01
8.011061266653973334e+00 1.229999999999968674e+00 -1.575748123627178643e-01
8.115781021773631920e+00 1.229999999999985327e+00 -1.571563103569122433e-01
8.220500776893292283e+00 1.229999999999967564e+00 -1.633346984671426583e-01
8.325220532012952646e+00 1.229999999999972449e+00 -1.653292846306406716e-01
8.429940287132611232e+00 1.229999999999969562e+00 -1.564434440217272737e-01
8.534660042252271595e+00 1.229999999999970672e+00 -1.438311179177418353e-01
8.639379797371930181e+00 1.229999999999953575e+00 -1.370640484228715650e-01
8.744099552491592320e+00 1.229999999999960236e+00 -1.334066640189242037e-01
8.848819307611250906e+00 1.229999999999953797e+00 -1.253538139916372529e-01
8.953539062730909492e+00 1.229999999999955129e+00 -1.172768136669830596e-01
9.058258817850569855e+00 1.229999999999954907e+00 -1.216425278876780425e-01
9.162978572970228441e+00 1.229999999999975113e+00 -1.367005498501221439e-01
9.267698328089890580e+00 1.229999999999964233e+00 -1.445282978863158263e-01
9.372418083209549167e+00 1.229999999999977778e+00 -1.354981281336087306e-01
9.477137838329209529e+00 1.229999999999968008e+00 -1.195614461274985274e-01
9.581857593448868116e+00 1.229999999999976668e+00 -1.104294780068268977e-01
9.686577348568528478e+00 1.229999999999978888e+00 -1.079242748213822267e-01
9.791297103688188841e+00 1.229999999999972227e+00 -1.028951461794722633e-01
9.896016858807849204e+00 1.229999999999991767e+00 -9.507777156357732906e-02
1.000073661392750779e+01 1.229999999999991767e+00 -9.156361670542345621e-02
1.010545636904716815e+01 1.229999999999981775e+00 -9.109314409600521856e-02
1.021017612416682674e+01 1.229999999999987326e+00 -8.537577599042478482e-02
1.031489587928648710e+01 1.229999999999983551e+00 -7.167328580228726764e-02
1.041961563440614746e+01 1.229999999999999316e+00 -5.544221470274024455e-02
1.052433538952580783e+01 1.230000000000000204e+00 -4.577394095696618592e-02
1.062905514464546641e+01 1.230000000000001092e+00 -4.955774247232902496e-02
1.073377489976512678e+01 1.230000000000005977e+00 -6.602808111525249046e-02
1.083849465488478536e+01 1.230000000000012861e+00 -8.218801844857459571e-02
1.094321441000444750e+01 1.230000000000004645e+00 -8.347090873740015127e-02
1.104793416512410609e+01 1.230000000000019300e+00 -7.327302411562541806e-02
1.115265392024376645e+01 1.230000000000020188e+00 -7.149971134206545287e-02
1.125737367536342504e+01 1.230000000000004867e+00 -8.639686066418761357e-02
1.136209343048308362e+01 1.230000000000026406e+00 -9.478281395148790978e-02
1.146681318560274576e+01 1.230000000000020632e+00 -8.177980034516707519e-02
1.157153294072240435e+01 1.230000000000018856e+00 -5.436483023196458930e-02
1.167625269584206471e+01 1.230000000000015081e+00 -4.551320415468040892e-02
1.178097245096172330e+01 1.230000000000011751e+00 -6.496254456940242505e-02
1.188569220608138366e+01 1.230000000000006644e+00 -8.205428671863046475e-02
1.199041196120104225e+01 1.230000000000006199e+00 -6.686158759008620223e-02
1.209513171632070438e+01 1.230000000000009530e+00 -3.601781949211257938e-02
1.219985147144036297e+01 1.229999999999993099e+00 -3.437906147707181503e-02
1.230457122656002333e+01 1.230000000000017968e+00 -7.244820168635790480e-02
1.240929098167968192e+01 1.229999999999987548e+00 -1.008159855135097871e-01
1.251401073679934228e+01 1.229999999999972449e+00 -7.153340125912599490e-02
1.261873049191900265e+01 1.229999999999981108e+00 -1.074653962793448159e-02
1.272345024703866301e+01 1.229999999999992877e+00 1.175353730690886778e-02
1.282817000215832159e+01 1.230000000000015081e+00 -1.984770549047532029e-02
1.293288975727798196e+01 1.229999999999990656e+00 -4.794558337180632179e-02
1.303760951239764054e+01 1.229999999999998872e+00 -3.146034123074059607e-02
1.314232926751730268e+01 1.229999999999990434e+00 -8.788225862687681911e-03
1.324704902263696127e+01 1.229999999999999094e+00 -2.834512483233453395e-02
1.335176877775662163e+01 1.229999999999987104e+00 -6.435896138584773496e-02
1.345648853287628022e+01 1.229999999999998650e+00 -5.875336411883225196e-02
1.356120828799594058e+01 1.229999999999985327e+00 -1.725965673255736021e-02
1.366592804311559917e+01 1.229999999999982663e+00 2.855644583275918080e-03
1.377064779823526131e+01 1.229999999999989102e+00 -1.812577083542699086e-02
1.387536755335491989e+01 1.229999999999974447e+00 -4.375581685259177789e-02
1.398008730847457848e+01 1.229999999999985993e+00 -4.386378167003179840e-02
1.408480706359423884e+01 1.229999999999990878e+00 -2.880081505931642027e-02
1.418952681871389743e+01 1.229999999999981997e+00 -1.889424207328538330e-02
1.429424657383355957e+01 1.229999999999970450e+00 -1.248414796116037451e-02
1.439896632895321815e+01 1.229999999999982441e+00 3.447597325328288775e-03
1.450368608407287851e+01 1.229999999999971116e+00 2.690916796701614544e-02
1.460840583919253710e+01 1.229999999999983995e+00 4.174303174963966967e-02
1.471312559431219746e+01 1.229999999999996652e+00 4.106691679001706063e-02
1.481784534943185783e+01 1.229999999999978444e+00 3.248986910219464619e-02
1.492256510455151819e+01 1.229999999999979554e+00 2.494593205104322919e-02
1.502728485967117678e+01 1.229999999999981997e+00 2.218805631898845832e-02
1.513200461479083714e+01 1.229999999999985993e+00 2.212965875380845659e-02
1.523672436991049572e+01 1.229999999999977334e+00 1.938284270891443839e-02
1.534144412503015609e+01 1.229999999999988658e+00 1.193920851147467488e-02
1.544616388014981645e+01 1.229999999999997318e+00 3.571501680978528270e-03
1.555088363526947681e+01 1.229999999999983773e+00 3.074405806520630335e-03
1.565560339038913540e+01 1.229999999999969118e+00 1.772599672469254983e-02
1.576032314550879576e+01 1.229999999999987770e+00 4.048291976028650652e-02
1.586504290062845435e+01 1.229999999999970672e+00 5.570325272668519290e-02
1.596976265574811649e+01 1.229999999999983995e+00 6.174067054968368495e-02
1.607448241086777685e+01 1.229999999999988880e+00 7.105180487677387191e-02
1.617920216598743366e+01 1.229999999999987770e+00 8.505819989903073974e-02
1.628392192110709402e+01 1.229999999999978444e+00 8.477601434738701869e-02
1.638864167622675438e+01 1.229999999999988214e+00 6.084284591451449842e-02
1.649336143134641475e+01 1.229999999999981330e+00 4.137148302067572558e-02
1.659808118646607511e+01 1.229999999999989768e+00 6.005851680284735039e-02
1.670280094158573192e+01 1.229999999999999094e+00 9.786630472941482140e-02
1.680752069670539228e+01 1.229999999999985105e+00 1.027309716514785976e-01
1.691224045182505265e+01 1.229999999999997318e+00 7.018138229503989578e-02
1.701696020694471301e+01 1.229999999999987326e+00 5.261793748814014293e-02
1.712167996206437337e+01 1.229999999999998206e+00 7.306501965584644154e-02
1.722639971718403373e+01 1.229999999999985327e+00 8.767898165876886196e-02
1.733111947230369054e+01 1.230000000000011084e+00 6.281277708440313745e-02
1.743583922742335091e+01 1.229999999999982441e+00 3.497196082349063317e-02
1.754055898254301127e+01 1.229999999999976446e+00 5.506876249461711836e-02
1.764527873766267163e+01 1.229999999999966898e+00 1.078896141742120562e-01
1.774999849278232844e+01 1.229999999999981108e+00 1.326951373738296525e-01
1.785471824790198880e+01 1.230000000000003535e+00 1.084533506560489968e-01
1.795943800302165272e+01 1.229999999999974225e+00 7.607940183891770403e-02
1.806415775814131308e+01 1.229999999999993543e+00 7.757889869145984107e-02
1.816887751326096989e+01 1.229999999999998206e+00 1.035387602604842527e-01
1.827359726838063025e+01 1.229999999999994431e+00 1.160704141587132199e-01
1.837831702350029062e+01 1.230000000000005311e+00 1.018860142908728506e-01
1.848303677861995098e+01 1.229999999999997540e+00 8.590295815856308081e-02
1.858775653373960779e+01 1.230000000000000870e+00 9.327667181568344290e-02
1.869247628885926815e+01 1.230000000000011307e+00 1.155519780121210260e-01
1.879719604397892851e+01 1.230000000000015081e+00 1.259019975488548937e-01
