5.235987755982988295e-02 1.185000000000000053e+00 -4.430489761039047569e-01
1.570796326794896558e-01 1.185000000000000275e+00 -8.720429039460728671e-01
2.617993877991494078e-01 1.185000000000000497e+00 -1.096108058019828579e+00
3.665191429188092154e-01 1.184999999999999831e+00 -1.172450550743338260e+00
4.712388980384689674e-01 1.185000000000000497e+00 -1.152080481940571444e+00
5.759586531581286639e-01 1.185000000000000053e+00 -1.091027356219151256e+00
6.806784082777885825e-01 1.185000000000000053e+00 -1.044677011642532571e+00
7.853981633974481680e-01 1.184999999999999831e+00 -9.721205768784479950e-01
8.901179185171080865e-01 1.185000000000000941e+00 -9.436139540153649641e-01
9.948376736367677831e-01 1.184999999999999387e+00 -9.043946405523273224e-01
1.099557428756427591e+00 1.184999999999999831e+00 -8.672683565702519193e-01
1.204277183876087287e+00 1.184999999999999609e+00 -7.925391911171237869e-01
1.308996938995747206e+00 1.185000000000000275e+00 -7.821216829567974038e-01
1.413716694115406902e+00 1.184999999999999165e+00 -7.644914359792716052e-01
1.518436449235066821e+00 1.184999999999999831e+00 -7.367921795517851091e-01
1.623156204354726295e+00 1.185000000000000053e+00 -6.461551216343501824e-01
1.727875959474386214e+00 1.184999999999999831e+00 -6.698609981364929133e-01
1.832595714594045910e+00 1.184999999999999165e+00 -6.423700869378046185e-01
1.937315469713705829e+00 1.185000000000000719e+00 -6.141851773678621562e-01
2.042035224833365525e+00 1.184999999999999387e+00 -6.034860514754529781e-01
2.146754979953025000e+00 1.184999999999999609e+00 -5.697399934131106569e-01
2.251474735072684918e+00 1.184999999999999387e+00 -5.187851881545908483e-01
2.356194490192344837e+00 1.185000000000000275e+00 -4.984885912978955780e-01
2.460914245312004756e+00 1.184999999999999165e+00 -5.372590522238409605e-01
2.565634000431664230e+00 1.184999999999999387e+00 -5.102657888019619392e-01
2.670353755551324149e+00 1.184999999999999831e+00 -4.772871538606375807e-01
2.775073510670984067e+00 1.184999999999999165e+00 -4.501524362088522579e-01
2.879793265790643986e+00 1.184999999999999387e+00 -4.594499334841479765e-01
2.984513020910303460e+00 1.184999999999999609e+00 -4.223288507133684533e-01
3.089232776029963379e+00 1.184999999999999387e+00 -4.296138748517823736e-01
3.193952531149622853e+00 1.185000000000000719e+00 -3.855224732802144949e-01
3.298672286269282772e+00 1.185000000000000719e+00 -4.257179637629842084e-01
3.403392041388942246e+00 1.184999999999999165e+00 -3.679848571808870261e-01
3.508111796508602165e+00 1.184999999999997833e+00 -3.505111919185752711e-01
3.612831551628262083e+00 1.184999999999996279e+00 -3.399120712641923170e-01
3.717551306747922002e+00 1.184999999999994946e+00 -3.315446988505068582e-01
3.822271061867581476e+00 1.185000000000006715e+00 -3.470604938686330243e-01
3.926990816987241395e+00 1.184999999999998943e+00 -3.260254199020184984e-01
4.031710572106900869e+00 1.184999999999996945e+00 -3.212350226303408718e-01
4.136430327226561232e+00 1.184999999999990727e+00 -3.222794056945454955e-01
4.241150082346220707e+00 1.184999999999996501e+00 -2.857940437222890040e-01
4.345869837465881069e+00 1.184999999999995834e+00 -3.022185222590998421e-01
4.450589592585540544e+00 1.184999999999994502e+00 -3.149729727625061315e-01
4.555309347705200018e+00 1.184999999999994280e+00 -3.088713110250074223e-01
4.660029102824860381e+00 1.185000000000001608e+00 -3.126036179713640450e-01
4.764748857944519855e+00 1.184999999999997611e+00 -3.015600670570153241e-01
4.869468613064179330e+00 1.184999999999991838e+00 -2.242986665190702666e-01
4.974188368183839692e+00 1.184999999999991616e+00 -2.598198875554933451e-01
5.078908123303498279e+00 1.184999999999990727e+00 -2.347327238626277790e-01
5.183627878423158641e+00 1.184999999999990061e+00 -2.555926512637993753e-01
5.288347633542818116e+00 1.184999999999995612e+00 -2.587887121066954066e-01
5.393067388662477590e+00 1.184999999999991616e+00 -2.306599948732070970e-01
5.497787143782137953e+00 1.185000000000000497e+00 -2.450218340788872240e-01
5.602506898901797427e+00 1.184999999999999165e+00 -2.468326593251930490e-01
5.707226654021456902e+00 1.184999999999997389e+00 -2.321561743466382666e-01
5.811946409141117265e+00 1.184999999999995834e+00 -2.329625580521854644e-01
5.916666164260776739e+00 1.184999999999991838e+00 -1.857792232951043232e-01
6.021385919380437102e+00 1.184999999999999831e+00 -2.088721969854123728e-01
6.126105674500096576e+00 1.184999999999995612e+00 -1.927075098084909399e-01
6.230825429619756051e+00 1.184999999999990061e+00 -2.304246498750170957e-01
6.335545184739416413e+00 1.184999999999994280e+00 -2.067020712075251510e-01
6.440264939859075888e+00 1.184999999999997167e+00 -2.135698556331755427e-01
6.544984694978735362e+00 1.184999999999990727e+00 -2.017036715686657544e-01
6.649704450098395725e+00 1.185000000000003162e+00 -1.833643737177075295e-01
6.754424205218055199e+00 1.185000000000002496e+00 -1.992442482946632509e-01
6.859143960337715562e+00 1.184999999999991172e+00 -1.702176308677865180e-01
6.963863715457375037e+00 1.185000000000005382e+00 -1.934706574744575747e-01
7.068583470577034511e+00 1.184999999999991172e+00 -1.616491965799973229e-01
7.173303225696694874e+00 1.184999999999998721e+00 -1.906383180270285749e-01
7.278022980816354348e+00 1.185000000000001608e+00 -1.840544126621894705e-01
7.382742735936013823e+00 1.185000000000008269e+00 -1.819580661756718953e-01
7.487462491055674185e+00 1.184999999999989395e+00 -1.772763452780266036e-01
7.592182246175332772e+00 1.184999999999989395e+00 -1.684313466402951320e-01
7.696902001294993134e+00 1.185000000000003828e+00 -1.789235876203933984e-01
7.801621756414652609e+00 1.185000000000003384e+00 -1.715061531506041348e-01
7.906341511534312083e+00 1.184999999999994058e+00 -1.681600296775300762e-01
8.011061266653973334e+00 1.184999999999998277e+00 -1.263988223754957119e-01
8.115781021773631920e+00 1.185000000000001830e+00 -1.663936532475744912e-01
8.220500776893292283e+00 1.184999999999997611e+00 -1.331714360574878242e-01
8.325220532012952646e+00 1.185000000000002052e+00 -1.305050502533688928e-01
8.429940287132611232e+00 1.185000000000029363e+00 -1.058479732545176688e-01
8.534660042252271595e+00 1.184999999999986509e+00 -1.168728609219353842e-01
8.639379797371930181e+00 1.184999999999963860e+00 -1.200497641275504179e-01
8.744099552491592320e+00 1.184999999999944098e+00 -1.078845213905399447e-01
8.848819307611250906e+00 1.185000000000015596e+00 -1.496445170367266542e-01
8.953539062730909492e+00 1.184999999999967191e+00 -1.088496138693422211e-01
9.058258817850569855e+00 1.184999999999967857e+00 -1.068135986739022769e-01
9.162978572970228441e+00 1.184999999999988729e+00 -1.136932783110093936e-01
9.267698328089890580e+00 1.184999999999984510e+00 -1.044398535727388833e-01
9.372418083209549167e+00 1.185000000000005382e+00 -1.137355291203476781e-01
9.477137838329209529e+00 1.184999999999990283e+00 -1.084701195208488400e-01
9.581857593448868116e+00 1.184999999999995390e+00 -1.201722917278260638e-01
9.686577348568528478e+00 1.184999999999998721e+00 -1.138906857189159183e-01
9.791297103688188841e+00 1.185000000000003162e+00 -6.823728831974129605e-02
9.896016858807849204e+00 1.185000000000033804e+00 -1.020616371435192349e-01
1.000073661392750779e+01 1.185000000000039355e+00 -7.535748032541356167e-02
1.010545636904716815e+01 1.184999999999972298e+00 -6.594029909766696562e-02
1.021017612416682674e+01 1.184999999999979403e+00 -7.536822564138390135e-02
1.031489587928648710e+01 1.184999999999996945e+00 -7.294862367047016960e-02
1.041961563440614746e+01 1.184999999999992948e+00 -7.800661567610767122e-02
1.052433538952580783e+01 1.185000000000012710e+00 -7.554727618402168332e-02
1.062905514464546641e+01 1.185000000000013598e+00 -8.416852615355807643e-02
1.073377489976512678e+01 1.185000000000045128e+00 -8.346138815910109088e-02
1.083849465488478536e+01 1.185000000000021592e+00 -7.443246098234013175e-02
1.094321441000444750e+01 1.185000000000013598e+00 -7.730602554500443091e-02
1.104793416512410609e+01 1.185000000000029585e+00 -7.449370971571767086e-02
1.115265392024376645e+01 1.185000000000038023e+00 -1.110291536181371441e-01
1.125737367536342504e+01 1.185000000000016707e+00 -5.913786623714045732e-02
1.136209343048308362e+01 1.185000000000031140e+00 -7.479360015087976876e-02
1.146681318560274576e+01 1.185000000000026921e+00 -6.327400631589341629e-02
1.157153294072240435e+01 1.185000000000022258e+00 -4.027230304518703008e-02
1.167625269584206471e+01 1.185000000000035580e+00 -7.601687307411530981e-02
1.178097245096172330e+01 1.185000000000031140e+00 -5.716005053841932693e-02
1.188569220608138366e+01 1.185000000000030695e+00 -6.943420686406476250e-02
1.199041196120104225e+01 1.185000000000038023e+00 -7.567076185557297663e-02
1.209513171632070438e+01 1.185000000000010267e+00 -4.675539754256874403e-02
1.219985147144036297e+01 1.185000000000002052e+00 -5.013146335200246995e-02
1.230457122656002333e+01 1.184999999999998721e+00 -6.227118538570586281e-02
1.240929098167968192e+01 1.185000000000020259e+00 -4.985750067058170032e-02
1.251401073679934228e+01 1.184999999999963194e+00 -5.323628551086656557e-02
1.261873049191900265e+01 1.184999999999948983e+00 -3.303118147907646573e-02
1.272345024703866301e+01 1.185000000000001164e+00 -6.419637000714573105e-02
1.282817000215832159e+01 1.185000000000031140e+00 -2.603950392515486101e-02
1.293288975727798196e+01 1.185000000000039577e+00 -3.056367643684332336e-02
1.303760951239764054e+01 1.185000000000000053e+00 -3.686976299403887936e-02
1.314232926751730268e+01 1.185000000000032028e+00 -1.259334473711781754e-02
1.324704902263696127e+01 1.185000000000050013e+00 3.182133556707711364e-03
1.335176877775662163e+01 1.185000000000025366e+00 -2.281452307453335493e-02
1.345648853287628022e+01 1.185000000000028031e+00 2.924375418833058404e-02
1.356120828799594058e+01 1.185000000000020259e+00 3.721346275485259980e-03
1.366592804311559917e+01 1.185000000000002940e+00 -1.334243284000891094e-03
1.377064779823526131e+01 1.185000000000003162e+00 4.780735507098121673e-02
1.387536755335491989e+01 1.185000000000038689e+00 -3.821738843928201845e-02
1.398008730847457848e+01 1.185000000000018927e+00 -1.189005191588066168e-02
1.408480706359423884e+01 1.185000000000029363e+00 -2.176174576114853210e-02
1.418952681871389743e+01 1.185000000000021814e+00 1.288052445978671301e-02
1.429424657383355957e+01 1.185000000000023146e+00 -2.357871427665081399e-02
1.439896632895321815e+01 1.185000000000044018e+00 9.193050159451487957e-03
1.450368608407287851e+01 1.185000000000019149e+00 -3.354446689598944431e-03
1.460840583919253710e+01 1.185000000000027365e+00 -1.485459308674030865e-02
1.471312559431219746e+01 1.185000000000033360e+00 2.861864159975091582e-02
1.481784534943185783e+01 1.185000000000017151e+00 3.094986161548263226e-02
1.492256510455151819e+01 1.185000000000033138e+00 2.495107615134450896e-02
1.502728485967117678e+01 1.185000000000038911e+00 2.058285710653251499e-02
1.513200461479083714e+01 1.185000000000037135e+00 2.369149925125668688e-02
1.523672436991049572e+01 1.185000000000030029e+00 1.938900992015746283e-02
1.534144412503015609e+01 1.185000000000007381e+00 1.345408440306350428e-02
1.544616388014981645e+01 1.185000000000035358e+00 1.586810106040381640e-02
1.555088363526947681e+01 1.185000000000032694e+00 5.828924489313180857e-02
1.565560339038913540e+01 1.185000000000021370e+00 4.709042171367450180e-02
1.576032314550879576e+01 1.185000000000042020e+00 3.498324345757097831e-02
1.586504290062845435e+01 1.185000000000026033e+00 6.631300525906702603e-02
1.596976265574811649e+01 1.185000000000019149e+00 3.153052962990443575e-02
1.607448241086777685e+01 1.185000000000024034e+00 6.442120190166988891e-02
1.617920216598743366e+01 1.185000000000012488e+00 5.507214846820929210e-02
1.628392192110709402e+01 1.185000000000040687e+00 7.961203323551302447e-02
1.638864167622675438e+01 1.184999999999998277e+00 -9.337317183586435476e-04
1.649336143134641475e+01 1.185000000000006493e+00 4.534067807121289206e-02
1.659808118646607511e+01 1.185000000000019149e+00 4.070640941730729878e-02
1.670280094158573192e+01 1.185000000000034692e+00 1.729753275680678826e-02
1.680752069670539228e+01 1.185000000000015818e+00 6.519820280398036516e-02
1.691224045182505265e+01 1.185000000000043574e+00 4.161502150900275865e-02
1.701696020694471301e+01 1.185000000000020037e+00 5.601682105654859356e-02
1.712167996206437337e+01 1.184999999999999831e+00 7.783473593152478998e-02
1.722639971718403373e+01 1.185000000000026477e+00 7.219138060184349115e-02
1.733111947230369054e+01 1.185000000000019371e+00 6.827587828365011546e-02
1.743583922742335091e+01 1.184999999999989617e+00 1.017155449996813843e-01
1.754055898254301127e+01 1.184999999999956088e+00 7.450796455881558700e-02
1.764527873766267163e+01 1.184999999999954534e+00 9.213601978429153405e-02
1.774999849278232844e+01 1.185000000000003384e+00 8.918860120431304495e-02
1.785471824790198880e+01 1.184999999999968523e+00 9.979524861447330863e-02
1.795943800302165272e+01 1.184999999999976295e+00 8.943603823764334493e-02
1.806415775814131308e+01 1.184999999999987619e+00 8.665644185841259173e-02
1.816887751326096989e+01 1.185000000000015152e+00 1.108667188186274188e-01
1.827359726838063025e+01 1.185000000000006271e+00 1.056384209361667104e-01
1.837831702350029062e+01 1.185000000000010489e+00 9.548911818508543092e-02
1.848303677861995098e+01 1.185000000000008047e+00 1.109590017823656183e-01
1.858775653373960779e+01 1.185000000000001830e+00 8.173907835821125900e-02
1.869247628885926815e+01 1.185000000000000941e+00 1.005783481566773219e-01
1.879719604397892851e+01 1.184999999999996056e+00 1.099133127972002910e-01
