5.235987755982988295e-02 1.279999999999936078e+00 -1.398537564509696907e+01
1.570796326794896558e-01 1.279999999999996030e+00 -4.782422718967151098e+00
2.617993877991494078e-01 1.280000000000000915e+00 -3.006684607686107569e+00
3.665191429188092154e-01 1.280000000000001137e+00 -2.285979276535719418e+00
4.712388980384689674e-01 1.280000000000000027e+00 -1.912725969078031163e+00
5.759586531581286639e-01 1.279999999999999361e+00 -1.693022607903780896e+00
6.806784082777885825e-01 1.279999999999998694e+00 -1.548665828775765752e+00
7.853981633974481680e-01 1.279999999999998694e+00 -1.437838808333616880e+00
8.901179185171080865e-01 1.279999999999998472e+00 -1.336737221985193402e+00
9.948376736367677831e-01 1.279999999999998250e+00 -1.236308392028697911e+00
1.099557428756427591e+00 1.279999999999998694e+00 -1.138226064258969883e+00
1.204277183876087287e+00 1.279999999999999138e+00 -1.048575017711120827e+00
1.308996938995747206e+00 1.279999999999999583e+00 -9.725926911448490308e-01
1.413716694115406902e+00 1.279999999999999805e+00 -9.126032738272449318e-01
1.518436449235066821e+00 1.279999999999999805e+00 -8.678014952094486034e-01
1.623156204354726295e+00 1.279999999999999138e+00 -8.343777008039108267e-01
1.727875959474386214e+00 1.279999999999998250e+00 -8.068390517340260359e-01
1.832595714594045910e+00 1.279999999999997806e+00 -7.801638598709645933e-01
1.937315469713705829e+00 1.279999999999998028e+00 -7.513837041968294272e-01
2.042035224833365525e+00 1.279999999999998472e+00 -7.194893427200250713e-01
2.146754979953025000e+00 1.279999999999999138e+00 -6.847721930495276332e-01
2.251474735072684918e+00 1.279999999999999138e+00 -6.491859262443107070e-01
2.356194490192344837e+00 1.280000000000000027e+00 -6.160108383815163791e-01
2.460914245312004756e+00 1.279999999999998694e+00 -5.876857586890684715e-01
2.565634000431664230e+00 1.279999999999998694e+00 -5.646659489310463798e-01
2.670353755551324149e+00 1.279999999999997806e+00 -5.466701600843748565e-01
2.775073510670984067e+00 1.279999999999997584e+00 -5.335043757352364580e-01
2.879793265790643986e+00 1.279999999999996474e+00 -5.240516448579719544e-01
2.984513020910303460e+00 1.279999999999997362e+00 -5.157468452313951346e-01
3.089232776029963379e+00 1.279999999999997806e+00 -5.058003102030759202e-01
3.193952531149622853e+00 1.279999999999998694e+00 -4.928159023214062628e-01
3.298672286269282772e+00 1.279999999999999361e+00 -4.766626083612517384e-01
3.403392041388942246e+00 1.279999999999999138e+00 -4.576259700159650556e-01
3.508111796508602165e+00 1.279999999999999583e+00 -4.367122604676891839e-01
3.612831551628262083e+00 1.279999999999997584e+00 -4.162567143287834170e-01
3.717551306747922002e+00 1.279999999999996030e+00 -3.989680846105718715e-01
3.822271061867581476e+00 1.279999999999997362e+00 -3.861926985877532914e-01
3.926990816987241395e+00 1.279999999999996252e+00 -3.780698483615472227e-01
4.031710572106900869e+00 1.279999999999996474e+00 -3.748362259884352454e-01
4.136430327226561232e+00 1.279999999999994698e+00 -3.763863911069496027e-01
4.241150082346220707e+00 1.279999999999994920e+00 -3.802554416989512021e-01
4.345869837465881069e+00 1.279999999999997806e+00 -3.812352431542098685e-01
4.450589592585540544e+00 1.279999999999996696e+00 -3.749829113409406389e-01
4.555309347705200018e+00 1.279999999999995364e+00 -3.617759770571042921e-01
4.660029102824860381e+00 1.279999999999996696e+00 -3.452969636970877332e-01
4.764748857944519855e+00 1.279999999999994031e+00 -3.290072271156487815e-01
4.869468613064179330e+00 1.279999999999993809e+00 -3.145285061377700586e-01
4.974188368183839692e+00 1.279999999999993809e+00 -3.029285519343067890e-01
5.078908123303498279e+00 1.279999999999993587e+00 -2.953992395251896497e-01
5.183627878423158641e+00 1.279999999999994476e+00 -2.916111942471788510e-01
5.288347633542818116e+00 1.279999999999992477e+00 -2.892024345162260701e-01
5.393067388662477590e+00 1.279999999999994476e+00 -2.856347935565510809e-01
5.497787143782137953e+00 1.279999999999994476e+00 -2.801291537056043168e-01
5.602506898901797427e+00 1.279999999999993143e+00 -2.734250187336701998e-01
5.707226654021456902e+00 1.279999999999992477e+00 -2.663939066144322965e-01
5.811946409141117265e+00 1.279999999999993809e+00 -2.598043283375268686e-01
5.916666164260776739e+00 1.279999999999994476e+00 -2.544688004267348092e-01
6.021385919380437102e+00 1.279999999999990035e+00 -2.507556104229866634e-01
6.126105674500096576e+00 1.279999999999990035e+00 -2.480854325388595072e-01
6.230825429619756051e+00 1.279999999999985150e+00 -2.454592993037278958e-01
6.335545184739416413e+00 1.279999999999994920e+00 -2.427644457815052448e-01
6.440264939859075888e+00 1.279999999999991145e+00 -2.410318882094140136e-01
6.544984694978735362e+00 1.279999999999990035e+00 -2.412298657001059610e-01
6.649704450098395725e+00 1.279999999999991589e+00 -2.429714350349536645e-01
6.754424205218055199e+00 1.279999999999994031e+00 -2.443642017438936165e-01
6.859143960337715562e+00 1.279999999999993365e+00 -2.426941679401499741e-01
6.963863715457375037e+00 1.279999999999993365e+00 -2.357055937836980419e-01
7.068583470577034511e+00 1.279999999999994253e+00 -2.229658250514328088e-01
7.173303225696694874e+00 1.279999999999992255e+00 -2.062806796105469687e-01
7.278022980816354348e+00 1.279999999999992477e+00 -1.887978099969060963e-01
7.382742735936013823e+00 1.279999999999992255e+00 -1.739444564037961882e-01
7.487462491055674185e+00 1.279999999999988258e+00 -1.649232840994967475e-01
7.592182246175332772e+00 1.279999999999980487e+00 -1.641889227317712141e-01
7.696902001294993134e+00 1.279999999999990479e+00 -1.724375870033671987e-01
7.801621756414652609e+00 1.279999999999984484e+00 -1.873281989503299272e-01
7.906341511534312083e+00 1.279999999999988480e+00 -2.032969115171114893e-01
8.011061266653973334e+00 1.279999999999993809e+00 -2.139680485606856308e-01
8.115781021773631920e+00 1.279999999999983817e+00 -2.154072409487390871e-01
8.220500776893292283e+00 1.279999999999989813e+00 -2.071576132467551901e-01
8.325220532012952646e+00 1.279999999999983373e+00 -1.908980240388871152e-01
8.429940287132611232e+00 1.279999999999982041e+00 -1.692400207398918610e-01
8.534660042252271595e+00 1.279999999999972715e+00 -1.458237917600300193e-01
8.639379797371930181e+00 1.279999999999972271e+00 -1.253307226805144836e-01
8.744099552491592320e+00 1.279999999999982929e+00 -1.124277519794123492e-01
8.848819307611250906e+00 1.279999999999979154e+00 -1.099399353341539154e-01
8.953539062730909492e+00 1.279999999999969607e+00 -1.175730505486800581e-01
9.058258817850569855e+00 1.279999999999970717e+00 -1.319881942179499390e-01
9.162978572970228441e+00 1.279999999999978266e+00 -1.476114130382004674e-01
9.267698328089890580e+00 1.279999999999981375e+00 -1.582878591028489268e-01
9.372418083209549167e+00 1.279999999999981819e+00 -1.600088212148254030e-01
9.477137838329209529e+00 1.279999999999983817e+00 -1.529239761371918860e-01
9.581857593448868116e+00 1.279999999999985594e+00 -1.408327100733437476e-01
9.686577348568528478e+00 1.279999999999989369e+00 -1.279316481657382099e-01
9.791297103688188841e+00 1.279999999999988258e+00 -1.161734040407012003e-01
9.896016858807849204e+00 1.279999999999999138e+00 -1.058600915929499564e-01
1.000073661392750779e+01 1.280000000000015126e+00 -9.749097014671725958e-02
1.010545636904716815e+01 1.280000000000000693e+00 -9.234735725063281109e-02
1.021017612416682674e+01 1.280000000000007354e+00 -9.081035391196579099e-02
1.031489587928648710e+01 1.280000000000015126e+00 -9.096551986915279997e-02
1.041961563440614746e+01 1.280000000000012461e+00 -8.968810047721120782e-02
1.052433538952580783e+01 1.280000000000030447e+00 -8.497511134365254293e-02
1.062905514464546641e+01 1.280000000000021343e+00 -7.801909755590763496e-02
1.073377489976512678e+01 1.280000000000033999e+00 -7.215716314037123880e-02
1.083849465488478536e+01 1.280000000000022009e+00 -6.960883209680090999e-02
1.094321441000444750e+01 1.280000000000037552e+00 -7.053554967281705501e-02
1.104793416512410609e+01 1.280000000000044214e+00 -7.391135959137429268e-02
1.115265392024376645e+01 1.280000000000044436e+00 -7.856492251522162462e-02
1.125737367536342504e+01 1.280000000000033999e+00 -8.317194739033695328e-02
1.136209343048308362e+01 1.280000000000039106e+00 -8.175138427108130657e-02
1.146681318560274576e+01 1.280000000000035998e+00 -7.875754461740847034e-02
1.157153294072240435e+01 1.280000000000031113e+00 -6.912943828080386766e-02
1.167625269584206471e+01 1.280000000000037108e+00 -5.506871738489316215e-02
1.178097245096172330e+01 1.280000000000039106e+00 -4.207626559251487208e-02
1.188569220608138366e+01 1.280000000000038218e+00 -3.536208924737849202e-02
1.199041196120104225e+01 1.280000000000033777e+00 -3.698419482911141642e-02
1.209513171632070438e+01 1.280000000000036442e+00 -4.564212817230206554e-02
1.219985147144036297e+01 1.280000000000028448e+00 -5.797856647208909919e-02
1.230457122656002333e+01 1.280000000000033555e+00 -6.949715387682431356e-02
1.240929098167968192e+01 1.280000000000015792e+00 -7.552010921153673451e-02
1.251401073679934228e+01 1.280000000000019567e+00 -7.345034263807193042e-02
1.261873049191900265e+01 1.280000000000007354e+00 -6.432622264635590170e-02
1.272345024703866301e+01 1.280000000000014904e+00 -5.200924471764878376e-02
1.282817000215832159e+01 1.280000000000035110e+00 -4.085249900568221904e-02
1.293288975727798196e+01 1.280000000000025562e+00 -3.387922980526525407e-02
1.303760951239764054e+01 1.280000000000026006e+00 -3.222128019550041245e-02
1.314232926751730268e+01 1.280000000000012017e+00 -3.492249614038556160e-02
1.324704902263696127e+01 1.280000000000025118e+00 -3.893374871542221172e-02
1.335176877775662163e+01 1.280000000000013349e+00 -4.003015201314319427e-02
1.345648853287628022e+01 1.280000000000018456e+00 -3.558233926245613077e-02
1.356120828799594058e+01 1.280000000000016014e+00 -2.721720127909854625e-02
1.366592804311559917e+01 1.280000000000020455e+00 -1.904009088530145277e-02
1.377064779823526131e+01 1.280000000000018900e+00 -1.330022735876035256e-02
1.387536755335491989e+01 1.280000000000003357e+00 -9.610168667402163578e-03
1.398008730847457848e+01 1.280000000000014682e+00 -7.479692609042132290e-03
1.408480706359423884e+01 1.280000000000015126e+00 -7.857277872808765551e-03
1.418952681871389743e+01 1.280000000000015792e+00 -1.167968911791916753e-02
1.429424657383355957e+01 1.280000000000008908e+00 -1.731967484743890395e-02
1.439896632895321815e+01 1.280000000000001581e+00 -2.084505731243524451e-02
1.450368608407287851e+01 1.280000000000014015e+00 -1.942483532937089308e-02
1.460840583919253710e+01 1.280000000000013349e+00 -1.349302659188289510e-02
1.471312559431219746e+01 1.280000000000000915e+00 -5.514578710771544934e-03
1.481784534943185783e+01 1.279999999999999361e+00 2.383800757490561750e-03
1.492256510455151819e+01 1.280000000000001359e+00 9.939517490241911446e-03
1.502728485967117678e+01 1.280000000000004912e+00 1.795257337414923882e-02
1.513200461479083714e+01 1.280000000000010241e+00 2.633986867094328943e-02
1.523672436991049572e+01 1.280000000000008020e+00 3.426173245762065278e-02
1.534144412503015609e+01 1.280000000000004912e+00 4.164642318919398178e-02
1.544616388014981645e+01 1.280000000000006244e+00 4.928832173060904154e-02
1.555088363526947681e+01 1.280000000000011795e+00 5.693326921189090228e-02
1.565560339038913540e+01 1.280000000000008908e+00 6.254014875964841735e-02
1.576032314550879576e+01 1.280000000000002025e+00 6.379132222329531032e-02
1.586504290062845435e+01 1.280000000000010907e+00 6.034031458685440441e-02
1.596976265574811649e+01 1.280000000000013349e+00 5.493015657982169841e-02
1.607448241086777685e+01 1.280000000000008908e+00 5.129889087318773022e-02
1.617920216598743366e+01 1.280000000000015348e+00 5.095313472842377678e-02
1.628392192110709402e+01 1.280000000000011351e+00 5.296519721211012666e-02
1.638864167622675438e+01 1.280000000000012461e+00 5.641335220700227637e-02
1.649336143134641475e+01 1.280000000000019567e+00 6.172679796712188249e-02
1.659808118646607511e+01 1.280000000000016458e+00 6.922693718460593004e-02
1.670280094158573192e+01 1.280000000000012905e+00 7.682108565351697393e-02
1.680752069670539228e+01 1.280000000000003579e+00 8.079586317409948037e-02
1.691224045182505265e+01 1.280000000000018234e+00 7.975531138084335225e-02
1.701696020694471301e+01 1.280000000000014682e+00 7.612877453390609617e-02
1.712167996206437337e+01 1.280000000000022453e+00 7.371578787603993987e-02
1.722639971718403373e+01 1.280000000000013349e+00 7.520183904112442974e-02
1.733111947230369054e+01 1.280000000000025562e+00 8.136265970512113199e-02
1.743583922742335091e+01 1.280000000000002691e+00 9.111256518082555544e-02
1.754055898254301127e+01 1.279999999999994920e+00 1.017463371931448535e-01
1.764527873766267163e+01 1.280000000000000471e+00 1.095015889686834498e-01
1.774999849278232844e+01 1.280000000000002247e+00 1.111502820748171416e-01
1.785471824790198880e+01 1.280000000000020455e+00 1.059244203838574094e-01
1.795943800302165272e+01 1.280000000000013349e+00 9.611412457062229464e-02
1.806415775814131308e+01 1.280000000000016236e+00 8.571345810103636609e-02
1.816887751326096989e+01 1.280000000000013349e+00 7.851100885352835235e-02
1.827359726838063025e+01 1.280000000000015792e+00 7.727936785871136749e-02
1.837831702350029062e+01 1.280000000000020677e+00 8.299854406037709964e-02
1.848303677861995098e+01 1.280000000000009130e+00 9.381530743635124736e-02
1.858775653373960779e+01 1.280000000000005356e+00 1.053444660325766336e-01
1.869247628885926815e+01 1.280000000000020011e+00 1.131246931918568066e-01
1.879719604397892851e+01 1.280000000000019345e+00 1.154874804374586006e-01
