5.235987755982988295e-02 6.500000000000002442e-01 -4.631702409149396349e-02
1.570796326794896558e-01 6.500000000000000222e-01 -9.714934891509796611e-02
2.617993877991494078e-01 6.500000000000001332e-01 -1.344481199556120110e-01
3.665191429188092154e-01 6.500000000000000222e-01 -1.678893421872859060e-01
4.712388980384689674e-01 6.499999999999999112e-01 -1.858095901261124228e-01
5.759586531581286639e-01 6.500000000000000222e-01 -1.945033960522026817e-01
6.806784082777885825e-01 6.499999999999999112e-01 -2.016623187754471580e-01
7.853981633974481680e-01 6.500000000000002442e-01 -2.056160944931151313e-01
8.901179185171080865e-01 6.500000000000000222e-01 -2.067956419090946074e-01
9.948376736367677831e-01 6.499999999999998002e-01 -2.039637309901005668e-01
1.099557428756427591e+00 6.500000000000001332e-01 -2.002986656881629024e-01
1.204277183876087287e+00 6.500000000000007994e-01 -1.991527483660551212e-01
1.308996938995747206e+00 6.499999999999991340e-01 -1.946393259875860426e-01
1.413716694115406902e+00 6.500000000000002442e-01 -1.843929357572442473e-01
1.518436449235066821e+00 6.500000000000000222e-01 -1.818136998750445876e-01
1.623156204354726295e+00 6.499999999999999112e-01 -1.748805553852563754e-01
1.727875959474386214e+00 6.499999999999995781e-01 -1.681718950371542398e-01
1.832595714594045910e+00 6.500000000000000222e-01 -1.606923141897560470e-01
1.937315469713705829e+00 6.500000000000003553e-01 -1.590172889402103884e-01
2.042035224833365525e+00 6.500000000000003553e-01 -1.543145226638271694e-01
2.146754979953025000e+00 6.500000000000010214e-01 -1.502880836194471215e-01
2.251474735072684918e+00 6.500000000000006883e-01 -1.477118169183837537e-01
2.356194490192344837e+00 6.500000000000001332e-01 -1.434961368331237885e-01
2.460914245312004756e+00 6.500000000000036859e-01 -1.413722855345609375e-01
2.565634000431664230e+00 6.499999999999990230e-01 -1.389095839555762879e-01
2.670353755551324149e+00 6.500000000000001332e-01 -1.341522496665463748e-01
2.775073510670984067e+00 6.500000000000005773e-01 -1.321140074821536281e-01
2.879793265790643986e+00 6.499999999999989120e-01 -1.288955638709454732e-01
2.984513020910303460e+00 6.500000000000007994e-01 -1.249855628600848867e-01
3.089232776029963379e+00 6.500000000000004663e-01 -1.190722472265743903e-01
3.193952531149622853e+00 6.499999999999995781e-01 -1.189977983465135836e-01
3.298672286269282772e+00 6.500000000000021316e-01 -1.142813569893936787e-01
3.403392041388942246e+00 6.499999999999998002e-01 -1.091903322539322652e-01
3.508111796508602165e+00 6.500000000000007994e-01 -1.064592490402631597e-01
3.612831551628262083e+00 6.499999999999989120e-01 -1.081710245625684408e-01
3.717551306747922002e+00 6.500000000000006883e-01 -1.048153391459716310e-01
3.822271061867581476e+00 6.500000000000034639e-01 -1.023282902539683903e-01
3.926990816987241395e+00 6.500000000000019096e-01 -1.011034641697605707e-01
4.031710572106900869e+00 6.499999999999973577e-01 -1.008566298083719559e-01
4.136430327226561232e+00 6.499999999999930278e-01 -9.647395631226718393e-02
4.241150082346220707e+00 6.499999999999963585e-01 -9.268411980135482509e-02
4.345869837465881069e+00 6.499999999999960254e-01 -8.854478731269033176e-02
4.450589592585540544e+00 6.499999999999979128e-01 -8.510798589577550644e-02
4.555309347705200018e+00 6.499999999999992450e-01 -8.715858678865373577e-02
4.660029102824860381e+00 6.500000000000017986e-01 -8.337542847266554702e-02
4.764748857944519855e+00 6.500000000000014655e-01 -8.063165094003554856e-02
4.869468613064179330e+00 6.499999999999918066e-01 -8.162769853984208623e-02
4.974188368183839692e+00 6.499999999999916955e-01 -7.646933114457343805e-02
5.078908123303498279e+00 6.499999999999943601e-01 -7.405889674138776968e-02
5.183627878423158641e+00 6.499999999999955813e-01 -7.612382473526313476e-02
5.288347633542818116e+00 6.499999999999944711e-01 -7.349672357147252200e-02
5.393067388662477590e+00 6.500000000000001332e-01 -7.642237940203422397e-02
5.497787143782137953e+00 6.499999999999988010e-01 -7.240736023121030485e-02
5.602506898901797427e+00 6.500000000000016875e-01 -7.216768291673503199e-02
5.707226654021456902e+00 6.499999999999949152e-01 -7.284073827751225139e-02
5.811946409141117265e+00 6.499999999999973577e-01 -6.518467760522383969e-02
5.916666164260776739e+00 6.499999999999974687e-01 -6.776442966917084476e-02
6.021385919380437102e+00 6.499999999999998002e-01 -6.841246223338171006e-02
6.126105674500096576e+00 6.499999999999993561e-01 -6.027512367615717181e-02
6.230825429619756051e+00 6.499999999999954703e-01 -6.320425740084001376e-02
6.335545184739416413e+00 6.499999999999943601e-01 -5.866490156369419395e-02
6.440264939859075888e+00 6.499999999999956923e-01 -6.373156031476590044e-02
6.544984694978735362e+00 6.499999999999983569e-01 -6.201234125315391310e-02
6.649704450098395725e+00 6.500000000000042411e-01 -6.023832470435763753e-02
6.754424205218055199e+00 6.499999999999978018e-01 -6.241110990997977837e-02
6.859143960337715562e+00 6.500000000000006883e-01 -5.276657135611539928e-02
6.963863715457375037e+00 6.500000000000082379e-01 -5.036558491316345254e-02
7.068583470577034511e+00 6.499999999999984679e-01 -4.757472372914328673e-02
7.173303225696694874e+00 6.500000000000021316e-01 -4.855821977189123118e-02
7.278022980816354348e+00 6.500000000000104583e-01 -4.916249784574056036e-02
7.382742735936013823e+00 6.500000000000064615e-01 -4.265020719825596274e-02
7.487462491055674185e+00 6.499999999999672706e-01 -4.771812486814042131e-02
7.592182246175332772e+00 6.500000000000141220e-01 -4.837103926498720341e-02
7.696902001294993134e+00 6.500000000000019096e-01 -4.413749874657391103e-02
7.801621756414652609e+00 6.499999999999986899e-01 -4.114235279938149858e-02
7.906341511534312083e+00 6.499999999999860334e-01 -3.506194131407802672e-02
8.011061266653973334e+00 6.499999999999999112e-01 -3.538843736675545415e-02
8.115781021773631920e+00 6.499999999999994671e-01 -3.728710530389989231e-02
8.220500776893292283e+00 6.499999999999951372e-01 -3.644363342178102982e-02
8.325220532012952646e+00 6.500000000000124567e-01 -3.723494202379207252e-02
8.429940287132611232e+00 6.500000000000115685e-01 -3.666293288399380401e-02
8.534660042252271595e+00 6.499999999999893641e-01 -3.838032537612612316e-02
8.639379797371930181e+00 6.499999999999577227e-01 -3.806215645877841780e-02
8.744099552491592320e+00 6.499999999999799272e-01 -3.834077105738664670e-02
8.848819307611250906e+00 6.499999999999804823e-01 -3.035986630784215379e-02
8.953539062730909492e+00 6.499999999999614975e-01 -2.752042477398752851e-02
9.058258817850569855e+00 6.499999999999526157e-01 -2.663055232751609935e-02
9.162978572970228441e+00 6.499999999999761524e-01 -2.874929415121485476e-02
9.267698328089890580e+00 6.499999999999863665e-01 -4.010393290720415393e-02
9.372418083209549167e+00 6.499999999999919176e-01 -3.681920662326909621e-02
9.477137838329209529e+00 6.499999999999741540e-01 -2.963113420633511907e-02
9.581857593448868116e+00 6.499999999999909184e-01 -3.306590028152989191e-02
9.686577348568528478e+00 6.499999999999818145e-01 -3.045314693710921006e-02
9.791297103688188841e+00 6.499999999999892530e-01 -3.033113462905667745e-02
9.896016858807849204e+00 6.500000000000021316e-01 -3.030518298854012471e-02
1.000073661392750779e+01 6.500000000000503153e-01 -2.041741953627607131e-02
1.010545636904716815e+01 6.499999999999688249e-01 -1.960192470294686018e-02
1.021017612416682674e+01 6.499999999999752642e-01 -2.124034766923621476e-02
1.031489587928648710e+01 6.500000000000156763e-01 -2.056319117987825962e-02
1.041961563440614746e+01 6.500000000000071276e-01 -2.522121091556961403e-02
1.052433538952580783e+01 6.500000000000116795e-01 -2.510017128905239758e-02
1.062905514464546641e+01 6.500000000000053513e-01 -2.519836048258206063e-02
1.073377489976512678e+01 6.500000000000213385e-01 -1.664628214656715954e-02
1.083849465488478536e+01 6.500000000000117906e-01 -1.294082043301969520e-02
1.094321441000444750e+01 6.500000000000230038e-01 -1.113602825524750983e-02
1.104793416512410609e+01 6.500000000000191180e-01 -1.304735366817055819e-02
1.115265392024376645e+01 6.500000000000165645e-01 -8.833433493272480064e-03
1.125737367536342504e+01 6.500000000000097922e-01 -1.393943511278905589e-02
1.136209343048308362e+01 6.500000000000406564e-01 -9.350936805290643861e-03
1.146681318560274576e+01 6.500000000000197842e-01 -1.250075022712415773e-02
1.157153294072240435e+01 6.500000000000244471e-01 -1.522020343589147728e-02
1.167625269584206471e+01 6.500000000000236700e-01 -1.161980310412680240e-02
1.178097245096172330e+01 6.500000000000137890e-01 -8.478719490575770124e-03
1.188569220608138366e+01 6.500000000000185629e-01 -2.282763872949900019e-03
1.199041196120104225e+01 6.500000000000168976e-01 3.668207672710366296e-03
1.209513171632070438e+01 6.500000000000365485e-01 4.236826326684095534e-03
1.219985147144036297e+01 6.499999999999948042e-01 1.788715432171628095e-03
1.230457122656002333e+01 6.499999999999955813e-01 1.957790167399053871e-03
1.240929098167968192e+01 6.500000000000053513e-01 5.348728377292388814e-04
1.251401073679934228e+01 6.500000000000007994e-01 1.640150375648019576e-03
1.261873049191900265e+01 6.499999999999347411e-01 6.597609318676589396e-03
1.272345024703866301e+01 6.499999999999935829e-01 7.445359838600396074e-03
1.282817000215832159e+01 6.500000000000203393e-01 9.081740955892314560e-03
1.293288975727798196e+01 6.500000000000083489e-01 3.939588652016823289e-03
1.303760951239764054e+01 6.500000000000140110e-01 7.609613190249220338e-03
1.314232926751730268e+01 6.500000000000273337e-01 8.335747742206578437e-03
1.324704902263696127e+01 6.500000000000322187e-01 9.082551629765234225e-03
1.335176877775662163e+01 6.500000000000252243e-01 8.788682069164721611e-03
1.345648853287628022e+01 6.500000000000452083e-01 1.158073116618751897e-02
1.356120828799594058e+01 6.500000000000247802e-01 1.289983992881360564e-02
1.366592804311559917e+01 6.500000000000251132e-01 1.113531933169120691e-02
1.377064779823526131e+01 6.499999999999985789e-01 1.216121654605117897e-02
1.387536755335491989e+01 6.499999999999998002e-01 1.680085595229385831e-02
1.398008730847457848e+01 6.500000000000200062e-01 7.591958022223010971e-03
1.408480706359423884e+01 6.500000000000194511e-01 1.335950236415328618e-02
1.418952681871389743e+01 6.499999999999944711e-01 2.253568350566403922e-02
1.429424657383355957e+01 6.499999999999922506e-01 1.710452192553368889e-02
1.439896632895321815e+01 6.500000000000217826e-01 1.553837329137941481e-02
1.450368608407287851e+01 6.500000000000043521e-01 2.457451558739620623e-02
1.460840583919253710e+01 6.500000000000083489e-01 2.159400136947375870e-02
1.471312559431219746e+01 6.500000000000148992e-01 1.936258558776593475e-02
1.481784534943185783e+01 6.500000000000034639e-01 2.508522508000510243e-02
1.492256510455151819e+01 6.499999999999976907e-01 2.265423950588285606e-02
1.502728485967117678e+01 6.500000000000027978e-01 2.100397386915986431e-02
1.513200461479083714e+01 6.500000000000115685e-01 2.321946270534347434e-02
1.523672436991049572e+01 6.500000000000141220e-01 2.159096089511791661e-02
1.534144412503015609e+01 6.500000000000139000e-01 1.922625148800527484e-02
1.544616388014981645e+01 6.500000000000309974e-01 2.490576816968292917e-02
1.555088363526947681e+01 6.500000000000163425e-01 2.276889652229741046e-02
1.565560339038913540e+01 6.500000000000174527e-01 1.993564161697669590e-02
1.576032314550879576e+01 6.500000000000291100e-01 2.877758126414242668e-02
1.586504290062845435e+01 6.500000000000020206e-01 2.733984329502092692e-02
1.596976265574811649e+01 6.500000000000100142e-01 2.223289845802511877e-02
1.607448241086777685e+01 6.500000000000257794e-01 3.110133226337907786e-02
1.617920216598743366e+01 6.500000000000366596e-01 3.665968320459001006e-02
1.628392192110709402e+01 6.500000000000002442e-01 2.807877316566731452e-02
1.638864167622675438e+01 6.500000000000002442e-01 3.257114632562263523e-02
1.649336143134641475e+01 6.500000000000186740e-01 3.367033205588043643e-02
1.659808118646607511e+01 6.500000000000178968e-01 3.218195225590392283e-02
1.670280094158573192e+01 6.500000000000563105e-01 3.357334929426158965e-02
1.680752069670539228e+01 6.500000000000217826e-01 3.630480126076918168e-02
1.691224045182505265e+01 6.500000000000376588e-01 3.621514798016534087e-02
1.701696020694471301e+01 6.500000000000180078e-01 3.709013320716536555e-02
1.712167996206437337e+01 6.500000000000162315e-01 3.794923109419201523e-02
1.722639971718403373e+01 6.500000000000151212e-01 4.144794755336533854e-02
1.733111947230369054e+01 6.500000000000184519e-01 3.707491524643202752e-02
1.743583922742335091e+01 6.499999999999827027e-01 3.877830848331242919e-02
1.754055898254301127e+01 6.499999999999342970e-01 3.978489481646008130e-02
1.764527873766267163e+01 6.499999999999911404e-01 4.438971615276443572e-02
1.774999849278232844e+01 6.499999999999918066e-01 4.561547741937133083e-02
1.785471824790198880e+01 6.499999999999920286e-01 4.464317886680291281e-02
1.795943800302165272e+01 6.499999999999883649e-01 4.506362054855728161e-02
1.806415775814131308e+01 6.500000000000119016e-01 4.327347323244978838e-02
1.816887751326096989e+01 6.500000000000045741e-01 4.408280755340499013e-02
1.827359726838063025e+01 6.499999999999971356e-01 4.944031016360028730e-02
1.837831702350029062e+01 6.500000000000003553e-01 5.495705668860395576e-02
1.848303677861995098e+01 6.500000000000064615e-01 5.787463057400188404e-02
1.858775653373960779e+01 6.499999999999988010e-01 6.114169686087578270e-02
1.869247628885926815e+01 6.499999999999966915e-01 5.920704357854944533e-02
1.879719604397892851e+01 6.500000000000253353e-01 5.695810202371376363e-02
