5.235987755982988295e-02 1.294999999999822959e+00 -1.456920552951471670e+01
1.570796326794896558e-01 1.294999999999990381e+00 -4.978817721601927815e+00
2.617993877991494078e-01 1.295000000000005702e+00 -3.132082139871049442e+00
3.665191429188092154e-01 1.295000000000007923e+00 -2.388541153473692891e+00
4.712388980384689674e-01 1.295000000000008367e+00 -2.006554094590875081e+00
5.759586531581286639e-01 1.295000000000005924e+00 -1.778259219499324750e+00
6.806784082777885825e-01 1.295000000000004148e+00 -1.618450934351566506e+00
7.853981633974481680e-01 1.295000000000001261e+00 -1.485562070747155072e+00
8.901179185171080865e-01 1.294999999999999263e+00 -1.362153667676377022e+00
9.948376736367677831e-01 1.294999999999998597e+00 -1.246523732882810043e+00
1.099557428756427591e+00 1.294999999999998819e+00 -1.144093956043431337e+00
1.204277183876087287e+00 1.294999999999999929e+00 -1.060096842610328993e+00
1.308996938995747206e+00 1.295000000000001261e+00 -9.956533129252582714e-01
1.413716694115406902e+00 1.295000000000002593e+00 -9.474562630016858389e-01
1.518436449235066821e+00 1.295000000000003482e+00 -9.094195064929744277e-01
1.623156204354726295e+00 1.295000000000002816e+00 -8.748913592392570937e-01
1.727875959474386214e+00 1.295000000000001705e+00 -8.389705763086325874e-01
1.832595714594045910e+00 1.295000000000000373e+00 -8.000009213502583538e-01
1.937315469713705829e+00 1.294999999999999707e+00 -7.596804439119044794e-01
2.042035224833365525e+00 1.294999999999999041e+00 -7.214560438258823538e-01
2.146754979953025000e+00 1.294999999999999485e+00 -6.881706654149244429e-01
2.251474735072684918e+00 1.294999999999998819e+00 -6.605747405253858950e-01
2.356194490192344837e+00 1.294999999999999263e+00 -6.371562117392128854e-01
2.460914245312004756e+00 1.295000000000000151e+00 -6.150725414830677806e-01
2.565634000431664230e+00 1.295000000000001261e+00 -5.920975249190711942e-01
2.670353755551324149e+00 1.295000000000002149e+00 -5.684573872734977051e-01
2.775073510670984067e+00 1.295000000000001261e+00 -5.466114176215031151e-01
2.879793265790643986e+00 1.295000000000001261e+00 -5.291890849980993572e-01
2.984513020910303460e+00 1.295000000000001039e+00 -5.170583753224513579e-01
3.089232776029963379e+00 1.295000000000001483e+00 -5.086422842610458517e-01
3.193952531149622853e+00 1.295000000000002149e+00 -5.003835923034309907e-01
3.298672286269282772e+00 1.295000000000001261e+00 -4.879478626948654529e-01
3.403392041388942246e+00 1.294999999999998597e+00 -4.683242565488323628e-01
3.508111796508602165e+00 1.294999999999999263e+00 -4.421726093145093017e-01
3.612831551628262083e+00 1.294999999999999707e+00 -4.143098747933500192e-01
3.717551306747922002e+00 1.295000000000001039e+00 -3.911868278734789151e-01
3.822271061867581476e+00 1.294999999999999041e+00 -3.773871122360534791e-01
3.926990816987241395e+00 1.294999999999998375e+00 -3.741797937612783009e-01
4.031710572106900869e+00 1.294999999999999929e+00 -3.798682981995815666e-01
4.136430327226561232e+00 1.295000000000000373e+00 -3.899216027435308263e-01
4.241150082346220707e+00 1.295000000000000595e+00 -3.971900578249449865e-01
4.345869837465881069e+00 1.295000000000001261e+00 -3.943156849249840334e-01
4.450589592585540544e+00 1.294999999999997486e+00 -3.783928445382001016e-01
4.555309347705200018e+00 1.294999999999998153e+00 -3.534175477185925729e-01
4.660029102824860381e+00 1.294999999999998597e+00 -3.276072793246562753e-01
4.764748857944519855e+00 1.295000000000000151e+00 -3.086053043560017528e-01
4.869468613064179330e+00 1.294999999999998375e+00 -3.004100919689758342e-01
4.974188368183839692e+00 1.294999999999998597e+00 -3.029876087082516989e-01
5.078908123303498279e+00 1.295000000000000373e+00 -3.126430298341009717e-01
5.183627878423158641e+00 1.294999999999996598e+00 -3.228198825731656285e-01
5.288347633542818116e+00 1.295000000000000817e+00 -3.266592308031741609e-01
5.393067388662477590e+00 1.294999999999998153e+00 -3.205062620494461001e-01
5.497787143782137953e+00 1.294999999999999485e+00 -3.058089327515816080e-01
5.602506898901797427e+00 1.295000000000000373e+00 -2.880003088078950668e-01
5.707226654021456902e+00 1.294999999999998375e+00 -2.735142959598952928e-01
5.811946409141117265e+00 1.294999999999994600e+00 -2.667319656328128730e-01
5.916666164260776739e+00 1.294999999999999263e+00 -2.679200624682529508e-01
6.021385919380437102e+00 1.294999999999998819e+00 -2.730097462641776218e-01
6.126105674500096576e+00 1.295000000000002149e+00 -2.756992596809917373e-01
6.230825429619756051e+00 1.294999999999999263e+00 -2.709933913886048984e-01
6.335545184739416413e+00 1.294999999999997042e+00 -2.583038337422429720e-01
6.440264939859075888e+00 1.294999999999998375e+00 -2.421866079703205443e-01
6.544984694978735362e+00 1.295000000000003482e+00 -2.296790806411594943e-01
6.649704450098395725e+00 1.295000000000000151e+00 -2.256964782111046119e-01
6.754424205218055199e+00 1.295000000000003926e+00 -2.298873588100622811e-01
6.859143960337715562e+00 1.295000000000005036e+00 -2.368413749592743756e-01
6.963863715457375037e+00 1.295000000000004148e+00 -2.393847877587358397e-01
7.068583470577034511e+00 1.295000000000003482e+00 -2.328102770100679564e-01
7.173303225696694874e+00 1.295000000000000817e+00 -2.170696100975000320e-01
7.278022980816354348e+00 1.295000000000004148e+00 -1.959419038837246774e-01
7.382742735936013823e+00 1.295000000000003038e+00 -1.748923913417783638e-01
7.487462491055674185e+00 1.294999999999997042e+00 -1.594245195071781751e-01
7.592182246175332772e+00 1.294999999999995044e+00 -1.538799806446133900e-01
7.696902001294993134e+00 1.294999999999999041e+00 -1.599149937851880310e-01
7.801621756414652609e+00 1.294999999999997264e+00 -1.752912189241397911e-01
7.906341511534312083e+00 1.295000000000003926e+00 -1.941330603960329526e-01
8.011061266653973334e+00 1.295000000000000373e+00 -2.092766557747154366e-01
8.115781021773631920e+00 1.294999999999998819e+00 -2.154385080118430551e-01
8.220500776893292283e+00 1.294999999999997708e+00 -2.107919727340821225e-01
8.325220532012952646e+00 1.295000000000006146e+00 -1.966132279236187941e-01
8.429940287132611232e+00 1.295000000000000595e+00 -1.762659970215629812e-01
8.534660042252271595e+00 1.294999999999993046e+00 -1.543910656713478602e-01
8.639379797371930181e+00 1.294999999999992824e+00 -1.360911829641366921e-01
8.744099552491592320e+00 1.294999999999994378e+00 -1.255958173021536339e-01
8.848819307611250906e+00 1.294999999999994822e+00 -1.249439232027462765e-01
8.953539062730909492e+00 1.294999999999992824e+00 -1.333687240776804117e-01
9.058258817850569855e+00 1.294999999999992601e+00 -1.474486932848027010e-01
9.162978572970228441e+00 1.294999999999995710e+00 -1.620360056079839239e-01
9.267698328089890580e+00 1.294999999999998819e+00 -1.718147585823235346e-01
9.372418083209549167e+00 1.295000000000002371e+00 -1.734332136670619917e-01
9.477137838329209529e+00 1.295000000000001927e+00 -1.669440596361653206e-01
9.581857593448868116e+00 1.295000000000005036e+00 -1.552055833518117822e-01
9.686577348568528478e+00 1.295000000000014362e+00 -1.415740417958701869e-01
9.791297103688188841e+00 1.295000000000010143e+00 -1.278798594599770411e-01
9.896016858807849204e+00 1.295000000000019913e+00 -1.144406653529550510e-01
1.000073661392750779e+01 1.295000000000026796e+00 -1.013733244193257832e-01
1.010545636904716815e+01 1.295000000000023688e+00 -8.954596980691498231e-02
1.021017612416682674e+01 1.295000000000025464e+00 -8.018710541217011212e-02
1.031489587928648710e+01 1.295000000000035678e+00 -7.374572040071925016e-02
1.041961563440614746e+01 1.295000000000035012e+00 -6.954571529544750774e-02
1.052433538952580783e+01 1.295000000000041451e+00 -6.645400423596115047e-02
1.062905514464546641e+01 1.295000000000047002e+00 -6.411961742667138253e-02
1.073377489976512678e+01 1.295000000000038787e+00 -6.293760476513909907e-02
1.083849465488478536e+01 1.295000000000046336e+00 -6.276686887485283250e-02
1.094321441000444750e+01 1.295000000000050555e+00 -6.309868546496844033e-02
1.104793416512410609e+01 1.295000000000058105e+00 -6.396698610282669506e-02
1.115265392024376645e+01 1.295000000000064100e+00 -6.622147719902748975e-02
1.125737367536342504e+01 1.295000000000065654e+00 -7.060322693384613046e-02
1.136209343048308362e+01 1.295000000000063656e+00 -7.248424344055059976e-02
1.146681318560274576e+01 1.295000000000057883e+00 -7.645211187987044354e-02
1.157153294072240435e+01 1.295000000000055662e+00 -7.598165668643908077e-02
1.167625269584206471e+01 1.295000000000058771e+00 -7.008011520531454153e-02
1.178097245096172330e+01 1.295000000000058549e+00 -6.053963291991415474e-02
1.188569220608138366e+01 1.295000000000047669e+00 -5.071803711340194809e-02
1.199041196120104225e+01 1.295000000000048113e+00 -4.403677173529629840e-02
1.209513171632070438e+01 1.295000000000056550e+00 -4.296707501349494862e-02
1.219985147144036297e+01 1.295000000000047669e+00 -4.826222878138786143e-02
1.230457122656002333e+01 1.295000000000051443e+00 -5.822654280568961838e-02
1.240929098167968192e+01 1.295000000000057438e+00 -6.875534754155587791e-02
1.251401073679934228e+01 1.295000000000050777e+00 -7.527410200806095020e-02
1.261873049191900265e+01 1.295000000000035900e+00 -7.513401423625154507e-02
1.272345024703866301e+01 1.295000000000047669e+00 -6.873596293770489751e-02
1.282817000215832159e+01 1.295000000000047446e+00 -5.886238791636877465e-02
1.293288975727798196e+01 1.295000000000054552e+00 -4.885084036564180110e-02
1.303760951239764054e+01 1.295000000000048557e+00 -4.100467267246266090e-02
1.314232926751730268e+01 1.295000000000044338e+00 -3.571143437083534877e-02
1.324704902263696127e+01 1.295000000000052998e+00 -3.153228383355788367e-02
1.335176877775662163e+01 1.295000000000047669e+00 -2.622908485068364826e-02
1.345648853287628022e+01 1.295000000000050111e+00 -1.888975533297632126e-02
1.356120828799594058e+01 1.295000000000036788e+00 -1.142349635300021760e-02
1.366592804311559917e+01 1.295000000000041007e+00 -6.691767688462135766e-03
1.377064779823526131e+01 1.295000000000039897e+00 -5.379805184265507023e-03
1.387536755335491989e+01 1.295000000000040785e+00 -5.625576774352936127e-03
1.398008730847457848e+01 1.295000000000035012e+00 -5.469864860314643806e-03
1.408480706359423884e+01 1.295000000000025242e+00 -4.748729378340144081e-03
1.418952681871389743e+01 1.295000000000037454e+00 -4.277001201780095130e-03
1.429424657383355957e+01 1.295000000000037010e+00 -4.001466105394868578e-03
1.439896632895321815e+01 1.295000000000036122e+00 -2.584156734698694891e-03
1.450368608407287851e+01 1.295000000000032792e+00 9.462944350033808405e-04
1.460840583919253710e+01 1.295000000000038565e+00 5.889939090430118540e-03
1.471312559431219746e+01 1.295000000000038121e+00 1.071090833918297847e-02
1.481784534943185783e+01 1.295000000000027240e+00 1.443105141061273855e-02
1.492256510455151819e+01 1.295000000000035900e+00 1.740025469604589148e-02
1.502728485967117678e+01 1.295000000000022355e+00 2.049292762417920244e-02
1.513200461479083714e+01 1.295000000000027018e+00 2.379330975860582953e-02
1.523672436991049572e+01 1.295000000000038565e+00 2.686405027542804191e-02
1.534144412503015609e+01 1.295000000000029683e+00 2.979105857283315117e-02
1.544616388014981645e+01 1.295000000000038787e+00 3.343317928615086032e-02
1.555088363526947681e+01 1.295000000000038565e+00 3.812033870690889614e-02
1.565560339038913540e+01 1.295000000000034346e+00 4.289020800046827731e-02
1.576032314550879576e+01 1.295000000000036788e+00 4.626743850795023150e-02
1.586504290062845435e+01 1.295000000000034568e+00 4.760871792442600281e-02
1.596976265574811649e+01 1.295000000000033458e+00 4.787109422584201468e-02
1.607448241086777685e+01 1.295000000000029683e+00 4.833599322296322498e-02
1.617920216598743366e+01 1.295000000000042562e+00 4.904645849072863939e-02
1.628392192110709402e+01 1.295000000000040785e+00 4.923047373231170809e-02
1.638864167622675438e+01 1.295000000000037454e+00 4.904546849835966782e-02
1.649336143134641475e+01 1.295000000000039231e+00 5.031311937187155081e-02
1.659808118646607511e+01 1.295000000000035678e+00 5.472729538613307909e-02
1.670280094158573192e+01 1.295000000000040785e+00 6.160450879515622091e-02
1.680752069670539228e+01 1.295000000000042339e+00 6.829731965177643360e-02
1.691224045182505265e+01 1.295000000000047891e+00 7.308789742906185438e-02
1.701696020694471301e+01 1.295000000000043894e+00 7.682881989267542622e-02
1.712167996206437337e+01 1.295000000000033458e+00 8.152905867976656396e-02
1.722639971718403373e+01 1.295000000000050555e+00 8.843820862052709231e-02
1.733111947230369054e+01 1.295000000000040341e+00 9.716795719078419324e-02
1.743583922742335091e+01 1.295000000000034346e+00 1.056739157613435509e-01
1.754055898254301127e+01 1.295000000000016804e+00 1.110809790805866726e-01
1.764527873766267163e+01 1.295000000000033902e+00 1.110659377465452735e-01
1.774999849278232844e+01 1.295000000000044338e+00 1.053762155892705721e-01
1.785471824790198880e+01 1.295000000000032570e+00 9.633868310705295812e-02
1.795943800302165272e+01 1.295000000000029239e+00 8.787318768728624718e-02
1.806415775814131308e+01 1.295000000000035012e+00 8.344688180472914496e-02
1.816887751326096989e+01 1.295000000000038565e+00 8.442889465375813529e-02
1.827359726838063025e+01 1.295000000000021467e+00 9.008902807195084961e-02
1.837831702350029062e+01 1.295000000000033236e+00 9.827680086706891416e-02
1.848303677861995098e+01 1.295000000000035678e+00 1.061249904506276209e-01
1.858775653373960779e+01 1.295000000000046558e+00 1.109131938374083859e-01
1.869247628885926815e+01 1.295000000000042117e+00 1.112639416576399753e-01
1.879719604397892851e+01 1.295000000000047891e+00 1.080592174736310085e-01
