5.235987755982988295e-02 1.235000000000002540e+00 -1.048837241663076014e+01
1.570796326794896558e-01 1.234999999999996767e+00 -3.731060981155668976e+00
2.617993877991494078e-01 1.234999999999998543e+00 -2.498194701729606670e+00
3.665191429188092154e-01 1.235000000000000320e+00 -2.006345390825961861e+00
4.712388980384689674e-01 1.235000000000001652e+00 -1.717326071581838143e+00
5.759586531581286639e-01 1.235000000000001430e+00 -1.518000062792906224e+00
6.806784082777885825e-01 1.234999999999999876e+00 -1.391385143067762620e+00
7.853981633974481680e-01 1.234999999999998987e+00 -1.311293012242634282e+00
8.901179185171080865e-01 1.234999999999999432e+00 -1.230579968479761588e+00
9.948376736367677831e-01 1.235000000000000320e+00 -1.127397598216762997e+00
1.099557428756427591e+00 1.235000000000000764e+00 -1.023426315583841451e+00
1.204277183876087287e+00 1.235000000000000320e+00 -9.467180090004037041e-01
1.308996938995747206e+00 1.234999999999999876e+00 -9.000232683745570395e-01
1.413716694115406902e+00 1.234999999999999654e+00 -8.626168359755688186e-01
1.518436449235066821e+00 1.234999999999999654e+00 -8.170331502680887592e-01
1.623156204354726295e+00 1.234999999999999876e+00 -7.691608390626847314e-01
1.727875959474386214e+00 1.234999999999999876e+00 -7.332723353246386466e-01
1.832595714594045910e+00 1.234999999999998765e+00 -7.113276353041826372e-01
1.937315469713705829e+00 1.234999999999999876e+00 -6.955281814949532126e-01
2.042035224833365525e+00 1.234999999999999210e+00 -6.786078803704089779e-01
2.146754979953025000e+00 1.234999999999999432e+00 -6.563455360319050413e-01
2.251474735072684918e+00 1.234999999999998765e+00 -6.262123523984630680e-01
2.356194490192344837e+00 1.234999999999998765e+00 -5.889045950484099734e-01
2.460914245312004756e+00 1.234999999999998987e+00 -5.502486292764996456e-01
2.565634000431664230e+00 1.234999999999999432e+00 -5.177465263207650104e-01
2.670353755551324149e+00 1.234999999999999210e+00 -4.946858098891500077e-01
2.775073510670984067e+00 1.234999999999999654e+00 -4.797708788266228375e-01
2.879793265790643986e+00 1.234999999999998987e+00 -4.704744628033301623e-01
2.984513020910303460e+00 1.234999999999999876e+00 -4.651125937587612391e-01
3.089232776029963379e+00 1.234999999999998543e+00 -4.624499261058749866e-01
3.193952531149622853e+00 1.234999999999999876e+00 -4.601196550826376352e-01
3.298672286269282772e+00 1.234999999999999210e+00 -4.540835555010622748e-01
3.403392041388942246e+00 1.234999999999998321e+00 -4.396965728151482899e-01
3.508111796508602165e+00 1.234999999999997877e+00 -4.157340852954773958e-01
3.612831551628262083e+00 1.234999999999997655e+00 -3.889279603747808345e-01
3.717551306747922002e+00 1.234999999999996767e+00 -3.689081720717992674e-01
3.822271061867581476e+00 1.234999999999999432e+00 -3.583887817918327556e-01
3.926990816987241395e+00 1.234999999999998543e+00 -3.514616231322835738e-01
4.031710572106900869e+00 1.234999999999995879e+00 -3.418482331214738323e-01
4.136430327226561232e+00 1.234999999999997655e+00 -3.311606776215390013e-01
4.241150082346220707e+00 1.234999999999997211e+00 -3.268355694228857189e-01
4.345869837465881069e+00 1.234999999999994547e+00 -3.312561013218822126e-01
4.450589592585540544e+00 1.234999999999992992e+00 -3.363555958488770870e-01
4.555309347705200018e+00 1.234999999999993436e+00 -3.315640417666605444e-01
4.660029102824860381e+00 1.234999999999994102e+00 -3.154338943861096922e-01
4.764748857944519855e+00 1.234999999999993436e+00 -2.978044435616906682e-01
4.869468613064179330e+00 1.234999999999993880e+00 -2.905340842302512883e-01
4.974188368183839692e+00 1.234999999999992326e+00 -2.951922495412038217e-01
5.078908123303498279e+00 1.234999999999990772e+00 -3.002114953561232369e-01
5.183627878423158641e+00 1.234999999999991438e+00 -2.905968348661103207e-01
5.288347633542818116e+00 1.234999999999990994e+00 -2.647754026065758381e-01
5.393067388662477590e+00 1.234999999999990994e+00 -2.415540342319690836e-01
5.497787143782137953e+00 1.234999999999990772e+00 -2.396364859020838622e-01
5.602506898901797427e+00 1.234999999999991438e+00 -2.532918213122741236e-01
5.707226654021456902e+00 1.234999999999989440e+00 -2.591863506491129954e-01
5.811946409141117265e+00 1.234999999999994325e+00 -2.452803768738487378e-01
5.916666164260776739e+00 1.234999999999988329e+00 -2.253431204449576342e-01
6.021385919380437102e+00 1.234999999999993880e+00 -2.222561127350974886e-01
6.126105674500096576e+00 1.234999999999990994e+00 -2.385085331807159648e-01
6.230825429619756051e+00 1.234999999999992548e+00 -2.492614647950563977e-01
6.335545184739416413e+00 1.234999999999989884e+00 -2.347671734090495121e-01
6.440264939859075888e+00 1.234999999999994991e+00 -2.092317261137663920e-01
6.544984694978735362e+00 1.234999999999993436e+00 -2.015342892686273757e-01
6.649704450098395725e+00 1.234999999999994991e+00 -2.187418441068009756e-01
6.754424205218055199e+00 1.234999999999995435e+00 -2.383779556788843124e-01
6.859143960337715562e+00 1.234999999999996767e+00 -2.353623763507828315e-01
6.963863715457375037e+00 1.234999999999995879e+00 -2.126747228687682068e-01
7.068583470577034511e+00 1.234999999999998321e+00 -1.927813867571543938e-01
7.173303225696694874e+00 1.235000000000000764e+00 -1.861688014549729431e-01
7.278022980816354348e+00 1.234999999999995435e+00 -1.826881828137949526e-01
7.382742735936013823e+00 1.234999999999996323e+00 -1.694195556435582617e-01
7.487462491055674185e+00 1.234999999999987885e+00 -1.493285314938583852e-01
7.592182246175332772e+00 1.234999999999989440e+00 -1.387498465125824865e-01
7.696902001294993134e+00 1.234999999999994769e+00 -1.475043028364968478e-01
7.801621756414652609e+00 1.234999999999988773e+00 -1.675049822448722026e-01
7.906341511534312083e+00 1.234999999999988773e+00 -1.818772264366153024e-01
8.011061266653973334e+00 1.234999999999992992e+00 -1.817480529280626200e-01
8.115781021773631920e+00 1.234999999999987663e+00 -1.720010855711144870e-01
8.220500776893292283e+00 1.234999999999988551e+00 -1.625879673758721111e-01
8.325220532012952646e+00 1.234999999999998765e+00 -1.582648146793790289e-01
8.429940287132611232e+00 1.234999999999983666e+00 -1.569142917582482255e-01
8.534660042252271595e+00 1.234999999999978337e+00 -1.546090263753914229e-01
8.639379797371930181e+00 1.234999999999972342e+00 -1.488406120016954048e-01
8.744099552491592320e+00 1.234999999999979892e+00 -1.385336882699359506e-01
8.848819307611250906e+00 1.234999999999983222e+00 -1.269990425370117748e-01
8.953539062730909492e+00 1.234999999999970122e+00 -1.226539005090483414e-01
9.058258817850569855e+00 1.234999999999975895e+00 -1.294967213625000113e-01
9.162978572970228441e+00 1.234999999999984555e+00 -1.395227609627767151e-01
9.267698328089890580e+00 1.234999999999979892e+00 -1.411102537282040714e-01
9.372418083209549167e+00 1.234999999999983444e+00 -1.328759834071444601e-01
9.477137838329209529e+00 1.234999999999981446e+00 -1.246708505027207536e-01
9.581857593448868116e+00 1.234999999999985221e+00 -1.241129240802987255e-01
9.686577348568528478e+00 1.234999999999994769e+00 -1.253798823636937954e-01
9.791297103688188841e+00 1.234999999999994769e+00 -1.184117662404275961e-01
9.896016858807849204e+00 1.235000000000012310e+00 -1.045343474493218849e-01
1.000073661392750779e+01 1.235000000000014531e+00 -9.405176837746687113e-02
1.010545636904716815e+01 1.234999999999999654e+00 -9.277537692371495837e-02
1.021017612416682674e+01 1.234999999999999432e+00 -9.521674673321989246e-02
1.031489587928648710e+01 1.235000000000017195e+00 -9.023435966438064781e-02
1.041961563440614746e+01 1.235000000000018305e+00 -7.473019298751637507e-02
1.052433538952580783e+01 1.235000000000031628e+00 -5.702406294668449505e-02
1.062905514464546641e+01 1.235000000000028519e+00 -4.734456475451054303e-02
1.073377489976512678e+01 1.235000000000026521e+00 -4.995557785864690459e-02
1.083849465488478536e+01 1.235000000000038511e+00 -6.243361255294921364e-02
1.094321441000444750e+01 1.235000000000026743e+00 -7.939800239567418316e-02
1.104793416512410609e+01 1.235000000000038511e+00 -9.315895235074478364e-02
1.115265392024376645e+01 1.235000000000035847e+00 -9.550383909750870259e-02
1.125737367536342504e+01 1.235000000000030740e+00 -8.718454111764017966e-02
1.136209343048308362e+01 1.235000000000039400e+00 -7.463430772730106355e-02
1.146681318560274576e+01 1.235000000000039400e+00 -7.017986597583458774e-02
1.157153294072240435e+01 1.235000000000024745e+00 -6.306960213388457248e-02
1.167625269584206471e+01 1.235000000000037845e+00 -4.813430604517066058e-02
1.178097245096172330e+01 1.235000000000040954e+00 -3.781773356181261647e-02
1.188569220608138366e+01 1.235000000000038067e+00 -4.731686517924060809e-02
1.199041196120104225e+01 1.235000000000029408e+00 -6.787335958739149078e-02
1.209513171632070438e+01 1.235000000000042286e+00 -7.390017224494194181e-02
1.219985147144036297e+01 1.235000000000035625e+00 -5.776446157378423152e-02
1.230457122656002333e+01 1.235000000000033848e+00 -4.359097013878532323e-02
1.240929098167968192e+01 1.235000000000041842e+00 -5.463680188007025151e-02
1.251401073679934228e+01 1.235000000000013420e+00 -7.400964219853456427e-02
1.261873049191900265e+01 1.235000000000010090e+00 -6.258709761653946657e-02
1.272345024703866301e+01 1.235000000000006981e+00 -2.025894933556848798e-02
1.282817000215832159e+01 1.235000000000036513e+00 5.411354235217658015e-03
1.293288975727798196e+01 1.235000000000026743e+00 -1.652219257175069345e-02
1.303760951239764054e+01 1.235000000000022080e+00 -5.765272591790804313e-02
1.314232926751730268e+01 1.235000000000023856e+00 -6.707915711625389577e-02
1.324704902263696127e+01 1.235000000000027187e+00 -4.036997008482323679e-02
1.335176877775662163e+01 1.235000000000021636e+00 -1.978988662125935605e-02
1.345648853287628022e+01 1.235000000000028297e+00 -2.656616625855967584e-02
1.356120828799594058e+01 1.235000000000025855e+00 -3.754103348554949093e-02
1.366592804311559917e+01 1.235000000000011422e+00 -2.806469515563314587e-02
1.377064779823526131e+01 1.235000000000011866e+00 -7.691431646778212894e-03
1.387536755335491989e+01 1.235000000000021414e+00 -4.019074586308235553e-03
1.398008730847457848e+01 1.235000000000026965e+00 -2.060610133917073483e-02
1.408480706359423884e+01 1.235000000000024967e+00 -3.223225740290658337e-02
1.418952681871389743e+01 1.235000000000017417e+00 -2.231815817731863660e-02
1.429424657383355957e+01 1.235000000000016529e+00 -2.582636837086482728e-03
1.439896632895321815e+01 1.235000000000014309e+00 9.096266741105196729e-03
1.450368608407287851e+01 1.235000000000007203e+00 1.153610630781365387e-02
1.460840583919253710e+01 1.235000000000022968e+00 1.509072685840884276e-02
1.471312559431219746e+01 1.235000000000020304e+00 2.332449029999317247e-02
1.481784534943185783e+01 1.235000000000016307e+00 2.921924806253528573e-02
1.492256510455151819e+01 1.235000000000030296e+00 2.858717268132160427e-02
1.502728485967117678e+01 1.235000000000018971e+00 2.448379932551425497e-02
1.513200461479083714e+01 1.235000000000025411e+00 1.982965806850067736e-02
1.523672436991049572e+01 1.235000000000029408e+00 1.577684612377971973e-02
1.534144412503015609e+01 1.235000000000019194e+00 1.519998625108343049e-02
1.544616388014981645e+01 1.235000000000026299e+00 2.105250230858679572e-02
1.555088363526947681e+01 1.235000000000023190e+00 2.914023414595057204e-02
1.565560339038913540e+01 1.235000000000005205e+00 3.262912454937172413e-02
1.576032314550879576e+01 1.235000000000013864e+00 3.503626799158787719e-02
1.586504290062845435e+01 1.235000000000018527e+00 4.628032444907503873e-02
1.596976265574811649e+01 1.235000000000015197e+00 6.501664948648944176e-02
1.607448241086777685e+01 1.235000000000022302e+00 7.426068254223494591e-02
1.617920216598743366e+01 1.235000000000026521e+00 6.326625539999497505e-02
1.628392192110709402e+01 1.235000000000024079e+00 4.772292663031052484e-02
1.638864167622675438e+01 1.235000000000005871e+00 5.118452929607286706e-02
1.649336143134641475e+01 1.235000000000001430e+00 7.002489186376337216e-02
1.659808118646607511e+01 1.235000000000024745e+00 7.864228948673712694e-02
1.670280094158573192e+01 1.235000000000024301e+00 6.858582291179970980e-02
1.680752069670539228e+01 1.235000000000015863e+00 6.245894089749270961e-02
1.691224045182505265e+01 1.235000000000024967e+00 8.107742552908803191e-02
1.701696020694471301e+01 1.235000000000019416e+00 1.048334017096443915e-01
1.712167996206437337e+01 1.235000000000018749e+00 9.630825078075488932e-02
1.722639971718403373e+01 1.235000000000027187e+00 5.976296332346109352e-02
1.733111947230369054e+01 1.235000000000029408e+00 4.039723328763500376e-02
1.743583922742335091e+01 1.235000000000000986e+00 6.329170488160329455e-02
1.754055898254301127e+01 1.235000000000003872e+00 1.002401508003849528e-01
1.764527873766267163e+01 1.235000000000007647e+00 1.099793026260869055e-01
1.774999849278232844e+01 1.235000000000025633e+00 9.329854660227354657e-02
1.785471824790198880e+01 1.235000000000023412e+00 8.386573077128289810e-02
1.795943800302165272e+01 1.235000000000015863e+00 9.594462271594750291e-02
1.806415775814131308e+01 1.235000000000015197e+00 1.094883297797260013e-01
1.816887751326096989e+01 1.235000000000014753e+00 1.043809716881938243e-01
1.827359726838063025e+01 1.235000000000023856e+00 8.724389097107376756e-02
1.837831702350029062e+01 1.235000000000026521e+00 7.943556104096671788e-02
1.848303677861995098e+01 1.235000000000020082e+00 8.807807858814697965e-02
1.858775653373960779e+01 1.235000000000013420e+00 1.003772481392424254e-01
1.869247628885926815e+01 1.235000000000025855e+00 1.061757078130014520e-01
1.879719604397892851e+01 1.235000000000033404e+00 1.097758302927829277e-01
