5.235987755982988295e-02 1.199999999999999956e+00 -4.521048721403459481e-01
1.570796326794896558e-01 1.199999999999999956e+00 -9.043688208361055914e-01
2.617993877991494078e-01 1.199999999999999956e+00 -1.133000811985410250e+00
3.665191429188092154e-01 1.199999999999999734e+00 -1.185167044930227398e+00
4.712388980384689674e-01 1.199999999999999734e+00 -1.213174171608164098e+00
5.759586531581286639e-01 1.199999999999999512e+00 -1.141580131849007085e+00
6.806784082777885825e-01 1.199999999999999734e+00 -1.034063464586332914e+00
7.853981633974481680e-01 1.199999999999999734e+00 -1.076133550972059982e+00
8.901179185171080865e-01 1.199999999999999734e+00 -9.387997873971785090e-01
9.948376736367677831e-01 1.199999999999999512e+00 -9.185725327367457727e-01
1.099557428756427591e+00 1.199999999999999289e+00 -9.009449249067118526e-01
1.204277183876087287e+00 1.199999999999999289e+00 -8.382055617667756309e-01
1.308996938995747206e+00 1.199999999999999512e+00 -7.979164714036393047e-01
1.413716694115406902e+00 1.199999999999999512e+00 -8.097849749699306265e-01
1.518436449235066821e+00 1.199999999999999512e+00 -7.502082986630282946e-01
1.623156204354726295e+00 1.199999999999999734e+00 -6.666139402920301382e-01
1.727875959474386214e+00 1.199999999999999289e+00 -6.466931302687402017e-01
1.832595714594045910e+00 1.199999999999998179e+00 -6.515836997316863943e-01
1.937315469713705829e+00 1.199999999999999067e+00 -5.864751057411003998e-01
2.042035224833365525e+00 1.199999999999999067e+00 -5.940127019330514457e-01
2.146754979953025000e+00 1.199999999999999289e+00 -5.722165860977379559e-01
2.251474735072684918e+00 1.199999999999999067e+00 -5.694604333050370393e-01
2.356194490192344837e+00 1.199999999999998623e+00 -5.347577334228112989e-01
2.460914245312004756e+00 1.199999999999999289e+00 -5.514597501192692874e-01
2.565634000431664230e+00 1.199999999999999067e+00 -4.908921932168528457e-01
2.670353755551324149e+00 1.200000000000000400e+00 -4.414618590274566046e-01
2.775073510670984067e+00 1.199999999999999067e+00 -4.850469144062450333e-01
2.879793265790643986e+00 1.199999999999997513e+00 -4.441976432172030087e-01
2.984513020910303460e+00 1.199999999999998179e+00 -4.227619470604362384e-01
3.089232776029963379e+00 1.199999999999998401e+00 -4.127933551185587469e-01
3.193952531149622853e+00 1.200000000000000178e+00 -4.062566748585290100e-01
3.298672286269282772e+00 1.199999999999998623e+00 -3.898709455265092494e-01
3.403392041388942246e+00 1.199999999999997957e+00 -3.904433235455342377e-01
3.508111796508602165e+00 1.199999999999997735e+00 -3.948163127201462785e-01
3.612831551628262083e+00 1.199999999999996847e+00 -3.910217397995099375e-01
3.717551306747922002e+00 1.199999999999997291e+00 -3.675971805892226385e-01
3.822271061867581476e+00 1.199999999999999512e+00 -3.368491922082856860e-01
3.926990816987241395e+00 1.199999999999999067e+00 -3.239052727927860253e-01
4.031710572106900869e+00 1.199999999999993960e+00 -3.446739109239818077e-01
4.136430327226561232e+00 1.199999999999992406e+00 -3.595642657241056028e-01
4.241150082346220707e+00 1.199999999999994627e+00 -3.319775049396085365e-01
4.345869837465881069e+00 1.199999999999993960e+00 -3.073060404828611425e-01
4.450589592585540544e+00 1.199999999999991074e+00 -2.843480127314306216e-01
4.555309347705200018e+00 1.199999999999995515e+00 -3.224397647802001998e-01
4.660029102824860381e+00 1.200000000000000844e+00 -2.980139783509798690e-01
4.764748857944519855e+00 1.199999999999993072e+00 -2.842840023613026901e-01
4.869468613064179330e+00 1.199999999999991740e+00 -2.660220232476468993e-01
4.974188368183839692e+00 1.199999999999988187e+00 -2.571875304812047958e-01
5.078908123303498279e+00 1.199999999999990408e+00 -2.179766971268310982e-01
5.183627878423158641e+00 1.199999999999994182e+00 -2.676943576334922525e-01
5.288347633542818116e+00 1.199999999999993960e+00 -2.651933430294874938e-01
5.393067388662477590e+00 1.199999999999996181e+00 -2.927225688852495011e-01
5.497787143782137953e+00 1.199999999999994404e+00 -2.683044032605774731e-01
5.602506898901797427e+00 1.199999999999995737e+00 -2.443362074788710814e-01
5.707226654021456902e+00 1.199999999999988631e+00 -2.492040681067582142e-01
5.811946409141117265e+00 1.199999999999995071e+00 -2.281837789096510249e-01
5.916666164260776739e+00 1.199999999999993072e+00 -2.592051288197794179e-01
6.021385919380437102e+00 1.199999999999998179e+00 -2.309968060406948354e-01
6.126105674500096576e+00 1.199999999999996403e+00 -2.377720847316977526e-01
6.230825429619756051e+00 1.200000000000000844e+00 -2.126204174837260652e-01
6.335545184739416413e+00 1.199999999999985967e+00 -2.147716596526665356e-01
6.440264939859075888e+00 1.199999999999992850e+00 -1.974606546189177081e-01
6.544984694978735362e+00 1.199999999999995071e+00 -2.074803284859285668e-01
6.649704450098395725e+00 1.200000000000009504e+00 -1.926861492970095568e-01
6.754424205218055199e+00 1.199999999999999512e+00 -1.984840222685297917e-01
6.859143960337715562e+00 1.199999999999993960e+00 -2.040291201185686631e-01
6.963863715457375037e+00 1.200000000000002842e+00 -2.059370183600348625e-01
7.068583470577034511e+00 1.199999999999994182e+00 -1.737208726934875713e-01
7.173303225696694874e+00 1.199999999999998401e+00 -1.786989542551173926e-01
7.278022980816354348e+00 1.200000000000004396e+00 -1.721462957150885487e-01
7.382742735936013823e+00 1.200000000000002398e+00 -1.768578374551736943e-01
7.487462491055674185e+00 1.199999999999965539e+00 -1.744021366420716035e-01
7.592182246175332772e+00 1.200000000000004396e+00 -1.689060932278145799e-01
7.696902001294993134e+00 1.200000000000003730e+00 -1.519289108211330230e-01
7.801621756414652609e+00 1.199999999999988409e+00 -1.909529267779808137e-01
7.906341511534312083e+00 1.199999999999989297e+00 -1.621880250888194652e-01
8.011061266653973334e+00 1.199999999999996847e+00 -1.645614537626727270e-01
8.115781021773631920e+00 1.199999999999988853e+00 -1.570102080564748093e-01
8.220500776893292283e+00 1.199999999999990408e+00 -1.217722174733584239e-01
8.325220532012952646e+00 1.200000000000009948e+00 -1.365037505122081996e-01
8.429940287132611232e+00 1.200000000000004174e+00 -8.981744380667677774e-02
8.534660042252271595e+00 1.199999999999981970e+00 -1.129064722020611811e-01
8.639379797371930181e+00 1.199999999999967981e+00 -1.141546689749368682e-01
8.744099552491592320e+00 1.199999999999986411e+00 -1.067503260762450168e-01
8.848819307611250906e+00 1.199999999999966649e+00 -1.178659032672708662e-01
8.953539062730909492e+00 1.199999999999962652e+00 -1.315759450604261360e-01
9.058258817850569855e+00 1.199999999999965317e+00 -1.295800427914333142e-01
9.162978572970228441e+00 1.199999999999977085e+00 -1.249627618118580585e-01
9.267698328089890580e+00 1.199999999999985079e+00 -1.061779358802414919e-01
9.372418083209549167e+00 1.200000000000004841e+00 -9.276149957993240491e-02
9.477137838329209529e+00 1.199999999999980860e+00 -8.814662893424340950e-02
9.581857593448868116e+00 1.199999999999991740e+00 -9.612793411250386555e-02
9.686577348568528478e+00 1.200000000000002842e+00 -8.938633159009157225e-02
9.791297103688188841e+00 1.200000000000010836e+00 -1.115896942826175575e-01
9.896016858807849204e+00 1.200000000000025713e+00 -6.528443410994810847e-02
1.000073661392750779e+01 1.200000000000011502e+00 -7.557815916590548966e-02
1.010545636904716815e+01 1.199999999999992184e+00 -6.702316066567171049e-02
1.021017612416682674e+01 1.199999999999981970e+00 -7.919209284027672879e-02
1.031489587928648710e+01 1.200000000000001954e+00 -8.593772421560963437e-02
1.041961563440614746e+01 1.200000000000006395e+00 -7.366252929084105006e-02
1.052433538952580783e+01 1.200000000000001510e+00 -7.837013267528014637e-02
1.062905514464546641e+01 1.200000000000020606e+00 -5.364090763611528700e-02
1.073377489976512678e+01 1.200000000000015943e+00 -6.714339092108367879e-02
1.083849465488478536e+01 1.200000000000015277e+00 -9.122082518397434114e-02
1.094321441000444750e+01 1.200000000000029043e+00 -6.291294189222895739e-02
1.104793416512410609e+01 1.200000000000019051e+00 -1.103728059796740268e-01
1.115265392024376645e+01 1.200000000000029265e+00 -7.600056578528935347e-02
1.125737367536342504e+01 1.200000000000026601e+00 -5.609496817281289793e-02
1.136209343048308362e+01 1.200000000000031264e+00 -9.185574559892550894e-02
1.146681318560274576e+01 1.200000000000023048e+00 -4.153204198199489383e-02
1.157153294072240435e+01 1.200000000000019051e+00 -7.089696825632074706e-02
1.167625269584206471e+01 1.200000000000025491e+00 -8.502559187844482835e-02
1.178097245096172330e+01 1.200000000000024380e+00 -2.476585006122888899e-02
1.188569220608138366e+01 1.200000000000021050e+00 -4.165029774432937870e-02
1.199041196120104225e+01 1.200000000000017275e+00 -3.705072120409624858e-02
1.209513171632070438e+01 1.200000000000009948e+00 -5.372040869786509631e-02
1.219985147144036297e+01 1.200000000000013500e+00 -4.705515720958608483e-02
1.230457122656002333e+01 1.200000000000000178e+00 -5.026544688819178930e-02
1.240929098167968192e+01 1.199999999999995959e+00 -6.817502146943077435e-02
1.251401073679934228e+01 1.199999999999980638e+00 -1.185399102113038339e-02
1.261873049191900265e+01 1.199999999999960654e+00 -1.202892886276174522e-05
1.272345024703866301e+01 1.199999999999998623e+00 -2.679864072279691811e-02
1.282817000215832159e+01 1.200000000000021716e+00 -1.063749468778496521e-02
1.293288975727798196e+01 1.200000000000048361e+00 -1.804997027701382706e-02
1.303760951239764054e+01 1.199999999999997735e+00 -3.121069075724136610e-02
1.314232926751730268e+01 1.200000000000018607e+00 -3.622453102153677662e-02
1.324704902263696127e+01 1.200000000000040590e+00 -4.317561878196229941e-02
1.335176877775662163e+01 1.200000000000032818e+00 1.536765568162401507e-02
1.345648853287628022e+01 1.200000000000027267e+00 -1.201920644259502069e-03
1.356120828799594058e+01 1.200000000000021272e+00 2.399893760464877346e-02
1.366592804311559917e+01 1.200000000000003286e+00 -2.234233232907456568e-02
1.377064779823526131e+01 1.200000000000011280e+00 -1.390313300029610843e-02
1.387536755335491989e+01 1.200000000000028377e+00 -1.645702212154631638e-02
1.398008730847457848e+01 1.200000000000015499e+00 1.772246117397102694e-02
1.408480706359423884e+01 1.200000000000034150e+00 -4.970906677080222380e-03
1.418952681871389743e+01 1.200000000000022604e+00 2.660790543679070197e-03
1.429424657383355957e+01 1.200000000000019718e+00 -1.082259744238989185e-02
1.439896632895321815e+01 1.200000000000030820e+00 1.993109343389143362e-02
1.450368608407287851e+01 1.199999999999993738e+00 -6.765185738974111018e-03
1.460840583919253710e+01 1.200000000000002620e+00 3.368502968975128908e-02
1.471312559431219746e+01 1.200000000000009281e+00 1.363819880030092691e-03
1.481784534943185783e+01 1.200000000000026601e+00 -2.454153176689999327e-02
1.492256510455151819e+01 1.200000000000029710e+00 -1.080718793632939878e-02
1.502728485967117678e+01 1.200000000000011502e+00 1.997178979848968083e-03
1.513200461479083714e+01 1.200000000000015055e+00 4.218926771074471560e-02
1.523672436991049572e+01 1.200000000000029043e+00 5.470274376940231775e-02
1.534144412503015609e+01 1.200000000000029932e+00 6.803526770735857099e-02
1.544616388014981645e+01 1.200000000000014833e+00 4.260122356601492299e-02
1.555088363526947681e+01 1.200000000000011724e+00 1.096125844354034484e-02
1.565560339038913540e+01 1.200000000000001288e+00 5.035180537362649034e-02
1.576032314550879576e+01 1.200000000000035483e+00 2.455620568332683717e-02
1.586504290062845435e+01 1.200000000000024825e+00 5.415906363823275171e-02
1.596976265574811649e+01 1.200000000000025491e+00 4.128474690082128973e-02
1.607448241086777685e+01 1.200000000000026601e+00 4.855621740621174354e-02
1.617920216598743366e+01 1.200000000000016831e+00 2.714475731876930809e-02
1.628392192110709402e+01 1.200000000000029265e+00 5.930043404835316778e-02
1.638864167622675438e+01 1.200000000000006617e+00 5.690177442566479726e-02
1.649336143134641475e+01 1.200000000000004174e+00 6.473223844465536558e-02
1.659808118646607511e+01 1.200000000000025491e+00 2.190323188857945524e-02
1.670280094158573192e+01 1.200000000000028377e+00 4.535405488430299670e-02
1.680752069670539228e+01 1.200000000000024603e+00 3.031550232127599998e-02
1.691224045182505265e+01 1.200000000000032374e+00 8.357192654886347327e-02
1.701696020694471301e+01 1.200000000000021050e+00 7.729943239581871239e-02
1.712167996206437337e+01 1.199999999999995071e+00 7.276061628611074639e-02
1.722639971718403373e+01 1.200000000000041700e+00 6.111035345924165085e-02
1.733111947230369054e+01 1.200000000000017941e+00 5.460944266013001425e-02
1.743583922742335091e+01 1.199999999999991740e+00 6.905087047000790790e-02
1.754055898254301127e+01 1.199999999999962430e+00 4.563397069764363323e-02
1.764527873766267163e+01 1.199999999999976641e+00 5.621590899188078083e-02
1.774999849278232844e+01 1.199999999999988853e+00 1.048541949055241673e-01
1.785471824790198880e+01 1.199999999999984857e+00 8.954066110011638102e-02
1.795943800302165272e+01 1.200000000000001510e+00 8.683355614323318150e-02
1.806415775814131308e+01 1.199999999999995293e+00 9.252106406555427043e-02
1.816887751326096989e+01 1.200000000000012834e+00 7.853161784364459663e-02
1.827359726838063025e+01 1.200000000000009948e+00 8.252211674360054872e-02
1.837831702350029062e+01 1.200000000000018607e+00 6.854530506475953189e-02
1.848303677861995098e+01 1.200000000000008837e+00 1.183488564115826591e-01
1.858775653373960779e+01 1.200000000000004174e+00 1.067880249008617000e-01
1.869247628885926815e+01 1.199999999999993960e+00 8.296004714610560882e-02
1.879719604397892851e+01 1.200000000000003508e+00 1.235876258976098541e-01
