5.235987755982988295e-02 7.500000000000002220e-01 -6.089916406791950898e-02
1.570796326794896558e-01 7.500000000000000000e-01 -1.356152320893435625e-01
2.617993877991494078e-01 7.500000000000000000e-01 -1.938907506194679220e-01
3.665191429188092154e-01 7.500000000000001110e-01 -2.312366153929747981e-01
4.712388980384689674e-01 7.500000000000000000e-01 -2.539566506791730571e-01
5.759586531581286639e-01 7.500000000000000000e-01 -2.637781290958012281e-01
6.806784082777885825e-01 7.500000000000000000e-01 -2.763082663131175565e-01
7.853981633974481680e-01 7.500000000000001110e-01 -2.842555380724627323e-01
8.901179185171080865e-01 7.500000000000002220e-01 -2.846893936018488613e-01
9.948376736367677831e-01 7.499999999999997780e-01 -2.804709946866110748e-01
1.099557428756427591e+00 7.499999999999997780e-01 -2.745171782573168073e-01
1.204277183876087287e+00 7.500000000000004441e-01 -2.730354492305411274e-01
1.308996938995747206e+00 7.499999999999990008e-01 -2.603843401511738431e-01
1.413716694115406902e+00 7.500000000000000000e-01 -2.498928386608056940e-01
1.518436449235066821e+00 7.499999999999997780e-01 -2.376749877274029199e-01
1.623156204354726295e+00 7.499999999999997780e-01 -2.387451397883795234e-01
1.727875959474386214e+00 7.499999999999996669e-01 -2.271109226720959828e-01
1.832595714594045910e+00 7.499999999999994449e-01 -2.211392928386297640e-01
1.937315469713705829e+00 7.499999999999996669e-01 -2.158563593360072197e-01
2.042035224833365525e+00 7.499999999999996669e-01 -2.119619674792865283e-01
2.146754979953025000e+00 7.499999999999998890e-01 -2.033509245501328166e-01
2.251474735072684918e+00 7.499999999999985567e-01 -1.997205942452029426e-01
2.356194490192344837e+00 7.499999999999995559e-01 -1.919954450754675079e-01
2.460914245312004756e+00 7.500000000000001110e-01 -1.924735902579195468e-01
2.565634000431664230e+00 7.500000000000006661e-01 -1.921562056152463782e-01
2.670353755551324149e+00 7.500000000000005551e-01 -1.847554673679594472e-01
2.775073510670984067e+00 7.499999999999974465e-01 -1.692352622211670266e-01
2.879793265790643986e+00 7.499999999999983347e-01 -1.687755513457194212e-01
2.984513020910303460e+00 7.499999999999990008e-01 -1.730676038215617218e-01
3.089232776029963379e+00 7.499999999999986677e-01 -1.658055602993586675e-01
3.193952531149622853e+00 7.500000000000015543e-01 -1.548856136220946311e-01
3.298672286269282772e+00 7.500000000000009992e-01 -1.544894601806969803e-01
3.403392041388942246e+00 7.499999999999965583e-01 -1.438608779493981693e-01
3.508111796508602165e+00 7.499999999999988898e-01 -1.467994920641055856e-01
3.612831551628262083e+00 7.500000000000003331e-01 -1.425716663052147837e-01
3.717551306747922002e+00 7.500000000000000000e-01 -1.370996769909638147e-01
3.822271061867581476e+00 7.499999999999988898e-01 -1.389552605600838930e-01
3.926990816987241395e+00 7.500000000000001110e-01 -1.296697227515504203e-01
4.031710572106900869e+00 7.499999999999926725e-01 -1.227537445524689019e-01
4.136430327226561232e+00 7.499999999999916733e-01 -1.159588447224875196e-01
4.241150082346220707e+00 7.499999999999956701e-01 -1.219383751216920331e-01
4.345869837465881069e+00 7.499999999999931166e-01 -1.132471853490502056e-01
4.450589592585540544e+00 7.499999999999940048e-01 -1.101058237368750525e-01
4.555309347705200018e+00 7.499999999999932276e-01 -1.084883402996297264e-01
4.660029102824860381e+00 7.499999999999991118e-01 -1.038212306327537249e-01
4.764748857944519855e+00 7.499999999999991118e-01 -9.788151199840999794e-02
4.869468613064179330e+00 7.499999999999961142e-01 -9.463841203661083057e-02
4.974188368183839692e+00 7.499999999999947820e-01 -9.748017709911671602e-02
5.078908123303498279e+00 7.499999999999877875e-01 -9.298112973639316436e-02
5.183627878423158641e+00 7.499999999999877875e-01 -1.009958418072915975e-01
5.288347633542818116e+00 7.499999999999985567e-01 -1.005475664405439673e-01
5.393067388662477590e+00 7.499999999999990008e-01 -9.056462702631584705e-02
5.497787143782137953e+00 7.499999999999968914e-01 -9.093412745123874430e-02
5.602506898901797427e+00 7.499999999999998890e-01 -8.721869246636160256e-02
5.707226654021456902e+00 7.499999999999991118e-01 -8.457573807012952471e-02
5.811946409141117265e+00 7.499999999999997780e-01 -8.451760862774548855e-02
5.916666164260776739e+00 7.499999999999956701e-01 -8.625023067084924833e-02
6.021385919380437102e+00 7.500000000000029976e-01 -8.063142354624730501e-02
6.126105674500096576e+00 7.499999999999957812e-01 -8.100241331189472760e-02
6.230825429619756051e+00 7.499999999999927836e-01 -8.211272396492041992e-02
6.335545184739416413e+00 7.499999999999933387e-01 -7.781966774025228517e-02
6.440264939859075888e+00 7.499999999999997780e-01 -7.798094488838192007e-02
6.544984694978735362e+00 7.499999999999948930e-01 -6.739205874867248980e-02
6.649704450098395725e+00 7.500000000000136557e-01 -6.835028198326398297e-02
6.754424205218055199e+00 7.500000000000092149e-01 -7.282958364638325577e-02
6.859143960337715562e+00 7.499999999999960032e-01 -6.712784758477052804e-02
6.963863715457375037e+00 7.500000000000016653e-01 -6.821663899606900117e-02
7.068583470577034511e+00 7.500000000000047740e-01 -6.772223583206216091e-02
7.173303225696694874e+00 7.500000000000098810e-01 -6.527567982621018672e-02
7.278022980816354348e+00 7.499999999999966693e-01 -6.577932513320661201e-02
7.382742735936013823e+00 7.499999999999983347e-01 -6.717201638476488768e-02
7.487462491055674185e+00 7.500000000000013323e-01 -6.303431294130312779e-02
7.592182246175332772e+00 7.499999999999804601e-01 -6.319017001462512440e-02
7.696902001294993134e+00 7.500000000000057732e-01 -5.045632737183680661e-02
7.801621756414652609e+00 7.500000000000016653e-01 -4.918155953418867909e-02
7.906341511534312083e+00 7.499999999999911182e-01 -5.037865069142721808e-02
8.011061266653973334e+00 7.499999999999997780e-01 -5.229625489034894770e-02
8.115781021773631920e+00 7.500000000000096589e-01 -5.121472077786215493e-02
8.220500776893292283e+00 7.500000000000025535e-01 -4.068469608590596920e-02
8.325220532012952646e+00 7.500000000000114353e-01 -4.807357673270828968e-02
8.429940287132611232e+00 7.500000000000187628e-01 -5.082056022921754845e-02
8.534660042252271595e+00 7.499999999999827915e-01 -5.348069375823527594e-02
8.639379797371930181e+00 7.499999999999579225e-01 -5.432892688767232414e-02
8.744099552491592320e+00 7.499999999999671374e-01 -4.829640737979623566e-02
8.848819307611250906e+00 7.499999999999992228e-01 -5.570560591475448575e-02
8.953539062730909492e+00 7.499999999999651390e-01 -4.940989464916611951e-02
9.058258817850569855e+00 7.499999999999599209e-01 -5.873383608996896044e-02
9.162978572970228441e+00 7.499999999999782396e-01 -5.009271229654466140e-02
9.267698328089890580e+00 7.499999999999940048e-01 -5.114437934729743063e-02
9.372418083209549167e+00 7.499999999999958922e-01 -4.700865512148943992e-02
9.477137838329209529e+00 7.499999999999933387e-01 -3.854218198043746213e-02
9.581857593448868116e+00 7.499999999999850120e-01 -3.392206144125076150e-02
9.686577348568528478e+00 7.500000000000037748e-01 -3.620637921965830230e-02
9.791297103688188841e+00 7.499999999999971134e-01 -5.388534139889777919e-02
9.896016858807849204e+00 7.500000000000146549e-01 -4.897633255047928458e-02
1.000073661392750779e+01 7.500000000000092149e-01 -4.949884848718610897e-02
1.010545636904716815e+01 7.499999999999922284e-01 -4.251544093535031266e-02
1.021017612416682674e+01 7.499999999999926725e-01 -4.786178489246140089e-02
1.031489587928648710e+01 7.500000000000043299e-01 -3.971887940394580596e-02
1.041961563440614746e+01 7.499999999999950040e-01 -3.493275042363919169e-02
1.052433538952580783e+01 7.499999999999982236e-01 -3.901151558993554147e-02
1.062905514464546641e+01 7.500000000000197620e-01 -3.233973039315252151e-02
1.073377489976512678e+01 7.500000000000065503e-01 -2.899726783917699890e-02
1.083849465488478536e+01 7.500000000000269784e-01 -3.448639070176717780e-02
1.094321441000444750e+01 7.500000000000244249e-01 -3.362554118196037223e-02
1.104793416512410609e+01 7.500000000000174305e-01 -2.811601554367548772e-02
1.115265392024376645e+01 7.500000000000123235e-01 -3.568057885137143614e-02
1.125737367536342504e+01 7.500000000000024425e-01 -2.669563141594366584e-02
1.136209343048308362e+01 7.500000000000326406e-01 -1.944607396564279611e-02
1.146681318560274576e+01 7.500000000000319744e-01 -1.902313917744891114e-02
1.157153294072240435e+01 7.500000000000194289e-01 -1.683512471837111946e-02
1.167625269584206471e+01 7.500000000000270894e-01 -8.317503017812200028e-03
1.178097245096172330e+01 7.500000000000286438e-01 -6.482565922748761977e-03
1.188569220608138366e+01 7.499999999999933387e-01 -2.117951969996489936e-02
1.199041196120104225e+01 7.500000000000138778e-01 -1.095777234904815600e-02
1.209513171632070438e+01 7.500000000000032196e-01 -2.418750812012149254e-03
1.219985147144036297e+01 7.499999999999747979e-01 3.592764343403942462e-03
1.230457122656002333e+01 7.499999999999971134e-01 -9.371495740866819801e-03
1.240929098167968192e+01 7.499999999999887867e-01 7.881920907379935670e-04
1.251401073679934228e+01 7.499999999999495959e-01 -2.464563481861858918e-03
1.261873049191900265e+01 7.499999999999484857e-01 -6.528383476277710429e-03
1.272345024703866301e+01 7.499999999999729106e-01 -3.261875837152317104e-03
1.282817000215832159e+01 7.500000000000262013e-01 -3.906244881449083550e-03
1.293288975727798196e+01 7.500000000000167644e-01 1.729482628398670840e-04
1.303760951239764054e+01 7.499999999999958922e-01 -3.400546846323848627e-03
1.314232926751730268e+01 7.500000000000129896e-01 -8.293758885196567121e-03
1.324704902263696127e+01 7.500000000000189848e-01 -1.022418258899193688e-02
1.335176877775662163e+01 7.500000000000204281e-01 -4.872552643661265392e-03
1.345648853287628022e+01 7.500000000000259792e-01 2.854735064964586400e-03
1.356120828799594058e+01 7.500000000000065503e-01 9.670339082015644294e-03
1.366592804311559917e+01 7.500000000000133227e-01 1.290359514121242057e-02
1.377064779823526131e+01 7.500000000000350830e-01 1.374176906294444223e-02
1.387536755335491989e+01 7.499999999999749090e-01 1.454996089417370797e-02
1.398008730847457848e+01 7.500000000000309752e-01 1.895999100948486671e-02
1.408480706359423884e+01 7.500000000000390799e-01 1.242395869386037077e-02
1.418952681871389743e+01 7.500000000000253131e-01 1.206607809329440784e-02
1.429424657383355957e+01 7.500000000000237588e-01 1.167150269144912045e-02
1.439896632895321815e+01 7.500000000000239808e-01 5.709898458770013008e-03
1.450368608407287851e+01 7.500000000000286438e-01 2.110332574296336361e-02
1.460840583919253710e+01 7.500000000000163203e-01 2.261765123831693813e-02
1.471312559431219746e+01 7.500000000000067724e-01 2.286893619073282480e-02
1.481784534943185783e+01 7.500000000000157652e-01 2.154318320556569688e-02
1.492256510455151819e+01 7.500000000000232037e-01 2.296705710583424320e-02
1.502728485967117678e+01 7.500000000000285327e-01 2.299539308187803499e-02
1.513200461479083714e+01 7.500000000000299760e-01 2.124673357192996548e-02
1.523672436991049572e+01 7.500000000000339728e-01 2.130166343976291898e-02
1.534144412503015609e+01 7.500000000000197620e-01 2.273460413940497915e-02
1.544616388014981645e+01 7.500000000000124345e-01 2.146948745236620937e-02
1.555088363526947681e+01 7.500000000000240918e-01 2.177580589436800551e-02
1.565560339038913540e+01 7.500000000000341949e-01 2.333357708314665047e-02
1.576032314550879576e+01 7.500000000000298650e-01 3.827862295291240002e-02
1.586504290062845435e+01 7.500000000000257572e-01 3.257332560003867172e-02
1.596976265574811649e+01 7.500000000000263123e-01 3.225325011212554216e-02
1.607448241086777685e+01 7.500000000000411893e-01 3.200815342898621907e-02
1.617920216598743366e+01 7.500000000000315303e-01 2.591031159579770815e-02
1.628392192110709402e+01 7.499999999999894529e-01 3.021132083540223334e-02
1.638864167622675438e+01 7.500000000000329736e-01 3.110956702879974500e-02
1.649336143134641475e+01 7.500000000000084377e-01 3.203535342478147641e-02
1.659808118646607511e+01 7.500000000000097700e-01 3.518725838021907748e-02
1.670280094158573192e+01 7.500000000000301981e-01 4.160677382684951908e-02
1.680752069670539228e+01 7.500000000000093259e-01 4.880683904017146801e-02
1.691224045182505265e+01 7.500000000000177636e-01 5.378317724942505151e-02
1.701696020694471301e+01 7.500000000000215383e-01 5.214870304425645031e-02
1.712167996206437337e+01 7.499999999999911182e-01 4.787466956804919960e-02
1.722639971718403373e+01 7.500000000000281997e-01 4.483164298795827563e-02
1.733111947230369054e+01 7.500000000000295319e-01 4.864112149962096510e-02
1.743583922742335091e+01 7.499999999999850120e-01 4.825414632063740328e-02
1.754055898254301127e+01 7.499999999999563682e-01 5.132689547602709013e-02
1.764527873766267163e+01 7.499999999999606981e-01 4.797715538560609616e-02
1.774999849278232844e+01 7.499999999999812372e-01 4.537765354934464312e-02
1.785471824790198880e+01 7.499999999999903411e-01 5.442756097475154320e-02
1.795943800302165272e+01 7.499999999999654721e-01 4.351994666962610836e-02
1.806415775814131308e+01 7.499999999999873435e-01 4.896489074695153931e-02
1.816887751326096989e+01 7.500000000000031086e-01 5.650498059684849750e-02
1.827359726838063025e+01 7.499999999999850120e-01 6.534914202259045624e-02
1.837831702350029062e+01 7.500000000000122125e-01 5.327844370036416421e-02
1.848303677861995098e+01 7.500000000000162093e-01 5.511715153952678747e-02
1.858775653373960779e+01 7.499999999999940048e-01 6.247340860321770606e-02
1.869247628885926815e+01 7.500000000000262013e-01 6.454868317047512960e-02
1.879719604397892851e+01 7.500000000000054401e-01 6.518266266564864964e-02
