1.670870645310976386e+02
1.611929432705971692e+02
1.609152584825951351e+02
1.605802206935040317e+02
1.607947293583349335e+02
1.606212165969108696e+02
1.606359816009281190e+02
1.607600497022644959e+02
1.606821302517573713e+02
1.606900014838787456e+02
1.605788638388067966e+02
1.607208519873671548e+02
1.607051487775101180e+02
1.606875812366927221e+02
1.603914429981666103e+02
1.605197866909444713e+02
1.605511821722165564e+02
1.605723324916080230e+02
1.604295243727532636e+02
1.606235907548168598e+02
1.605786940406527208e+02
1.605431806999875732e+02
1.607225800934799054e+02
1.606365055972184166e+02
1.604951822711230989e+02
1.604178526269857628e+02
1.604178162495148001e+02
1.604533030030866030e+02
1.606023427801881382e+02
1.605102461820844724e+02
1.604099842793714288e+02
1.604569092838672191e+02
1.606110067995118413e+02
1.604035643676144218e+02
1.603552325342607787e+02
1.605162861504689147e+02
1.605623332737759199e+02
1.604280564952095176e+02
1.606226253769931986e+02
1.605008588204778448e+02
1.604457166459924622e+02
1.604950432607671758e+02
1.605470421115804243e+02
1.605582937742570664e+02
1.604149373179243412e+02
1.605756089020514707e+02
1.606723806360906792e+02
1.605605775650702185e+02
1.604844016721981177e+02
1.606166014785963796e+02
1.604869084627880795e+02
1.607287223223066803e+02
1.606825800781745954e+02
1.603982969369833143e+02
1.605372321279463677e+02
1.603404846970833830e+02
1.605322390367726939e+02
1.604564307683495485e+02
1.604527993861932202e+02
1.604535988412375502e+02
1.604145025243332441e+02
1.603961797685132069e+02
1.604371992501389173e+02
1.603589488196365096e+02
1.604577265772449550e+02
1.603961073545651175e+02
1.604819682177370623e+02
1.606382413840062497e+02
1.605241562354560756e+02
1.603951381871900423e+02
1.603704272320956363e+02
1.605691319753636890e+02
1.605169939352890651e+02
1.604555576244239319e+02
1.605534004626966578e+02
1.605338828105282687e+02
1.603922927631243169e+02
1.602510361381905568e+02
1.606589304676937218e+02
1.607333271120237441e+02
1.604793225413779965e+02
