1.876589034540261127e+04
1.623404076057604289e+04
1.609115866190934321e+04
1.628370110332905642e+04
1.619892763693587221e+04
1.626556178457758142e+04
1.610888563874868669e+04
1.607394563624287912e+04
1.615256121341208018e+04
1.627133197827768163e+04
1.639891250188726553e+04
1.634252319648064076e+04
1.622200425125008223e+04
1.625676252893657875e+04
1.618489721839468803e+04
1.609706076260109148e+04
1.617493040829468373e+04
1.624059581684203113e+04
1.613544787560583609e+04
1.613946687789687530e+04
1.626430076003592330e+04
1.621720708488135824e+04
1.619164856434616740e+04
1.610928799992257518e+04
1.608365421094578596e+04
1.627420261142850723e+04
1.612496125863489578e+04
1.622263697203533775e+04
1.620862654595645836e+04
1.606010151411069819e+04
1.613400461316861947e+04
1.614628543406419521e+04
1.615775599553671964e+04
1.615902301796108986e+04
1.617244991928811760e+04
1.620570338926727709e+04
1.617952565967599548e+04
1.619295277824158438e+04
1.610372623650221612e+04
1.616316055081243940e+04
1.606338383668929418e+04
1.632389162457712337e+04
1.621903384628622189e+04
1.620026588029030063e+04
1.616639120795172676e+04
1.619526367302254585e+04
1.632353995938539447e+04
1.619492684946117697e+04
1.617400694057299734e+04
1.614056578240064118e+04
1.625861643554605689e+04
1.620421571600040261e+04
1.620446444155022255e+04
1.615624872391405188e+04
1.635040027091808770e+04
1.632040570156834474e+04
1.627210537866759478e+04
1.624464902096908008e+04
1.610010893471237796e+04
1.611949476024351497e+04
1.621625257462310947e+04
1.619486843690732894e+04
1.628425403066258150e+04
1.625746554127837771e+04
1.611931228863472825e+04
1.610439555047956492e+04
1.619883716079325131e+04
1.611470728537378818e+04
1.611840849679321582e+04
1.618524187945362792e+04
1.603526594529940667e+04
1.619013644762005242e+04
1.626045459267578735e+04
1.626970589799632035e+04
1.620877227335455063e+04
1.615789359346652418e+04
1.636143229568186143e+04
1.619711052211035712e+04
1.623173623574041994e+04
1.616472773159635653e+04
1.622561782806043993e+04
1.618224537142697773e+04
1.607807640581700070e+04
1.627236785481682273e+04
1.619851174926804015e+04
1.637507321593988854e+04
1.614523671501611898e+04
1.628750904554401313e+04
1.621890485941495899e+04
1.619865253461983775e+04
1.622711090744190915e+04
1.617041456850896611e+04
1.617449562001086633e+04
1.621764100350923036e+04
1.619204156969534233e+04
1.618432581753853992e+04
1.624274227955644528e+04
1.605417160148668881e+04
1.627550162421226560e+04
1.618806385053765916e+04
1.610900248419500713e+04
1.619696769063921056e+04
1.625594970540079885e+04
1.616052211353263374e+04
1.622299081437591303e+04
1.624164409801522015e+04
1.616172965611188192e+04
1.618012907049449859e+04
1.624888551093758178e+04
1.620484252918167658e+04
1.617075254920811130e+04
1.624133422716046880e+04
1.622714314450709935e+04
1.616657014572476146e+04
1.626775293345205137e+04
1.603864210797558371e+04
1.628932553781336901e+04
1.615443252314552774e+04
1.624421491164739746e+04
1.619764245862697317e+04
1.613951622504539773e+04
1.625648064415567933e+04
1.614702490017186574e+04
1.622161293573740841e+04
1.627921695957419615e+04
1.618796138774313476e+04
1.629392979163810924e+04
1.621056899891350258e+04
1.613491652930110649e+04
1.631191772065687292e+04
1.618406793766768897e+04
1.623418766641702132e+04
1.614706564697184331e+04
1.620507348315841591e+04
1.609437955338400570e+04
1.626796298482148086e+04
1.611448982280399832e+04
1.619581223000890168e+04
1.627811063464884683e+04
1.633237418740872090e+04
1.607630616897424261e+04
1.607946011401050418e+04
1.606903721971256346e+04
1.611060678543280846e+04
1.627147072066249893e+04
1.636704336532163143e+04
1.618492593098715042e+04
1.631878078942714455e+04
1.600786172932200861e+04
1.628609141669046949e+04
1.625363440329460354e+04
1.618694780816430648e+04
1.615260334308915481e+04
1.612874909907199981e+04
1.623977739686118002e+04
1.629282858149319873e+04
1.628612737019377528e+04
1.620205315185467771e+04
1.620610419762679703e+04
1.619241833898634650e+04
1.618510015252260382e+04
1.613769865612510512e+04
1.622234283850893189e+04
1.609555577751747478e+04
1.626335040407307861e+04
1.608373698407663142e+04
1.615914068664454317e+04
1.609388522492811899e+04
1.616520793394075736e+04
1.618163972224147074e+04
1.609710399009348293e+04
1.614748369838894541e+04
1.619717114442994352e+04
1.627900178676904579e+04
1.619438865482257461e+04
1.619575924961828605e+04
1.613360213457324426e+04
1.634891221330165899e+04
1.623164354503799586e+04
1.614995075769678078e+04
1.624827947354934440e+04
1.624822602768248544e+04
1.609547270865649261e+04
1.621688439877719793e+04
1.621278461931190213e+04
1.615532036209191028e+04
1.609032384962642755e+04
1.621318209690856565e+04
1.614267733559841145e+04
1.614417472189749788e+04
1.609756749182673593e+04
1.618629715761269472e+04
1.619602794749983877e+04
1.622302814945779755e+04
1.608814864193552603e+04
1.611670404508652246e+04
1.623273526596940064e+04
1.627285598998155547e+04
1.616684286680976038e+04
1.622860064088941181e+04
1.625091468532614635e+04
1.606925197759470211e+04
1.615067907561330321e+04
1.621188612010736506e+04
1.611814989882757436e+04
1.610240721345060592e+04
1.615934812581358165e+04
1.627228011791042445e+04
1.623759199030562922e+04
1.619798062649253916e+04
1.627881621479727437e+04
1.623526876114747938e+04
1.623474681284716098e+04
1.621706531671943958e+04
1.618498075181324020e+04
1.615301659810005731e+04
1.609449537033315573e+04
1.611503177195181161e+04
1.607453106226615091e+04
1.617579464098390781e+04
1.621694424089507083e+04
1.617789568198831876e+04
1.619696685404349773e+04
1.613374085484182615e+04
1.613537657386377759e+04
1.621827087684190883e+04
1.623235318444113182e+04
1.628327585894575532e+04
1.612856153757480024e+04
1.624068546415683159e+04
1.622794908035257322e+04
1.622837233461108917e+04
1.616809295131457293e+04
1.602607660085673888e+04
1.608997408763479871e+04
1.613125243553874316e+04
1.612062304503400446e+04
1.616515413628331771e+04
1.617267304303969831e+04
1.625291886482770315e+04
1.610188996258701263e+04
1.613275439132538486e+04
1.628097458959526375e+04
1.619690562104162382e+04
1.609809572364490850e+04
1.624970163876206607e+04
1.610713473455540952e+04
1.626865942934423038e+04
1.603124074410738103e+04
1.620797466028390045e+04
1.610161513571364594e+04
1.623578400610723656e+04
1.620738001317243470e+04
1.617671246708855142e+04
1.622587307483205041e+04
1.614452944678359927e+04
1.619538127398881079e+04
1.619839682547175835e+04
1.604629485460389697e+04
1.617584593322959518e+04
1.608601801818179956e+04
1.619257510221374105e+04
1.614724816053862196e+04
1.616841156134845733e+04
1.623301682572909885e+04
1.627596081529654111e+04
1.634157750659916383e+04
1.609048206405220481e+04
1.618223732436690625e+04
1.622743279050721867e+04
1.626081455588013705e+04
1.621879089681925871e+04
1.626015635091203694e+04
1.610740898658637161e+04
1.615063362419247096e+04
1.610389523568273216e+04
1.624636554269092630e+04
1.610051023081332823e+04
1.620485362268351491e+04
1.619180083273018317e+04
1.624480258365623013e+04
1.610918390348736648e+04
1.623612869484925977e+04
1.615951714291913959e+04
1.611371337443266566e+04
1.618881136438115027e+04
1.623773665273235747e+04
1.609912673104310306e+04
1.617201659108454805e+04
1.628656013999064999e+04
1.613929027964037232e+04
1.632263580850197832e+04
1.614753481325416942e+04
1.627179430972438786e+04
1.620784321848104264e+04
1.619177912475260382e+04
1.611203806073038322e+04
1.612278715934580214e+04
1.613702528335740863e+04
1.613500716485685007e+04
1.616249542100799954e+04
1.624053941288132046e+04
1.621996046421633037e+04
1.621436961494062962e+04
1.610918932538301306e+04
1.616841279060738088e+04
1.605895230071231526e+04
1.631082034404777551e+04
1.625823744919319870e+04
1.612215360381730534e+04
1.635503715842017300e+04
1.624477110513010848e+04
1.628431932728410902e+04
1.621691897388007783e+04
1.627504561143696264e+04
1.616958799151916719e+04
1.606341682823012525e+04
1.622931557781957417e+04
1.621125070795850115e+04
1.627393552584692407e+04
1.622558062859716483e+04
1.626720531721612679e+04
1.611458599339181819e+04
1.613300727545891277e+04
1.616831693159112183e+04
1.611514956193025682e+04
1.611881816174534106e+04
1.627354913052326265e+04
1.608374097347391034e+04
1.614820235586886338e+04
1.619272194191843664e+04
1.617425190211085282e+04
1.624074888146940793e+04
1.616288264052014893e+04
1.618479083182295653e+04
1.618748284894706921e+04
1.614926561881850648e+04
1.617116313101469495e+04
1.615557694943257411e+04
1.617600761295966004e+04
1.624376458567492773e+04
1.617251131510792948e+04
1.620883254834195759e+04
1.614078260750633672e+04
1.624081204541231273e+04
1.622694665520108356e+04
1.617447677988646683e+04
1.621291053576094419e+04
1.620064555825737807e+04
1.616511620649791439e+04
1.606844608255375351e+04
1.632137161183841454e+04
1.621886661824999464e+04
1.620320022471218363e+04
1.618804098595072719e+04
1.621255625533436250e+04
1.607084328201068274e+04
1.616536065406157286e+04
1.611434409818439599e+04
1.624801083056047719e+04
1.627341568497928893e+04
1.615962752216664921e+04
1.627680186349583528e+04
1.595888237963556639e+04
1.613570509162892995e+04
1.616653016798024692e+04
1.627072567457534933e+04
1.611914964776204579e+04
1.613494544875099746e+04
1.614043991144116626e+04
1.615916292189724481e+04
1.611316300712310112e+04
1.621937064412974723e+04
1.607066267628484275e+04
1.622504276026304979e+04
1.622261113286161344e+04
1.631206627599969943e+04
1.626266763879430619e+04
1.627590545189545082e+04
1.611393677915468470e+04
1.623222592046203317e+04
1.624019196592866319e+04
1.618035279963123685e+04
1.623188009996086475e+04
1.613374759953413013e+04
1.614092157661124111e+04
1.618136198342394346e+04
1.612907776549006485e+04
1.613179576642484426e+04
1.622830241766187100e+04
1.618693253931117397e+04
1.619550364337872452e+04
1.604240932300757231e+04
1.625339358673748393e+04
1.616037263658678967e+04
1.615316002939594910e+04
1.611864420894703471e+04
1.624718871620560640e+04
1.625248408497625678e+04
1.626562948444216454e+04
1.613292029023673422e+04
