1.888503119953053613e+02
1.639429710217218314e+02
1.638193339137924909e+02
1.641747353159774150e+02
1.640532812204645552e+02
1.640604648344863392e+02
1.640595380510930283e+02
1.639994505265483440e+02
1.640156214190978972e+02
1.638634349476944863e+02
1.639176258473475229e+02
1.639720586280073178e+02
1.640383162425835337e+02
1.640443432487645623e+02
1.639071884901427723e+02
1.640641289023718343e+02
1.638457123116165235e+02
1.640597187040552569e+02
1.643838123261625128e+02
1.643005939282469114e+02
1.639692145588109327e+02
1.639205294733696405e+02
1.640713585694634560e+02
1.640306151809134860e+02
1.639490173970341402e+02
1.637711139593190239e+02
1.637231072984666582e+02
1.637783388378494465e+02
1.639026422042493323e+02
1.640516583312445675e+02
1.639428189707775516e+02
1.638217449498397400e+02
1.639318162233000749e+02
1.641528329231009593e+02
1.642470536914856893e+02
1.638962060180403171e+02
1.640900065807238093e+02
1.639185568576700405e+02
1.640620849595733546e+02
1.639749628332470763e+02
1.640758972128042501e+02
1.638813222694343494e+02
1.637581389212307954e+02
1.640287127468569111e+02
1.637979042906697487e+02
1.641105266759391554e+02
1.640698644158574098e+02
1.639418168543201944e+02
1.640046684630867446e+02
1.638294894914294844e+02
1.639521305353265745e+02
1.639615537442551556e+02
1.639753416016426115e+02
1.639346321942664417e+02
1.639479228035345386e+02
1.639003152005111303e+02
1.639119182129427941e+02
1.639094308434794982e+02
1.640054059092355203e+02
1.640218588172381544e+02
1.637950539826095451e+02
1.640800577967392826e+02
1.639109180468920783e+02
1.637496863852553872e+02
1.639756748536291013e+02
1.640822249547960610e+02
1.640304986287657698e+02
1.640676882716875298e+02
1.640213668042740096e+02
1.639566050018304395e+02
1.639244688902642224e+02
1.639910705452180650e+02
1.641471525821917226e+02
1.638575841438140515e+02
1.640326727401342453e+02
1.640318340281279461e+02
1.639656657853359150e+02
1.642031199517983566e+02
1.639978660240660417e+02
1.639628000765884508e+02
1.641079918264717321e+02
