1.842098689560949060e+04
1.617661204350713706e+04
1.601785084475312760e+04
1.608789964112473353e+04
1.607168742692284832e+04
1.608550804071639868e+04
1.601984157557098297e+04
1.599989581362577519e+04
1.613847544344784183e+04
1.609246935283352468e+04
1.602879850571557654e+04
1.612127228585420380e+04
1.603264433380855007e+04
1.603768248033983218e+04
1.609387254675136865e+04
1.592732823258481767e+04
1.593588457155956530e+04
1.602103446943703966e+04
1.613321724076238934e+04
1.601456744685660851e+04
1.611716096872634989e+04
1.610373258685338988e+04
1.599204897343500852e+04
1.603899825931295163e+04
1.605872977642653314e+04
1.601548109910458697e+04
1.598553569690488439e+04
1.609637330507965999e+04
1.600204084755463191e+04
1.602339045003355568e+04
1.597535816133664230e+04
1.607674343902381770e+04
1.605283275218643212e+04
1.602924172065017410e+04
1.599382207768941043e+04
1.602193811031241421e+04
1.609437023624051290e+04
1.600559414825303247e+04
1.606476886126472527e+04
1.598740623489166683e+04
1.603795452066524376e+04
1.608135802507470180e+04
1.607540573629915525e+04
1.601795418471854828e+04
1.611327868632177342e+04
1.616578174680845768e+04
1.605061690803935744e+04
1.600090689217495310e+04
1.610510578285256634e+04
1.601963793799601990e+04
1.611280082832581684e+04
1.604550510587962162e+04
1.607241795341711622e+04
1.599872924924566178e+04
1.610140981338719394e+04
1.593535656259878670e+04
1.605193110233676089e+04
1.609687923361547473e+04
1.591902357047508121e+04
1.603821694251045119e+04
1.602370220630518634e+04
1.610839086946651150e+04
1.615739809621492532e+04
1.608417001397744571e+04
1.617451077312361485e+04
1.597796354980984506e+04
1.603421928978544565e+04
1.611469573131904690e+04
1.606015416550646842e+04
1.601182379660052720e+04
1.603685654288924343e+04
1.605318730715988204e+04
1.612691796962696753e+04
1.620271537745925161e+04
1.598126996152690481e+04
1.604986075798236561e+04
1.609323700029173597e+04
1.613297630571238187e+04
1.591326589908016831e+04
1.599978022691760816e+04
1.598520686048865900e+04
1.600332731756810426e+04
1.596460124726491631e+04
1.611284920864157721e+04
1.604218313708236201e+04
1.606224544334154962e+04
1.597660049304238055e+04
1.604090807404999941e+04
1.610208900924807676e+04
1.614841719958589056e+04
1.598835505262497463e+04
1.608331849770964436e+04
1.608296148205312420e+04
1.607877655292335658e+04
1.602340281883727221e+04
1.604517427194899392e+04
1.604409484009588596e+04
1.608061770861358127e+04
1.600413825346189151e+04
1.608334241540208495e+04
1.614994151107089237e+04
1.597356143640270238e+04
1.599009466299759515e+04
1.615112742395280657e+04
1.610772182994352443e+04
1.597869045295436808e+04
1.603962199828526172e+04
1.598297044318558255e+04
1.603123917789072402e+04
1.609839216507789206e+04
1.605989471407219753e+04
1.617034024047621278e+04
1.599400399901841229e+04
1.595427305407839594e+04
1.604091439400751733e+04
1.607420621675765324e+04
1.606302578303922201e+04
1.599404170325293489e+04
1.600703958885859720e+04
1.611772889776906595e+04
1.600401690233165755e+04
1.608406148441347977e+04
1.609560651121746923e+04
1.590487933033970148e+04
1.602042739125204025e+04
1.598059424163191761e+04
1.609002109575312170e+04
1.602830279693002194e+04
1.604666934465650593e+04
1.610131729401195116e+04
1.606357516922608920e+04
1.596538278575365803e+04
1.601073678484803713e+04
1.600305240231614516e+04
1.601511718193485649e+04
1.599733732204169974e+04
1.603359340453373261e+04
1.608677617739909329e+04
1.594371955410377086e+04
1.611481898006603660e+04
1.605196276548061178e+04
1.617407562747160955e+04
1.606260081097155307e+04
1.615025420646750536e+04
1.602215770073116437e+04
1.601712991196051371e+04
1.596752138483272029e+04
1.596411337748027654e+04
1.608941543864201594e+04
1.597297546063081245e+04
1.603717454963479031e+04
1.600736806449501819e+04
1.598576857534605188e+04
1.601630572227913763e+04
1.595857674269443487e+04
1.617053284091544629e+04
1.614175686793660680e+04
1.610926385147987457e+04
1.595067236911631517e+04
1.601720532797710257e+04
1.605083114156966622e+04
1.599447744204361334e+04
1.598470543322623598e+04
1.606746851770293506e+04
1.608874812080483389e+04
1.614463294395910088e+04
1.609249019478364789e+04
1.616059662788177229e+04
1.609513499140640306e+04
1.607544470344636466e+04
1.623077278001141713e+04
1.606353035014035777e+04
1.607190354322799431e+04
1.608586058061173389e+04
1.605212744934096008e+04
1.608447836861423821e+04
1.611797561986041001e+04
1.600144386497105552e+04
1.611213812929850428e+04
1.598383079079949130e+04
1.603921482571879278e+04
1.608508664625355777e+04
1.603961495510696659e+04
1.592215979931679612e+04
1.605038447065783475e+04
1.596097255074252280e+04
1.593370553919664053e+04
1.601906583906512606e+04
1.604415893544286882e+04
1.596715535450202333e+04
1.607231497013285843e+04
1.604073832895707710e+04
1.599629256100723796e+04
1.605971945127457548e+04
1.605168143126195537e+04
1.596913291697677414e+04
1.605013677521937643e+04
1.597620600899147576e+04
1.609531350251342155e+04
1.606473821788617715e+04
1.604288795485136143e+04
1.598160244139158385e+04
1.603530652699117491e+04
1.599888382293831091e+04
1.600485476221916360e+04
1.612359946035037501e+04
1.597665757664180455e+04
1.612113239111227813e+04
1.599187226229131193e+04
1.588646476455035736e+04
1.593645318598237463e+04
1.609899306144948241e+04
1.610550163695407718e+04
1.615448672842223095e+04
1.607196834339756788e+04
1.600554740234765632e+04
1.607523136542737484e+04
1.601168063207568230e+04
1.605108249800309386e+04
1.605259063284229705e+04
1.614413397346103375e+04
1.597010177826724794e+04
1.618770042570119949e+04
1.605080266581677643e+04
1.610719895522145998e+04
1.615522126471430420e+04
1.616891916774196943e+04
1.602684002528011297e+04
1.598434746654833543e+04
1.599328656594159293e+04
1.607803892670401547e+04
1.609978314572189811e+04
1.608637966728115862e+04
1.606096305357642814e+04
1.599569774702378345e+04
1.605843161018910541e+04
1.597910398978906596e+04
1.615163554402372574e+04
1.596570801782810850e+04
1.603252963085282681e+04
1.598557941486978962e+04
1.610274456341456789e+04
1.607577028466975935e+04
1.594806771795721943e+04
1.604809953875561769e+04
1.604920843905490983e+04
1.604582565862727097e+04
1.616565692152129122e+04
1.593038701301663241e+04
1.615409754762493503e+04
1.603068085068471555e+04
1.598400484950707505e+04
1.601607826945746274e+04
1.605140357149835836e+04
1.603092837509757192e+04
1.611263005620538024e+04
1.610707710895955461e+04
1.613326079322038822e+04
1.615133075089099475e+04
1.611575727971283777e+04
1.608850261312317161e+04
1.602164969150774414e+04
1.598611740735847161e+04
1.605518074139378223e+04
1.601421663536905180e+04
1.598386466336137164e+04
1.606376698787337591e+04
1.599455627646321045e+04
1.607214751249202891e+04
1.603122453482219862e+04
1.610071180973060655e+04
1.601110154732718365e+04
1.603884528313013834e+04
1.600527744563328270e+04
1.601297038672909366e+04
1.595830937315857773e+04
1.598717870832561675e+04
1.607711633312191043e+04
1.600140819702327826e+04
1.616380080078670835e+04
1.600916747450289768e+04
1.600350176312076655e+04
1.606462578107062291e+04
1.613015931651100436e+04
1.602180005419892404e+04
1.613314117989910483e+04
1.605959201396831122e+04
1.598399499264475890e+04
1.615589396969677728e+04
1.609321057459822805e+04
1.613625232477891223e+04
1.604488442062784270e+04
1.604385909779079702e+04
1.610479598190577599e+04
1.608590535696315055e+04
1.602804346306214575e+04
1.600089468514308464e+04
1.596836556925600962e+04
1.603165228303634649e+04
1.604542685982153671e+04
1.606723919898561871e+04
1.597642294067095463e+04
1.611504602014666671e+04
1.599708357629329657e+04
1.611276148027912313e+04
1.605696857081659073e+04
1.597532168042659760e+04
1.609145707012264575e+04
1.606638692964848269e+04
1.600057275697895057e+04
1.610960667942859982e+04
1.601858242290465569e+04
1.598532301412271772e+04
1.598686019043372107e+04
1.611828630381128096e+04
1.609240835276994221e+04
1.598006036113010123e+04
1.600073772467377239e+04
1.608637433172136116e+04
1.598216394928593581e+04
1.590753064420971350e+04
1.593628741753551003e+04
1.603196323659702830e+04
1.599113380840883474e+04
1.622728551240250272e+04
1.604626579941562886e+04
1.612039173248146290e+04
1.611786720427041291e+04
1.605281020371060913e+04
1.608534411716747309e+04
1.610001340522338251e+04
1.608801676398933523e+04
1.607264470481015269e+04
1.597285672884898850e+04
1.610635358400904806e+04
1.598890454281915299e+04
1.607448653479197128e+04
1.611437989676153484e+04
1.593464724961135653e+04
1.611827719128514400e+04
1.600602635589905003e+04
1.612198025278601381e+04
1.607954658921635564e+04
1.608701392200588634e+04
1.599567393839322722e+04
1.601421623274843114e+04
1.601713142263347618e+04
1.611486411757422866e+04
1.596736730732245996e+04
1.600266907967866791e+04
1.595401427301272270e+04
1.609962525127523986e+04
1.601365053433292996e+04
1.598124281732616146e+04
1.611962819882604163e+04
1.599200833571833027e+04
1.604645751269919310e+04
1.613600012782839622e+04
1.616010278182819093e+04
1.609457833443516756e+04
1.599540005405447300e+04
1.604967609506426925e+04
1.605451533614332766e+04
1.615756523097469289e+04
1.600316979400041600e+04
1.611126504594558719e+04
1.603618112668833419e+04
1.597903560124274372e+04
1.598437031963218578e+04
1.594697775900054876e+04
1.596224375059067097e+04
1.609877961883900025e+04
1.604374803719581723e+04
1.598645437926200248e+04
1.603644416691825245e+04
1.606223430495768844e+04
1.600807478109457770e+04
1.605566308756534090e+04
1.607379570937257085e+04
1.608206375820390349e+04
1.598449605359479756e+04
1.615537862901679910e+04
1.596714130222053609e+04
1.602728759385973171e+04
1.604868629713937480e+04
1.607325641929414996e+04
1.607261851827889041e+04
1.606519105910994040e+04
1.603409294672155556e+04
1.600942068328944879e+04
1.603285481333958705e+04
1.595855226630356628e+04
1.605240878609914216e+04
1.596569434080057181e+04
1.606252517348771107e+04
1.610753206451742517e+04
1.604681543212756696e+04
1.605361080475902418e+04
1.594979031656166262e+04
1.597998779749666392e+04
1.613865395596100279e+04
