1.634353900951521427e+04
1.594345473420890085e+04
1.585140341715101385e+04
1.570204667728712411e+04
1.577338534346492452e+04
1.596245686825552730e+04
1.589229079944225123e+04
1.588549133170101049e+04
1.581868064143785705e+04
1.578845155830438307e+04
1.576146332174634517e+04
1.587157071095041829e+04
1.580307269681532125e+04
1.580703121233866113e+04
1.575149448175425459e+04
1.578857560693312189e+04
1.573691970614231286e+04
1.567902872306974132e+04
1.578999337124888916e+04
1.580348845170348432e+04
1.587477731601495907e+04
1.586821698627681144e+04
1.577318584204610124e+04
1.574288597586320248e+04
1.593673488650341642e+04
1.581097520172455006e+04
1.566925545848853289e+04
1.573169534788150486e+04
1.585184860300055152e+04
1.573724861870544737e+04
1.587969580186957501e+04
1.579729749235781674e+04
1.581414896238847541e+04
1.571671889820843171e+04
1.578827502400679987e+04
1.581033582045025651e+04
1.580607569218747449e+04
1.590105028843975924e+04
1.563305253040457501e+04
1.567559939066364132e+04
1.562629927718590261e+04
1.579104055367625551e+04
1.573737125518496032e+04
1.577675560284538733e+04
1.575401156683641420e+04
1.575963716178116738e+04
1.578346735835762411e+04
1.580415868660395972e+04
1.582886181945449971e+04
1.579001640920478167e+04
1.582010874298636190e+04
1.593218618550672727e+04
1.584217300050886115e+04
1.584255536691742236e+04
1.585546423914340266e+04
1.570024768608238992e+04
1.581346349687297879e+04
1.585163716439547170e+04
1.577747019108327368e+04
1.579497018760532228e+04
1.576021864771393484e+04
1.574753390425791076e+04
1.582340798516199902e+04
1.580453135191793990e+04
1.566796104679604650e+04
1.582522526739402019e+04
1.579918969422028204e+04
1.577274975582931802e+04
1.571827477978092065e+04
1.584059184318996449e+04
1.576002567515081319e+04
1.582776456026448795e+04
1.580617854980081393e+04
1.583277286340562932e+04
1.588678603026416386e+04
1.578662389617209374e+04
1.564548608968511326e+04
1.582273106259081214e+04
1.581752530297051271e+04
1.563414814096476039e+04
1.580247636628447799e+04
1.570907146505916717e+04
1.573527048957960506e+04
1.567607261459527763e+04
1.578306896647940448e+04
1.584735338567110739e+04
1.578242829256168079e+04
1.583766644261367765e+04
1.580200444416760183e+04
1.578281593038147184e+04
1.582786173628981669e+04
1.582934931278040312e+04
1.579240922081661665e+04
1.579359978845057776e+04
1.578574511182229071e+04
1.583539402274287568e+04
1.574445348919689604e+04
1.582017531283204880e+04
1.575220478571009335e+04
1.576398990206661256e+04
1.579721235900592546e+04
1.573920227110345877e+04
1.579740444301313255e+04
1.581571214177887487e+04
1.575309537422338690e+04
1.583427761876200566e+04
1.577198435978437738e+04
1.583595557178961462e+04
1.572893071935748230e+04
1.575198667942410430e+04
1.582030852730825791e+04
1.585813429116357111e+04
1.581526622758899975e+04
1.583828044742540624e+04
1.590415046649529540e+04
1.578059587551031655e+04
1.577264021469635554e+04
1.592334028085052159e+04
1.571976126624219432e+04
1.576078263344199695e+04
1.568801948252699003e+04
1.577188599785300357e+04
1.585954107511209077e+04
1.582124106806916825e+04
1.570223417782444085e+04
1.570694594806220266e+04
1.577048253867632411e+04
