1.819306734389633107e+02
1.620024755904723577e+02
1.620282909520561816e+02
1.619733618178139238e+02
1.618157379750537928e+02
1.619610690810568201e+02
1.621033037710336941e+02
1.619322829432674382e+02
1.618554553102909779e+02
1.622115915459403936e+02
1.621679834901948425e+02
1.620111966254366678e+02
1.618568263068360409e+02
1.620994413366146887e+02
1.619841653937328942e+02
1.619553930667873658e+02
1.619803847001866757e+02
1.619307652404144733e+02
1.619993768933514673e+02
1.619681503305386912e+02
1.619264820265014748e+02
1.620760004159722598e+02
1.619077873468714586e+02
1.620854140283710763e+02
1.621678486094841958e+02
1.618210471006956936e+02
1.621050716787582644e+02
1.619829724596242500e+02
1.620480296446899615e+02
1.620856731047553296e+02
1.620563809035188001e+02
1.620047341111083483e+02
1.621591426928770829e+02
1.620543482362242571e+02
1.620596202252515923e+02
1.619803548971946725e+02
1.619607337094081174e+02
1.619172000222059182e+02
1.619262595038502184e+02
1.618795449044909560e+02
1.620057612874709321e+02
1.621240210256934233e+02
1.618021674284883318e+02
1.621866824459833651e+02
1.620373832871465538e+02
1.619355036580996341e+02
1.621954706434490845e+02
1.620416128383631076e+02
1.619324333056634373e+02
1.622343322490454227e+02
1.619050944611060174e+02
1.618923262726689813e+02
1.619698019137504446e+02
1.620289366035989929e+02
1.619859377879467388e+02
1.621570346026893219e+02
1.623625110828018308e+02
1.619865411760442839e+02
1.620027742143369380e+02
1.622303657573635292e+02
1.622193018117458223e+02
1.621093300367230654e+02
1.621269604477913049e+02
1.619427959673373891e+02
1.619102996620679562e+02
1.621314108980949982e+02
1.620027550565136778e+02
1.617918139785998051e+02
1.621151520675424251e+02
1.619045490720206146e+02
1.618081121058753240e+02
1.622018399004345781e+02
1.619765782884470298e+02
1.619841525740600048e+02
1.620478684708319292e+02
1.618469738940287925e+02
1.619477711303104002e+02
1.620270444703957935e+02
1.618606678916782471e+02
1.620905099676167822e+02
1.620960386929226615e+02
